18	9	0
41	9	0
63	9	0
87	9	0
111	9	1
134	9	1
156	9	1
177	9	1
200	9	1
221	9	1
243	9	1
266	9	1
288	9	1
310	9	0
335	9	0
361	9	0
384	9	0
409	9	0
435	9	0
457	9	1
482	9	1
508	9	1
534	9	1
559	9	1
583	9	1
607	9	1
631	9	1
655	9	0
683	9	0
711	9	0
734	9	0
760	9	0
787	9	1
812	9	1
837	9	1
864	9	1
891	9	1
918	9	1
947	9	1
972	9	1
998	9	1
1024	9	0
18	27	0
41	27	0
63	27	0
87	27	0
111	27	1
134	27	0
156	27	0
177	27	1
200	27	1
221	27	1
243	27	1
266	27	1
288	27	1
310	27	0
335	27	0
361	27	0
384	27	0
409	27	0
435	27	0
457	27	0
482	27	0
508	27	0
534	27	1
559	27	1
583	27	1
607	27	1
631	27	1
655	27	1
682	28	0
711	27	0
734	27	0
760	27	0
787	27	0
812	27	0
837	27	1
864	27	1
891	27	1
918	27	1
947	27	1
972	27	1
998	27	1
1024	27	1
18	51	1
41	51	0
63	51	0
87	51	0
111	51	0
134	51	0
156	51	0
178	50	0
200	51	0
221	51	0
243	51	1
266	51	1
288	51	1
310	51	1
335	51	1
361	51	1
384	51	1
409	51	1
435	51	0
457	51	0
482	51	0
508	51	0
534	51	0
559	51	0
583	51	1
607	51	1
631	51	1
655	51	1
683	51	1
711	51	1
734	51	1
760	51	1
788	51	0
812	51	0
837	51	0
864	51	0
891	51	0
918	51	1
947	51	1
972	51	1
998	51	1
1024	51	1
18	69	1
41	69	1
63	69	1
87	69	0
111	69	0
134	69	0
156	69	0
177	69	0
200	69	0
221	69	0
244	71	0
264	72	0
291	72	0
311	79	1
335	76	1
361	69	1
384	69	1
409	69	1
435	69	1
457	69	0
482	69	0
508	69	1
534	69	0
559	69	0
583	69	0
607	69	0
631	69	0
655	69	1
683	69	1
711	69	1
734	69	1
760	69	1
787	69	1
812	69	1
837	69	1
864	69	1
891	69	0
918	69	0
947	69	0
972	69	1
998	69	1
1024	69	1
18	99	0
41	99	1
63	99	1
87	99	1
111	99	1
134	99	1
156	99	1
177	99	0
200	99	0
221	99	0
243	99	0
266	99	0
288	99	0
310	99	0
335	99	0
361	99	0
384	99	1
409	99	1
435	99	1
457	99	1
482	99	1
508	99	1
534	99	0
559	99	0
583	99	0
607	99	0
631	99	0
655	99	0
683	99	0
711	99	1
734	99	1
760	99	1
787	99	1
812	99	1
837	99	1
864	99	1
891	99	1
918	99	1
947	99	0
972	99	0
998	99	0
1024	99	0
18	126	0
41	126	1
63	126	1
87	126	1
111	126	1
134	126	1
156	126	1
177	126	0
200	126	0
221	126	0
243	126	0
266	126	0
288	126	0
310	126	0
335	126	0
361	126	0
384	126	0
409	126	1
435	126	1
457	126	1
482	126	1
508	126	1
534	126	1
559	126	1
583	126	1
607	126	0
631	126	0
655	126	0
683	126	0
711	126	1
734	126	1
760	126	1
787	126	1
812	126	1
837	126	1
864	126	1
891	126	1
918	126	1
947	126	1
972	125	0
998	126	0
1024	126	0
18	147	0
41	147	0
63	147	0
87	147	1
111	147	1
134	147	1
156	147	1
177	147	1
200	147	1
221	147	1
243	147	1
266	147	0
288	147	0
310	147	0
335	147	0
361	147	0
384	147	0
409	147	0
435	147	0
457	147	1
482	147	1
508	147	1
534	147	1
559	147	1
583	147	1
607	147	1
631	147	1
655	147	1
683	146	0
711	147	0
734	147	0
760	147	0
787	147	0
813	149	0
838	145	0
864	147	1
891	147	1
918	147	1
947	147	1
972	147	1
998	147	1
1024	147	1
18	164	0
41	164	0
63	164	0
87	164	1
111	164	1
134	164	1
156	162	1
177	164	1
200	164	1
221	164	1
243	164	1
266	164	1
288	164	1
310	164	1
335	164	1
361	164	0
384	164	0
409	164	0
435	164	0
457	164	0
482	164	0
508	164	0
534	164	1
559	164	1
583	164	1
607	164	1
631	164	1
655	164	1
683	164	1
711	164	1
734	164	0
760	164	0
787	164	0
812	164	0
837	164	0
864	164	0
891	163	0
918	164	1
947	164	1
972	164	1
998	164	1
1024	164	1
18	180	0
41	180	0
63	180	0
87	180	0
111	180	0
134	180	0
156	180	0
177	180	1
200	180	1
219	180	1
243	180	1
266	180	1
288	180	1
310	180	1
335	180	1
361	180	0
384	180	0
409	180	0
435	180	0
457	180	0
482	180	0
508	180	0
534	180	0
559	180	0
583	180	0
607	180	1
631	180	1
655	180	1
683	180	1
711	180	1
734	180	1
760	180	1
787	180	0
812	180	0
837	180	0
864	180	0
891	180	0
919	183	0
947	180	0
973	188	1
996	189	1
1026	189	1
18	207	1
41	207	1
63	207	1
87	207	0
111	207	0
134	207	0
156	207	0
177	207	0
200	207	0
221	207	0
243	207	0
266	207	0
288	207	0
310	207	1
335	207	1
361	207	1
384	207	1
409	207	1
435	207	1
457	207	1
482	207	0
508	207	0
534	207	0
559	207	0
583	207	0
607	207	0
631	207	0
655	207	1
683	207	1
711	207	1
734	207	1
760	207	1
787	207	1
812	207	1
837	207	1
864	207	0
891	207	0
918	207	0
947	207	0
971	207	0
999	207	0
1031	207	1
18	234	1
41	234	1
63	234	1
87	234	1
111	234	1
134	234	1
156	234	0
177	234	0
200	234	0
221	234	0
243	234	0
266	234	0
288	234	0
310	234	0
335	234	0
361	234	1
384	234	1
409	234	1
435	234	1
457	234	1
482	234	1
508	234	1
534	234	1
559	234	1
583	234	0
607	234	0
631	234	0
655	234	0
683	234	0
711	234	1
734	234	1
763	233	1
787	234	1
812	234	1
837	234	1
864	234	1
891	234	1
918	234	1
947	234	0
972	234	0
998	234	0
1024	234	0
18	261	0
41	261	0
63	261	0
87	261	0
111	261	1
134	261	1
156	261	1
177	261	1
200	261	1
221	261	1
243	261	1
266	261	1
288	261	0
310	261	0
335	261	0
361	261	0
384	261	0
409	261	0
435	261	1
457	261	1
482	261	1
508	261	1
534	261	1
559	261	1
583	261	1
607	261	1
631	261	1
655	261	0
683	261	0
711	261	0
734	261	0
760	261	0
787	261	1
812	261	1
837	261	1
864	261	1
891	261	1
918	261	1
947	261	1
972	261	1
998	261	1
1024	261	1
18	279	0
41	279	0
63	279	0
87	279	0
111	279	0
134	279	0
156	279	0
177	279	1
200	279	1
221	279	1
243	279	1
266	279	1
288	279	0
310	279	0
335	279	0
361	279	0
384	279	0
409	279	0
435	279	0
457	279	0
482	279	0
508	279	1
534	279	1
559	279	1
583	279	1
607	279	1
631	279	1
655	279	1
683	279	1
711	279	1
734	279	0
760	279	0
787	279	0
812	279	0
837	279	1
864	279	1
891	279	1
918	279	1
947	279	1
972	279	1
998	279	1
1024	279	1
18	300	0
41	300	0
63	300	0
87	300	0
111	300	0
134	300	0
156	300	0
178	301	0
200	300	0
221	300	0
243	300	1
266	300	1
288	300	1
310	300	1
335	300	1
361	300	0
384	300	0
409	300	0
435	300	0
457	300	0
482	300	0
508	300	0
534	300	0
559	300	0
583	300	1
607	300	1
631	300	1
655	300	1
683	300	1
711	300	1
734	300	1
760	300	1
787	300	1
812	300	0
837	300	0
864	300	0
891	300	1
918	300	1
951	296	1
972	300	1
998	300	1
1024	300	1
18	324	1
41	324	1
63	324	1
87	324	0
111	324	0
134	324	0
156	324	0
177	324	0
200	324	0
221	324	0
243	322	0
266	324	0
288	324	0
310	324	1
335	324	1
361	324	1
384	324	1
409	324	1
435	324	1
457	324	1
482	324	1
508	324	0
534	324	0
559	324	0
583	324	0
607	324	0
631	324	0
655	324	1
683	324	1
711	324	1
734	324	1
760	324	1
787	324	1
812	324	1
837	324	1
864	324	1
891	324	0
918	324	0
947	324	0
972	324	0
998	324	0
1024	324	0
18	347	1
41	347	1
63	347	1
87	347	1
111	347	1
134	347	1
156	347	1
177	347	1
200	347	0
221	347	0
243	347	0
266	347	0
288	347	0
310	347	0
335	347	0
361	347	1
384	347	1
409	347	1
435	347	1
457	347	1
482	347	1
508	347	1
534	347	1
559	347	0
583	347	0
607	347	0
631	347	0
655	347	0
683	347	0
711	347	1
734	347	1
760	347	1
787	347	1
812	347	1
837	347	1
864	347	1
891	347	1
918	347	1
946	348	0
972	347	0
998	347	0
1024	347	0
18	373	0
41	373	0
63	373	0
87	373	1
111	373	1
134	373	1
156	373	1
177	373	1
200	373	1
221	373	1
243	373	1
266	373	0
288	373	0
310	373	0
335	373	0
361	373	0
384	373	0
409	373	0
435	373	1
457	373	1
482	373	1
508	373	1
534	373	1
559	373	1
583	373	1
607	373	1
631	373	0
655	373	0
683	373	0
711	373	0
734	373	0
760	373	0
787	373	0
812	373	1
837	373	1
864	373	1
891	373	1
918	373	1
947	373	1
972	373	1
998	373	0
1024	373	0
18	393	0
41	393	0
63	393	0
87	393	1
111	393	1
132	392	1
156	393	1
177	393	1
200	393	1
221	393	1
243	393	1
266	393	1
288	393	0
310	393	0
335	393	0
361	393	0
384	393	0
409	393	0
435	393	0
457	393	0
482	393	1
508	393	1
534	393	1
559	393	1
583	393	1
607	393	1
631	393	1
655	393	1
683	393	1
711	393	0
734	393	0
760	393	0
787	393	0
812	393	1
837	393	1
864	393	1
891	393	1
918	393	1
947	393	1
972	393	1
998	393	1
1024	393	1
18	417	0
41	417	0
63	417	0
87	417	0
111	417	0
134	417	0
156	417	0
177	417	0
200	417	0
221	417	1
243	417	1
266	417	1
288	417	1
310	417	1
335	417	1
361	417	1
384	417	1
409	417	0
435	417	0
457	417	0
482	417	0
508	417	0
534	417	0
559	417	1
583	417	1
607	417	1
631	417	1
655	417	1
683	417	1
711	417	1
734	417	1
760	417	0
787	417	0
812	417	0
837	417	0
864	417	0
891	417	0
918	417	0
947	417	1
972	417	1
998	417	1
1024	417	1
18	439	1
41	439	1
63	439	0
87	439	0
111	439	0
134	439	0
156	439	0
177	439	0
200	439	0
221	439	0
243	439	0
266	439	0
288	439	1
310	439	1
335	439	1
361	439	1
384	439	1
409	439	1
435	439	1
457	439	0
482	439	0
508	439	0
534	439	0
559	439	0
583	439	0
607	439	0
631	439	1
655	439	1
683	439	1
711	439	1
734	439	1
760	439	1
787	439	1
812	439	1
837	439	0
864	439	0
891	439	0
918	439	0
951	437	0
972	439	0
998	439	0
1024	439	1
18	467	1
41	467	1
63	467	1
87	467	1
111	467	1
134	467	0
156	467	0
177	467	0
200	467	0
221	467	0
243	467	0
266	467	0
288	467	0
310	467	0
335	467	0
361	467	1
384	467	1
409	467	1
435	467	1
457	467	1
482	467	1
508	467	1
534	467	1
559	467	0
583	467	0
607	467	0
631	467	0
655	467	0
683	467	0
711	467	0
734	467	0
760	467	1
787	467	1
812	467	1
837	467	1
864	467	1
891	467	1
918	467	1
947	467	1
971	464	0
998	467	0
1024	467	0
18	484	0
41	486	0
63	486	0
87	486	1
111	486	1
134	486	1
156	486	1
177	486	1
200	486	1
221	486	1
243	486	1
266	486	0
288	486	0
310	486	0
335	486	0
361	486	0
384	486	0
409	486	0
435	486	1
457	486	1
482	486	1
508	486	1
534	486	1
559	486	1
583	486	1
607	486	1
631	486	0
655	486	0
683	486	0
711	486	0
734	486	0
760	486	1
789	484	1
812	486	1
837	486	1
864	486	1
891	486	1
918	486	1
947	486	1
972	486	1
999	487	0
1024	486	0
18	504	0
41	504	0
63	504	0
87	504	1
111	504	1
134	504	1
156	504	1
177	504	1
200	504	1
221	504	1
243	504	1
266	504	1
288	504	0
310	504	0
335	504	0
361	504	0
384	504	0
409	504	0
435	504	0
457	504	0
482	504	0
508	504	1
534	504	1
559	504	1
583	504	1
607	504	1
631	504	1
655	504	1
683	504	0
711	504	0
734	504	0
760	504	0
787	504	0
812	504	1
837	504	1
864	504	1
891	504	1
918	504	1
947	504	1
972	504	1
998	504	1
1024	504	1
18	527	0
41	527	0
63	527	0
87	527	0
111	527	0
134	527	0
156	527	1
177	527	1
202	524	1
221	527	1
243	527	1
266	527	1
288	527	1
310	527	1
335	527	0
361	527	0
384	527	0
409	527	0
435	527	0
457	527	0
482	527	0
508	527	0
534	527	0
559	527	1
583	527	1
607	527	1
631	527	1
655	527	1
683	527	1
711	527	1
734	527	1
760	527	0
787	527	0
812	527	0
837	527	0
864	527	0
891	527	1
918	527	1
947	527	1
972	527	1
998	527	1
1024	527	1
14	551	1
35	552	1
63	550	0
87	550	0
111	550	0
134	550	0
156	550	0
177	550	0
200	550	0
223	550	0
243	550	0
266	550	0
288	550	1
310	550	1
335	550	1
361	550	1
384	550	1
409	550	0
435	550	0
457	550	0
482	550	0
508	550	0
534	550	0
559	550	0
583	550	0
607	550	1
631	550	1
655	550	1
683	550	1
711	550	1
734	550	1
760	550	1
787	550	1
812	550	0
837	550	0
864	550	0
891	550	0
918	550	0
947	550	0
972	550	0
998	550	1
1024	550	1
18	573	1
41	573	1
63	573	1
87	573	1
111	573	1
134	573	0
156	573	0
177	573	0
200	573	0
221	573	0
243	573	0
266	573	0
288	573	0
310	573	0
335	573	0
361	573	1
384	573	1
409	573	1
435	573	1
457	573	1
484	571	0
506	571	0
534	573	0
559	573	0
583	573	0
607	573	0
631	573	0
655	573	0
683	573	1
711	573	1
734	573	1
760	573	1
787	573	1
812	573	1
837	573	1
864	573	1
891	573	0
918	573	0
947	573	0
972	573	0
998	573	0
1024	573	0
18	595	1
41	595	1
65	596	1
87	595	1
111	595	1
134	595	1
156	595	1
177	595	1
200	595	0
221	595	0
243	595	0
266	595	0
288	595	0
310	595	0
335	595	0
361	595	0
384	595	0
409	595	1
435	595	1
457	595	1
482	595	1
508	595	1
534	595	1
559	595	0
583	595	0
607	595	0
631	595	0
655	595	0
683	595	0
711	595	0
734	595	1
760	595	1
787	595	1
812	595	1
837	595	1
864	595	1
891	595	1
918	595	1
947	595	1
972	595	0
998	595	0
1024	595	0
18	618	0
41	618	0
63	618	1
87	618	1
111	616	1
134	618	1
156	618	1
177	618	1
200	618	1
221	618	1
243	618	1
266	618	0
288	618	0
310	618	0
335	618	0
361	618	0
384	618	0
409	618	0
435	618	0
457	618	0
482	618	1
508	618	1
534	618	1
559	618	1
583	618	1
607	618	1
631	616	0
655	618	0
683	618	0
711	618	0
734	618	0
760	618	0
787	618	0
812	618	1
837	618	1
867	617	1
891	618	1
918	618	1
947	618	1
972	618	1
998	618	1
1024	618	1
18	640	0
41	640	0
63	640	0
87	640	0
111	640	0
134	640	1
156	640	1
178	640	1
200	640	1
221	640	1
243	640	1
266	640	1
288	640	1
310	640	1
335	640	0
361	640	0
384	640	0
409	640	0
435	640	0
457	640	0
482	640	0
508	640	0
534	640	0
559	640	1
583	640	1
607	640	1
631	640	1
655	640	1
683	640	1
709	639	0
734	640	0
760	640	0
787	640	0
812	640	0
837	640	0
864	640	0
891	640	1
919	637	1
947	640	1
972	640	1
998	640	1
1024	640	1
11	667	1
41	666	0
63	666	0
87	666	0
111	666	0
134	666	0
156	666	0
177	666	0
200	666	0
221	666	0
243	666	0
266	666	1
288	666	1
310	666	1
335	666	1
361	666	1
384	666	1
409	666	0
435	666	0
457	666	0
482	666	0
508	666	0
534	666	0
559	666	0
583	666	0
607	666	1
631	666	1
655	666	1
683	666	1
711	666	1
734	666	1
760	666	1
787	666	1
812	666	0
837	666	0
864	666	0
891	666	0
918	666	0
947	666	0
972	666	0
998	666	1
1024	666	1
16	686	0
41	685	0
63	685	0
87	685	0
111	685	0
134	685	0
156	685	0
177	685	0
200	685	0
221	685	0
243	685	0
266	685	1
288	685	1
310	685	1
335	685	1
361	685	1
384	685	1
409	685	1
435	685	1
457	685	0
482	685	0
508	685	0
534	685	0
559	685	0
583	685	0
607	685	0
633	686	0
655	685	1
683	685	1
711	685	1
734	685	1
760	685	1
787	685	1
812	685	0
837	685	0
864	685	0
891	685	0
918	685	0
947	685	0
972	685	0
998	685	1
1024	685	1
