8	9	0
39	9	1
52	9	1
78	9	1
129	9	1
150	9	1
190	9	0
212	9	0
235	9	1
255	9	1
278	9	0
299	9	0
323	9	0
340	9	0
367	9	0
385	9	1
424	9	1
449	9	1
483	9	1
515	9	1
535	9	0
554	9	0
585	9	0
613	9	0
645	9	1
677	9	1
698	9	1
716	9	1
740	9	1
767	9	1
796	9	1
821	9	1
847	9	1
860	9	0
885	9	0
906	9	0
918	9	0
944	9	0
972	9	1
986	9	1
1027	9	1
8	25	1
39	25	0
52	25	0
78	25	0
129	25	1
150	25	1
190	25	1
212	25	1
235	25	1
255	25	1
278	25	0
299	25	0
323	25	0
340	25	0
367	25	0
385	25	1
424	25	1
449	25	1
489	39	1
521	43	1
539	41	1
559	38	1
584	35	1
614	37	1
645	25	0
677	25	0
698	25	0
716	25	1
740	25	1
767	25	1
796	25	1
821	25	1
847	25	1
860	25	1
885	25	0
906	25	0
918	25	0
944	25	0
972	25	1
986	25	1
1027	25	1
8	63	1
39	63	1
52	63	1
78	63	1
117	63	1
150	63	0
190	63	0
212	63	1
235	63	1
255	63	1
278	63	1
299	63	1
323	63	1
340	63	1
367	63	1
390	57	0
423	56	0
449	50	0
459	87	1
516	70	0
539	74	0
555	73	0
585	63	1
613	63	1
645	63	1
677	63	1
698	63	1
716	63	1
740	63	0
767	63	0
796	63	1
821	63	1
847	63	1
860	63	1
885	63	1
906	63	1
918	63	1
948	62	1
971	56	1
1008	49	0
1028	48	0
8	99	0
39	99	0
52	99	0
95	99	1
129	99	1
150	99	1
190	99	1
212	99	1
235	99	1
255	99	0
276	101	0
298	99	0
323	99	0
342	90	1
369	89	1
392	90	1
427	89	1
454	110	1
487	106	1
522	108	1
540	108	1
560	103	1
594	100	0
613	99	0
644	95	0
671	105	0
698	99	1
716	99	1
740	99	1
767	99	1
796	99	1
821	99	1
847	99	1
860	99	0
885	99	0
906	99	0
918	99	0
947	88	1
969	89	1
992	85	1
1015	83	1
8	130	1
39	130	1
52	130	1
78	130	1
129	130	0
150	130	0
190	130	1
212	130	1
235	130	1
255	130	1
278	130	1
299	130	1
323	130	1
340	130	1
366	126	0
385	130	0
424	130	0
449	130	0
483	130	0
515	130	0
535	130	0
554	130	0
585	130	1
613	130	1
645	130	1
677	130	1
698	130	1
716	130	0
740	130	0
767	130	0
796	130	0
821	130	1
847	130	1
860	130	1
885	130	1
906	130	1
918	130	1
944	130	1
972	130	0
986	130	0
1027	130	0
8	162	0
39	162	0
52	162	0
87	162	1
129	162	1
150	162	1
190	162	1
212	162	1
235	162	0
255	162	0
278	162	0
310	153	1
330	157	1
345	154	1
368	154	1
393	156	1
423	156	1
449	162	1
486	159	0
515	156	0
538	158	0
554	162	0
585	162	0
613	162	0
645	162	0
677	162	1
698	162	1
716	162	1
740	162	1
767	162	1
796	162	1
821	162	0
847	162	0
860	162	1
885	162	0
906	162	0
918	162	1
944	162	1
972	162	1
986	162	1
1027	162	1
8	202	1
39	202	1
52	202	1
94	204	0
129	202	0
150	202	0
190	202	1
212	202	1
235	202	1
255	202	1
278	202	1
299	202	1
323	202	0
340	202	0
367	202	0
388	202	0
427	186	1
453	187	1
482	190	1
510	186	1
535	202	1
554	202	1
585	202	1
613	202	1
645	202	1
677	202	1
698	202	0
716	202	0
740	202	0
767	202	1
796	202	1
821	202	1
847	202	1
860	202	1
885	202	1
906	202	1
918	202	1
944	202	0
972	202	0
986	202	0
1027	202	1
8	233	0
39	233	1
52	233	1
78	233	1
129	233	1
150	233	1
190	233	0
212	233	0
235	233	0
255	233	0
278	233	1
299	233	1
323	233	1
340	233	1
367	233	1
385	233	1
424	233	1
449	233	1
483	233	1
515	233	1
535	233	0
554	233	0
585	233	0
610	234	0
645	233	1
677	233	1
698	233	1
716	233	1
740	233	1
767	233	1
796	233	1
821	233	0
847	233	0
860	233	0
885	233	1
906	233	1
918	233	1
944	233	1
972	233	1
986	233	1
1027	233	1
8	276	1
39	276	1
52	276	1
78	276	0
129	276	0
150	276	1
190	276	1
212	276	1
235	276	1
255	276	1
278	276	1
307	269	0
330	263	0
342	263	0
366	262	0
393	255	1
420	258	1
446	258	1
476	259	1
508	256	1
534	254	1
557	252	0
582	253	0
610	256	0
639	251	0
670	262	0
696	260	0
717	266	0
740	276	1
767	276	1
796	276	1
821	276	1
847	276	1
860	276	1
885	276	1
908	268	0
922	266	0
946	266	0
970	265	0
995	264	1
1027	265	1
8	310	1
39	310	1
52	310	1
78	310	1
129	310	1
150	310	1
190	310	0
212	310	0
235	310	0
255	310	0
278	310	1
304	305	1
327	303	1
346	302	1
368	301	1
385	302	1
425	297	0
451	290	0
479	294	0
512	286	1
538	286	1
559	289	1
586	286	1
615	281	1
638	277	1
667	277	0
695	282	0
711	280	0
726	280	0
767	310	0
796	310	0
824	310	0
847	310	1
866	301	1
886	300	1
906	303	1
926	305	1
943	296	1
972	295	1
990	297	1
1020	292	0
10	350	0
39	350	0
52	350	0
78	350	0
129	350	1
150	350	1
190	350	1
212	350	1
235	350	1
255	350	1
278	350	1
299	350	0
323	350	0
340	350	0
367	350	0
388	339	1
418	339	1
455	339	1
482	338	1
516	334	0
541	335	0
565	333	0
587	332	0
621	321	1
646	322	1
675	319	1
706	314	1
736	311	1
740	350	1
767	350	1
796	350	1
821	350	1
847	350	1
860	350	1
885	350	0
906	350	0
918	350	0
944	350	0
973	336	1
996	334	1
1021	333	1
8	392	1
33	390	0
53	389	0
80	389	0
129	392	0
150	392	0
190	392	0
212	392	0
235	392	1
255	392	1
278	392	1
299	392	1
323	392	1
340	392	1
367	392	1
387	393	0
424	392	0
449	392	0
477	376	1
506	374	1
531	374	1
558	374	1
585	369	1
614	370	0
643	371	0
672	370	0
698	372	0
720	374	0
740	392	0
767	392	0
796	392	0
821	392	1
847	392	1
860	392	1
885	392	1
906	392	1
920	392	1
944	385	1
965	381	1
978	382	1
1025	380	0
8	417	1
39	417	1
52	417	1
78	417	1
129	417	1
150	417	0
190	417	0
212	417	0
235	417	0
255	417	0
278	417	0
299	417	0
323	417	0
340	421	1
370	423	1
391	420	1
424	421	1
451	422	1
482	425	1
515	417	0
535	417	0
554	417	0
587	410	1
619	411	1
643	412	1
678	410	1
697	409	1
719	408	1
740	417	0
767	417	0
794	415	0
822	415	0
847	417	0
860	417	0
885	417	0
906	417	0
918	417	0
944	417	1
972	417	1
986	417	1
1027	417	1
7	450	0
39	450	1
52	452	0
78	452	0
129	452	1
150	452	1
190	452	1
212	452	1
235	452	1
255	452	0
278	452	0
301	448	0
326	450	0
340	452	0
367	452	0
385	452	0
424	452	0
449	452	1
483	452	1
515	452	1
535	452	1
554	452	1
585	452	1
613	452	0
645	452	0
677	452	0
700	442	1
721	441	1
741	450	1
767	452	1
796	452	1
821	452	1
847	452	1
860	452	0
885	451	0
906	452	0
918	452	0
944	452	0
972	452	0
986	452	0
1027	452	0
8	483	0
39	483	0
52	483	0
78	483	0
129	483	0
150	483	0
190	483	0
212	483	1
235	483	1
255	483	1
278	483	1
299	483	1
323	483	1
340	483	1
367	483	0
385	483	0
424	483	0
449	483	0
483	492	0
514	492	0
534	496	0
562	494	1
591	494	1
618	492	1
645	494	1
677	492	1
706	494	0
723	492	0
749	490	0
769	492	0
800	482	1
821	483	1
847	483	1
860	483	1
885	483	1
906	483	1
918	483	1
944	483	0
974	481	0
986	483	0
1027	483	0
10	517	1
35	517	1
62	512	1
98	513	1
132	516	0
161	519	0
190	526	0
212	526	0
235	526	0
255	526	0
278	526	0
299	526	0
323	526	1
340	526	1
367	526	1
385	526	1
424	526	1
449	526	1
483	526	0
515	526	0
535	526	0
560	524	0
593	522	0
613	526	0
645	530	0
677	526	1
698	526	1
716	526	1
740	526	1
767	526	1
796	526	0
821	526	0
847	526	0
860	526	0
885	526	0
906	526	0
923	514	1
940	516	1
967	514	1
990	514	1
1018	517	1
8	566	0
39	566	0
52	566	0
102	550	1
129	555	1
150	554	1
180	558	1
203	560	1
235	566	0
255	566	0
278	566	0
299	566	0
322	566	0
340	566	0
367	567	0
385	566	0
424	566	1
449	566	1
483	566	1
515	566	1
535	566	1
554	566	1
585	566	1
613	566	0
645	566	0
678	552	1
705	550	1
726	550	1
750	552	1
781	551	1
802	550	1
826	550	0
850	551	0
868	550	0
890	550	0
905	555	0
926	557	0
945	562	0
972	566	0
986	566	0
1026	558	1
8	590	0
39	590	0
52	590	0
78	590	0
129	590	0
150	590	0
190	590	1
212	590	1
235	590	1
255	590	1
278	590	1
299	590	1
323	590	1
340	590	1
367	590	1
385	590	0
424	590	0
449	590	1
483	590	1
515	590	1
535	590	0
554	590	0
585	590	0
613	590	0
645	590	0
677	590	0
698	590	0
716	590	0
740	590	0
767	590	1
796	590	1
821	590	1
847	590	1
860	590	1
885	590	1
906	590	1
918	590	1
944	590	0
972	590	0
986	590	0
1027	590	0
8	622	0
39	622	0
52	622	0
78	622	0
129	622	0
150	622	0
190	622	0
212	622	0
235	622	0
255	622	1
278	622	1
299	622	1
323	622	1
340	622	1
367	622	1
385	622	1
424	622	1
449	622	1
483	622	1
515	622	0
535	622	0
554	622	0
585	622	0
613	622	0
645	622	0
677	622	0
698	622	0
716	622	0
740	622	0
767	622	0
796	622	0
819	619	0
847	622	0
860	622	1
885	622	1
906	622	1
918	622	1
944	622	1
972	622	1
986	622	1
1027	622	1
5	651	1
37	650	0
58	650	0
78	649	0
129	649	0
150	649	0
190	649	0
212	649	0
235	649	0
255	649	0
278	649	0
299	649	0
324	653	0
340	649	1
367	649	1
385	649	1
424	649	1
449	649	1
483	649	1
515	649	1
535	649	1
554	649	1
585	649	1
613	649	0
645	649	0
677	649	0
698	649	0
716	649	0
740	649	0
767	649	0
796	649	0
821	649	0
847	649	0
860	649	0
890	649	0
903	646	0
918	649	0
946	648	0
972	649	0
986	649	0
1027	649	0
8	682	1
39	682	1
52	682	1
78	682	1
129	682	0
150	682	0
190	682	0
212	682	0
235	682	0
255	682	0
278	682	0
299	682	0
323	682	0
340	682	0
367	682	0
389	683	0
424	682	0
446	686	0
483	682	1
515	682	1
535	682	1
554	682	1
585	682	1
613	682	1
645	682	1
677	682	1
698	682	1
716	682	0
740	682	0
767	682	0
796	682	0
821	682	0
847	682	0
860	682	0
885	682	0
906	682	0
918	682	0
944	682	0
972	680	0
986	682	0
1027	682	0
