4	10	1
24	10	1
48	11	0
71	8	0
96	10	0
118	7	0
146	10	1
170	10	0
194	10	0
217	10	0
240	10	0
264	10	0
286	18	1
301	10	1
327	11	1
350	10	0
377	10	0
404	10	0
426	8	0
448	10	0
470	10	0
494	10	0
516	10	0
539	10	0
564	10	0
587	10	0
608	10	0
624	10	0
648	10	0
673	10	0
696	10	0
720	10	0
744	10	0
769	10	0
793	10	0
817	10	0
840	10	0
864	10	0
888	10	0
911	10	1
934	10	1
959	10	0
983	10	0
1004	10	1
1029	10	1
4	32	1
24	32	1
46	32	1
72	32	1
97	32	1
122	32	1
146	32	0
170	32	0
194	32	0
217	32	0
240	32	0
264	32	0
284	32	0
301	32	0
326	32	0
350	32	0
377	32	0
401	32	1
424	32	1
446	32	1
470	32	0
494	32	0
516	32	0
539	32	0
564	32	0
587	32	0
608	32	0
624	32	0
648	32	0
673	32	0
696	32	0
720	32	0
744	32	0
769	32	0
793	32	0
817	32	0
840	32	0
864	32	0
888	32	0
911	32	0
934	32	0
959	32	0
983	32	0
1004	32	0
1029	32	0
4	57	1
24	57	1
46	57	1
72	57	1
97	57	1
122	57	1
146	57	0
170	57	0
194	57	0
217	57	0
240	57	0
264	57	0
284	57	0
301	57	0
326	57	0
350	57	0
377	57	0
401	57	0
424	57	0
446	57	0
470	57	0
494	57	0
516	57	1
539	57	1
564	57	0
587	57	0
608	57	0
624	57	0
648	56	0
673	57	0
696	57	0
720	57	0
744	57	0
769	57	0
793	57	0
817	57	0
840	57	0
864	57	0
888	57	0
911	57	0
934	57	0
959	57	0
983	57	0
1004	57	0
1029	57	0
4	82	0
24	82	0
46	82	1
72	82	1
97	82	1
122	82	1
146	82	0
170	82	0
194	82	0
217	82	0
240	82	0
264	82	0
284	82	0
301	82	0
326	82	0
350	82	0
377	82	0
401	82	0
424	82	0
446	82	0
470	82	0
494	82	0
516	82	0
539	82	0
564	82	0
587	82	0
608	82	0
624	82	1
650	76	1
673	82	0
696	82	0
720	82	0
742	82	0
767	78	0
792	78	0
817	80	0
840	82	0
864	82	0
888	82	0
911	82	0
934	82	0
959	82	0
983	82	0
1004	82	0
1029	82	0
4	116	0
24	116	0
46	116	1
72	116	1
97	116	0
122	116	1
146	116	1
170	116	1
194	116	1
217	116	0
240	116	0
264	116	0
284	116	0
301	116	0
326	116	0
350	116	0
377	116	0
401	116	0
424	116	0
446	116	0
470	116	0
494	116	0
516	116	0
539	116	0
564	116	0
587	116	0
608	116	0
624	116	0
648	116	0
673	116	0
696	116	0
720	116	0
741	110	1
764	106	1
788	98	1
817	101	0
838	100	0
863	101	0
885	98	0
914	98	0
932	98	0
960	103	0
986	105	0
1000	106	0
1024	103	0
4	140	0
24	140	0
46	140	0
72	140	0
97	140	0
122	140	0
147	146	0
170	140	0
194	140	0
217	140	0
240	140	1
264	140	1
284	140	1
301	140	1
326	140	0
350	140	0
377	140	0
401	140	0
424	140	0
446	140	0
470	140	0
494	140	0
516	140	0
539	140	0
564	140	0
587	140	0
608	140	0
624	140	0
648	140	0
673	140	0
696	140	0
720	140	0
744	140	0
769	140	0
793	140	0
817	140	0
849	133	1
865	119	1
887	118	1
906	116	1
934	118	0
953	121	0
976	123	0
1000	125	0
1024	122	0
4	168	0
24	168	0
46	168	0
72	168	0
97	168	0
122	168	0
146	168	0
170	168	0
194	168	0
217	168	0
244	170	1
264	168	0
284	168	0
301	168	0
326	168	0
350	168	1
377	168	1
401	168	1
424	168	1
446	168	0
470	168	0
494	168	0
516	168	1
539	168	1
564	168	0
587	168	0
608	168	0
624	168	0
648	168	0
673	168	0
696	168	0
720	168	0
744	168	0
769	168	0
793	168	0
817	168	0
840	168	0
864	168	0
888	168	0
911	168	0
934	168	0
959	168	1
978	161	1
1001	155	1
1024	148	1
8	190	0
24	191	0
46	191	0
72	191	0
97	191	0
122	191	0
146	191	0
170	191	0
194	191	0
217	191	0
240	191	0
264	191	0
284	191	0
301	191	0
326	191	0
350	191	0
377	191	0
401	191	0
424	191	0
446	191	0
470	191	1
494	191	1
516	191	1
539	191	1
564	191	0
587	191	0
608	191	0
624	191	0
648	191	0
673	191	0
696	191	0
720	191	0
744	191	0
769	191	0
793	191	0
817	191	0
840	191	0
864	191	0
888	191	0
911	191	0
934	191	0
959	191	0
983	191	0
1004	191	0
1029	191	0
4	223	1
24	223	1
46	223	1
72	223	0
97	223	0
122	223	0
146	223	0
170	223	0
194	223	0
217	223	0
240	223	0
264	223	0
284	223	0
301	223	0
326	223	0
350	223	0
377	223	0
401	223	0
424	223	0
446	223	0
470	223	0
494	223	0
516	223	0
539	223	0
564	223	1
587	223	1
608	223	1
624	223	1
648	223	0
673	223	0
696	223	0
720	223	1
744	223	1
769	223	0
793	223	0
817	223	0
840	223	0
864	223	0
888	223	0
911	223	0
934	223	0
959	223	0
983	223	0
1004	223	0
1029	223	0
4	242	0
24	242	0
46	242	0
72	242	0
97	242	0
122	242	1
146	242	0
170	242	0
194	242	0
217	242	0
240	242	0
264	242	0
284	242	0
301	242	0
326	242	0
350	242	0
377	242	0
401	242	0
424	242	0
446	242	0
470	242	0
494	242	0
516	242	0
539	242	0
564	242	1
587	242	1
608	242	0
624	242	0
648	242	0
673	242	0
696	242	1
720	242	1
744	242	1
769	242	0
793	242	0
817	242	0
840	242	1
864	242	1
888	242	0
911	242	0
934	242	0
959	242	0
983	242	0
1004	242	0
1029	242	0
4	266	0
21	265	0
49	267	0
68	267	0
98	268	0
127	270	0
146	271	0
165	271	0
192	278	0
216	278	1
242	270	1
264	257	1
284	257	0
301	257	0
326	257	0
350	257	0
377	257	0
401	257	0
424	257	0
446	257	0
470	257	0
494	257	0
516	257	0
539	257	0
564	257	0
587	257	0
608	257	0
624	257	0
648	257	0
673	257	0
696	257	0
720	257	1
744	257	1
769	257	0
793	257	0
817	257	1
840	257	1
864	257	1
888	257	0
911	257	0
934	257	0
959	257	0
983	257	0
1004	257	0
1029	257	0
4	289	0
24	289	0
46	289	0
72	289	0
97	289	0
122	289	0
145	297	0
172	296	0
195	298	0
212	300	0
239	298	0
264	294	0
284	294	0
304	294	0
328	302	1
349	297	1
377	289	0
401	289	0
424	289	0
446	289	0
470	289	0
494	289	0
516	289	0
539	289	0
564	289	0
587	289	0
608	289	0
624	289	0
648	289	0
673	289	0
696	289	0
720	289	0
744	289	0
769	289	0
793	289	0
817	289	0
840	289	0
864	289	0
888	289	0
911	289	0
934	289	1
959	289	1
983	289	1
1004	289	1
1029	289	0
4	326	0
24	326	0
46	326	0
72	326	0
97	326	0
122	326	0
146	326	0
170	326	0
194	326	0
217	326	0
240	326	0
264	326	0
284	326	0
301	326	0
326	326	0
350	326	0
377	326	0
401	326	0
424	326	1
446	326	1
470	326	1
494	326	1
516	326	0
539	326	0
566	326	0
591	325	0
610	324	0
624	326	0
648	326	0
673	326	0
696	326	0
720	326	0
744	326	0
769	326	0
793	326	0
817	326	0
840	326	0
864	326	0
888	326	0
911	326	0
934	326	0
959	326	0
983	326	0
1004	326	1
1029	326	1
4	354	0
24	354	0
46	353	0
70	354	0
96	351	0
118	352	0
146	354	0
170	354	0
194	354	0
217	354	0
240	354	0
264	354	0
284	354	0
301	354	0
326	354	0
350	354	0
377	354	0
401	354	0
424	354	0
446	354	0
470	354	0
494	354	0
516	354	0
539	354	0
564	354	1
587	354	1
608	354	1
624	354	0
648	354	0
673	354	0
696	354	0
720	354	0
744	354	0
769	354	0
793	354	0
817	354	0
840	354	0
864	354	0
888	354	0
911	354	0
934	354	0
959	354	0
983	354	0
1004	354	0
1029	354	1
4	379	0
24	379	0
46	379	1
72	379	1
97	379	1
122	379	1
146	379	0
170	379	0
194	379	0
217	379	0
240	379	0
264	379	0
284	379	0
301	379	0
326	379	0
350	379	0
377	379	0
401	379	0
424	379	0
446	379	0
470	379	0
494	379	0
516	379	0
539	379	0
562	378	0
586	380	0
608	377	0
624	379	0
648	379	0
673	379	1
696	379	1
720	379	0
744	379	0
769	379	0
793	379	0
819	380	0
840	379	0
864	379	0
888	379	0
911	379	0
934	379	0
959	379	0
983	379	0
1004	379	0
1029	379	0
4	407	0
24	407	0
46	407	0
72	407	0
97	407	0
122	407	0
146	407	0
170	407	1
194	407	1
217	407	1
240	407	0
264	407	0
284	407	0
301	407	0
326	407	0
350	407	0
377	407	0
401	407	0
424	407	0
446	407	0
470	407	0
494	407	0
516	407	0
539	407	0
564	407	0
587	407	0
608	407	0
624	407	0
648	407	0
673	407	0
696	407	0
720	407	0
744	407	0
769	407	0
793	407	1
817	407	1
840	407	0
864	407	0
888	407	0
911	407	0
932	405	0
959	406	0
982	403	0
1004	403	0
1024	403	0
4	439	0
24	439	0
46	439	0
72	439	0
97	439	0
122	439	0
146	439	0
170	439	0
194	439	0
217	439	0
240	439	0
264	439	0
284	439	1
301	439	1
326	439	1
350	439	1
377	439	0
401	439	0
424	439	0
446	439	0
470	439	0
494	439	0
516	439	0
539	439	0
564	439	0
587	439	0
608	439	0
624	439	0
648	439	0
673	439	0
696	439	0
720	439	0
744	439	0
769	439	0
793	439	0
817	439	0
840	439	0
864	439	0
888	439	0
911	439	1
934	439	1
958	433	1
986	434	1
1006	432	1
1026	431	1
4	466	0
24	466	0
46	466	0
72	466	0
97	466	0
122	466	0
146	466	0
170	466	0
194	466	0
217	466	0
240	466	0
264	466	0
284	466	0
301	466	0
326	466	0
350	466	0
377	466	0
401	466	1
424	466	1
446	466	1
470	466	1
494	466	0
516	466	0
539	466	0
564	466	0
587	466	0
608	466	0
624	466	0
648	466	0
673	466	0
696	466	0
720	466	0
744	466	0
769	466	0
793	466	0
817	466	0
840	466	0
864	466	0
888	466	0
911	466	0
934	466	0
959	466	0
983	466	1
1004	466	1
1029	466	1
4	494	0
24	494	0
48	490	0
72	494	0
97	494	0
122	494	0
146	494	0
170	494	0
194	494	0
217	494	0
240	494	0
264	494	0
284	494	0
301	494	0
326	494	0
350	494	0
377	494	0
401	494	0
424	494	0
446	494	0
470	494	0
494	494	0
516	494	1
539	494	1
564	494	1
587	494	0
608	494	0
624	494	0
647	493	0
672	491	0
696	494	0
720	494	0
744	494	0
772	498	0
793	494	0
817	494	0
840	494	0
864	494	0
888	494	0
911	494	0
934	494	0
959	494	0
983	494	0
1004	494	0
1029	494	1
4	517	0
23	518	0
46	517	1
72	517	0
97	517	0
122	517	0
146	517	0
170	514	0
194	517	0
217	517	0
240	517	0
264	517	0
284	517	0
301	517	0
326	517	0
350	517	0
377	517	0
401	517	0
424	517	0
446	517	0
470	517	0
494	517	0
520	518	0
539	517	0
564	517	0
587	517	0
608	517	0
632	515	1
648	517	1
669	511	1
696	517	0
720	517	0
743	517	0
764	514	0
797	514	0
817	517	0
840	517	0
864	517	0
888	517	0
911	517	0
934	517	0
959	517	0
983	517	0
1004	517	0
1029	517	0
4	538	0
24	538	0
46	538	0
72	538	0
97	538	0
124	546	1
146	538	1
170	538	1
194	538	1
217	538	0
240	538	0
264	538	0
284	538	0
301	538	0
326	538	0
350	538	0
377	538	0
401	538	0
424	538	0
446	538	0
470	538	0
494	538	0
516	538	0
539	538	0
564	538	0
587	538	0
608	538	0
624	538	0
648	538	0
673	538	0
696	538	0
720	538	0
744	538	1
769	538	1
793	538	1
817	538	1
840	538	0
864	538	0
892	536	0
911	538	0
934	538	0
959	538	0
983	538	0
1004	538	0
1029	538	0
4	570	0
24	570	0
46	570	0
72	570	0
97	570	0
122	570	0
146	570	0
170	570	0
194	570	0
217	570	0
240	570	1
264	570	1
284	570	1
301	570	1
326	570	0
350	570	0
377	570	0
401	570	0
424	570	0
446	570	0
470	570	0
494	570	0
516	570	0
539	570	0
564	570	0
587	570	0
608	570	0
624	570	0
648	570	0
673	570	0
696	570	0
720	570	0
744	570	0
769	570	0
793	570	0
817	570	0
840	570	0
864	570	1
888	570	1
911	570	1
934	570	1
959	570	1
983	570	1
1004	570	1
1029	570	1
4	596	0
24	596	0
46	596	0
72	596	0
97	596	0
122	596	0
146	596	0
170	596	0
194	596	0
217	596	0
240	596	0
264	596	0
284	596	0
301	596	0
326	596	0
350	596	1
377	596	1
401	596	1
424	596	1
446	596	0
470	596	0
494	596	0
516	596	0
539	596	0
564	596	0
587	596	0
608	596	0
624	596	0
648	596	0
673	596	0
696	596	0
720	596	0
744	596	0
769	596	0
793	596	0
817	596	0
840	596	0
864	596	0
888	596	0
911	596	0
934	596	1
959	596	1
983	596	1
1004	596	1
1029	596	1
4	622	0
24	622	0
46	622	0
72	622	0
97	622	0
122	622	0
146	622	0
170	622	0
194	622	0
217	622	0
240	622	0
264	622	0
284	622	0
301	622	0
326	622	0
350	622	0
377	626	0
401	626	0
424	623	0
446	622	0
475	629	1
494	622	1
516	622	1
538	617	1
564	622	0
587	622	0
610	622	0
624	622	0
648	622	0
673	622	0
696	622	0
720	622	0
744	622	0
769	622	0
793	622	0
817	622	0
840	622	0
864	622	0
888	622	0
911	622	0
934	622	0
959	622	0
983	622	1
1004	622	1
1029	622	1
5	653	1
28	652	1
45	658	0
72	662	0
97	662	0
123	660	0
148	660	0
170	658	0
194	662	0
217	662	0
240	662	0
264	662	0
284	662	0
301	662	0
326	662	0
350	662	0
377	662	0
401	662	0
424	662	0
446	662	0
470	662	0
494	662	0
516	662	0
539	662	0
564	662	0
587	662	1
608	662	1
624	662	1
648	662	0
673	662	0
696	662	0
720	662	0
744	662	0
769	662	0
793	662	0
817	662	0
840	662	0
864	662	0
888	662	0
911	662	0
934	662	0
959	662	0
983	662	0
1004	662	0
1029	662	0
4	684	0
24	684	0
46	684	0
72	684	0
97	684	1
122	684	1
146	684	1
170	684	1
194	684	0
215	685	0
235	685	0
259	684	0
284	684	0
301	684	0
326	684	0
350	684	0
377	684	0
401	684	0
424	684	0
446	684	0
470	684	0
494	684	0
516	684	0
539	684	0
564	684	0
587	684	0
607	686	0
630	685	0
648	684	0
673	684	0
696	684	0
720	684	1
744	684	1
769	684	0
793	684	0
817	684	0
840	684	1
864	684	1
888	684	1
911	684	1
934	684	1
959	684	1
983	684	1
1004	684	0
1029	684	0
