5	10	0
27	10	0
50	10	0
74	10	0
99	10	0
123	10	0
146	10	0
171	10	0
196	10	0
222	10	0
247	10	0
271	10	0
296	10	0
321	10	0
345	10	0
368	10	0
393	10	1
416	10	1
439	10	1
464	10	1
488	10	0
513	10	0
539	10	0
564	10	0
591	10	0
617	10	0
641	10	0
667	10	0
692	10	0
718	10	0
744	10	0
771	10	0
800	10	0
827	10	0
852	10	0
880	10	0
908	10	0
934	10	0
959	10	1
983	10	1
1007	10	1
1031	10	1
5	33	0
27	33	0
50	33	0
74	33	0
99	33	1
123	33	0
146	33	0
171	33	0
196	33	0
222	33	0
247	33	0
271	33	0
296	33	0
321	33	0
345	33	0
368	33	0
393	33	0
416	33	0
439	33	0
464	33	0
488	33	0
513	33	0
539	33	1
564	33	1
591	33	1
617	33	0
641	33	0
667	33	0
692	33	0
718	33	0
744	33	0
771	33	0
800	33	0
827	33	0
852	33	0
880	33	0
908	33	0
934	33	0
959	33	0
983	33	0
1007	33	0
1031	33	1
5	57	0
27	57	0
50	57	1
74	57	1
99	57	1
123	57	0
146	57	0
171	57	0
196	57	0
222	57	0
247	57	0
271	57	0
296	57	0
321	57	0
345	57	0
368	57	0
393	57	0
416	57	0
439	57	0
464	57	0
488	57	0
513	57	0
539	57	0
564	57	0
591	57	0
617	57	0
641	57	0
667	57	1
692	57	1
718	57	0
744	57	0
771	57	0
800	57	0
830	55	0
851	55	0
884	56	0
908	57	0
934	57	0
959	57	0
983	57	0
1007	57	0
1031	57	0
5	81	0
27	81	0
50	81	0
74	81	0
99	81	0
123	81	0
146	81	0
164	84	1
187	81	1
222	81	0
247	81	0
271	81	0
296	81	0
321	81	0
345	81	0
368	81	0
393	81	0
416	81	0
439	81	0
464	81	0
488	81	0
513	81	0
539	81	0
564	81	0
591	81	0
617	81	0
641	81	0
667	81	0
692	81	0
718	81	0
744	81	0
771	81	1
800	81	1
827	81	1
852	81	1
880	81	1
908	81	1
934	81	1
959	81	1
983	81	0
1007	81	0
1031	81	0
5	107	0
27	107	0
50	107	0
74	107	0
99	107	0
123	107	0
146	107	0
171	107	0
196	107	0
222	107	0
247	107	0
267	108	0
292	111	1
321	107	1
345	107	0
368	107	0
393	107	0
416	107	0
439	107	0
464	107	0
488	107	0
513	107	0
539	107	0
564	107	0
591	107	0
617	107	0
641	107	0
667	107	0
692	107	0
718	107	0
744	107	0
771	107	0
800	107	0
827	107	0
852	107	1
880	107	1
908	107	1
934	107	1
959	107	1
983	107	1
1007	107	1
1031	107	1
5	140	0
27	140	0
50	140	0
74	140	0
99	140	0
123	140	0
146	140	0
171	140	0
196	140	0
222	140	0
247	140	0
271	140	0
296	140	0
321	140	0
345	140	0
368	140	0
393	140	1
416	140	1
438	134	1
460	129	1
488	140	0
513	140	0
539	140	0
567	135	0
591	140	0
617	140	0
641	140	0
667	140	0
692	140	0
718	140	0
744	140	0
771	140	0
800	140	0
827	140	0
852	140	0
880	140	1
908	140	1
934	140	1
959	140	1
983	140	1
1007	140	1
1031	140	1
5	162	0
27	162	0
50	162	0
74	162	0
99	162	0
123	162	0
146	162	0
171	162	0
196	162	0
222	162	0
247	162	0
271	162	0
296	162	0
321	162	0
345	162	0
368	162	0
393	162	0
416	162	0
439	162	0
464	162	0
488	162	0
513	162	1
539	162	1
564	162	1
591	162	0
617	162	0
641	162	0
667	162	0
692	162	0
718	162	0
744	162	0
771	162	0
800	162	0
827	162	0
852	162	0
880	162	0
908	162	0
937	164	0
959	162	0
982	163	0
1007	162	1
1031	162	1
5	195	1
27	195	1
50	195	1
74	195	0
99	195	0
123	195	0
146	195	0
171	195	0
196	195	0
222	195	0
247	195	0
271	195	0
296	195	0
321	195	0
345	195	0
368	195	0
393	195	0
416	195	0
439	195	0
464	195	0
488	195	0
513	195	0
539	195	0
564	195	0
591	195	0
617	195	1
641	195	1
667	195	1
692	195	0
718	195	0
744	195	0
771	195	0
800	195	0
827	195	0
852	195	0
883	193	0
908	195	0
934	195	0
959	195	0
983	195	0
1007	195	0
1031	195	0
5	219	0
27	219	0
50	219	0
74	219	0
99	219	0
123	219	1
146	219	1
171	219	1
196	219	1
222	219	0
247	219	0
271	219	0
296	219	0
321	219	0
345	219	0
368	219	0
393	219	0
416	219	0
439	219	0
464	219	0
488	219	0
513	219	0
539	219	0
564	219	0
591	219	0
617	219	0
641	219	0
667	219	0
692	219	0
718	219	0
744	219	1
771	219	1
800	219	1
827	219	1
852	219	1
880	219	1
908	219	1
934	219	0
959	219	0
983	219	0
1007	219	0
1031	219	0
5	246	0
27	246	0
50	246	0
74	246	0
99	246	0
123	246	0
146	246	0
171	246	0
196	246	0
222	246	0
247	246	1
271	246	1
296	246	1
321	246	0
345	246	0
368	246	0
393	246	0
416	246	0
439	246	0
464	246	0
488	246	0
513	246	0
539	246	0
564	246	0
591	246	0
617	246	0
641	246	0
667	246	0
692	246	0
718	246	0
744	246	0
771	246	0
800	246	1
827	246	1
852	246	1
880	246	1
908	246	1
934	246	1
959	246	1
983	246	1
1007	246	1
1031	246	0
5	268	0
27	268	0
50	268	0
74	268	0
99	268	0
123	268	0
146	268	0
171	268	0
196	268	0
222	268	0
248	270	0
271	268	0
296	268	0
321	268	0
345	268	1
368	268	1
393	268	1
416	268	1
439	268	0
464	268	0
488	268	0
513	268	0
539	268	0
564	268	0
591	268	0
617	268	0
641	268	0
667	268	0
692	268	0
718	268	0
744	268	0
771	268	0
800	268	0
827	268	0
852	268	1
880	268	1
908	268	1
934	268	1
959	268	1
983	268	1
1007	268	1
1031	268	1
5	301	0
27	301	0
50	301	0
74	301	0
99	301	0
123	301	0
146	301	0
171	301	0
196	301	0
222	301	0
247	301	0
271	301	0
296	301	0
321	301	0
345	301	0
368	301	0
393	301	0
416	301	0
439	301	0
464	301	1
488	301	1
513	301	1
539	301	1
564	301	0
591	301	0
617	301	0
641	301	0
667	301	0
692	301	0
718	301	0
744	301	0
771	301	0
800	301	0
827	301	0
852	301	0
880	301	0
908	301	0
934	301	0
959	301	1
983	301	1
1007	301	1
1031	301	1
5	331	1
25	327	1
50	331	0
74	331	0
99	331	0
123	331	0
147	328	0
171	331	0
196	331	0
222	331	0
247	331	0
271	331	0
296	331	0
321	331	0
345	331	0
368	331	0
393	331	0
416	331	0
439	331	0
464	331	0
488	331	0
513	331	0
539	331	0
564	331	0
591	331	1
617	331	1
641	331	1
667	331	1
692	331	1
718	331	1
744	331	1
771	331	1
800	331	0
827	331	0
852	331	0
880	331	0
908	331	0
934	331	0
959	331	0
983	331	0
1007	331	0
1031	331	0
5	359	0
27	359	0
50	359	0
75	367	1
99	359	1
123	353	1
143	348	1
171	359	0
196	359	0
222	359	0
247	359	0
271	359	0
296	359	0
321	359	0
345	359	0
368	359	0
393	359	0
416	359	0
439	359	0
464	359	0
488	359	0
513	359	0
539	359	0
564	359	0
591	359	0
617	359	0
641	359	0
667	359	1
692	359	1
718	359	1
744	359	1
771	359	1
800	359	1
827	359	1
852	359	1
880	359	0
908	359	0
934	359	0
956	359	0
983	359	0
1007	359	0
1031	359	0
5	388	0
27	388	0
50	388	0
74	388	0
99	388	0
123	388	0
146	388	0
171	388	0
196	388	1
222	388	1
242	387	1
271	388	0
296	388	0
319	386	0
342	383	0
371	385	0
393	388	0
416	388	0
439	388	0
464	388	0
488	388	0
513	388	0
539	388	0
564	388	0
591	388	0
617	388	0
641	388	0
667	388	0
692	388	0
718	388	1
744	388	1
771	388	1
800	388	1
827	388	1
852	388	1
880	388	1
908	388	1
934	388	1
958	387	1
979	383	1
1009	380	0
1027	382	0
5	415	0
27	415	0
50	415	0
74	415	0
99	415	0
123	415	0
146	415	0
171	415	0
196	415	0
222	415	0
247	415	0
271	415	0
296	415	0
316	414	1
334	409	1
359	403	1
393	415	0
416	415	0
439	415	0
464	415	0
488	415	0
513	415	0
539	415	0
564	415	0
591	415	0
617	415	0
641	415	0
667	415	0
692	415	0
718	415	0
744	415	0
771	415	0
800	415	1
827	415	1
852	415	1
880	415	1
908	415	1
934	415	1
959	415	1
983	415	1
1007	415	1
1031	415	1
5	438	0
27	438	0
50	438	0
74	438	0
99	438	0
123	438	0
146	438	0
171	438	0
196	438	0
222	438	0
247	438	0
271	438	0
296	438	0
321	438	0
345	438	0
368	438	0
393	438	0
416	438	1
439	438	1
464	438	1
488	438	0
513	438	0
539	438	0
564	438	0
593	435	0
619	436	0
642	435	0
663	434	0
687	437	0
717	438	0
744	438	0
771	438	0
800	438	0
827	438	0
852	438	0
880	438	0
908	438	0
934	438	1
959	438	1
983	438	1
1007	438	1
1031	438	1
5	461	0
27	461	0
50	461	0
73	463	0
105	459	0
123	461	0
146	461	0
171	461	0
196	461	0
222	461	0
247	461	0
271	461	0
296	461	0
321	461	0
345	461	0
368	461	0
393	461	0
416	461	0
439	461	0
464	461	0
488	461	0
513	461	0
539	461	1
564	461	1
591	461	1
617	461	1
641	461	1
667	461	1
692	461	1
718	461	1
744	461	0
771	461	0
800	461	0
827	461	0
852	461	0
880	461	0
908	461	0
934	465	0
959	461	0
983	461	0
1007	461	1
1031	461	1
5	490	0
33	507	1
55	497	1
77	485	1
97	482	1
123	490	0
146	490	0
171	490	0
196	490	0
222	490	0
247	490	0
271	490	0
296	490	0
321	490	0
345	490	0
368	490	0
393	490	0
416	490	0
439	490	0
464	490	0
488	490	0
513	490	0
539	490	0
564	490	0
591	490	0
617	490	1
641	490	1
667	490	1
692	490	1
718	490	1
744	490	1
771	490	1
800	490	1
827	490	0
852	490	0
880	490	0
908	490	0
934	490	0
959	490	0
983	490	0
1007	490	0
1031	490	0
5	516	0
27	515	0
51	524	0
73	521	0
97	520	0
123	516	0
149	525	1
173	521	1
193	519	1
219	513	1
247	516	0
271	516	0
296	516	0
321	516	0
345	516	0
368	516	0
393	516	0
416	516	0
439	516	0
464	516	0
488	516	0
513	516	0
539	516	0
564	516	0
591	516	0
617	516	0
641	516	1
667	516	1
692	516	1
718	516	1
744	516	1
771	516	1
800	516	1
827	516	1
852	516	1
880	516	1
908	516	1
934	516	1
959	516	1
986	514	0
1008	514	0
1031	514	0
5	548	0
27	548	0
50	548	0
74	548	0
99	548	0
123	548	0
146	548	0
171	548	0
196	548	0
222	548	0
247	548	0
267	555	1
292	548	1
315	543	1
345	548	0
368	548	0
393	548	0
416	548	0
439	548	0
464	548	0
488	548	0
513	548	0
539	548	0
564	548	0
591	548	0
617	548	0
641	548	0
667	548	0
692	548	0
718	548	0
744	548	1
771	548	1
800	548	1
827	548	1
852	548	1
880	548	1
908	548	1
934	548	1
959	548	1
983	548	1
1007	548	1
1031	548	1
5	579	0
27	579	0
50	579	0
74	579	0
99	579	0
123	579	0
146	579	0
171	579	0
196	579	0
222	579	0
247	579	0
271	579	0
295	580	0
321	579	0
345	579	0
368	579	0
381	587	1
408	581	1
431	578	1
464	579	0
488	579	0
513	579	0
539	579	0
564	579	0
592	579	0
615	578	0
641	575	0
666	576	0
692	579	0
718	579	0
744	579	0
771	579	0
800	579	0
827	579	0
852	579	0
880	579	1
908	579	1
934	579	1
959	579	1
983	579	1
1007	579	1
1031	579	1
5	606	0
27	606	0
50	606	0
74	606	0
99	606	0
123	606	0
146	606	0
171	606	0
196	606	0
222	606	0
247	606	0
271	606	0
296	606	0
321	606	0
345	606	0
368	606	0
393	606	0
417	609	0
439	606	0
464	606	0
488	606	0
513	606	1
539	606	1
564	606	1
591	606	1
617	606	1
641	606	1
667	606	1
692	606	1
718	606	0
744	606	0
771	606	0
800	606	0
827	606	0
852	606	0
880	606	0
908	606	0
934	606	0
959	606	1
983	606	1
1007	606	1
1031	606	1
5	637	1
27	637	1
55	639	0
74	637	0
99	637	0
123	637	0
146	637	0
171	637	0
196	637	0
222	637	0
247	637	0
271	637	0
296	637	0
321	637	0
345	637	0
368	637	0
393	637	0
416	637	0
439	637	0
464	637	0
488	637	0
513	637	0
539	637	1
564	637	1
591	637	1
617	637	1
641	637	1
667	637	1
692	637	1
718	637	1
744	637	1
771	637	1
802	638	0
827	637	0
852	637	0
880	637	0
908	637	0
934	637	0
959	637	0
983	637	0
1007	637	0
1031	637	0
5	664	0
27	664	0
50	664	0
74	664	0
99	664	0
118	668	1
146	664	1
171	664	1
196	664	0
222	664	0
245	663	0
271	664	0
296	664	0
321	664	0
345	664	0
368	664	0
393	664	0
416	664	0
439	664	0
464	664	0
488	664	0
513	664	0
539	663	0
564	664	0
591	664	0
617	664	1
641	664	1
667	664	1
692	664	1
718	664	1
744	664	1
771	664	1
800	664	1
827	664	1
852	664	1
880	664	1
908	664	1
934	664	0
959	664	0
983	664	0
1007	664	0
1031	664	0
5	687	0
27	687	0
50	687	0
74	687	0
99	687	0
123	687	0
146	687	0
171	687	0
196	687	0
222	687	1
247	687	1
271	687	1
296	687	1
321	687	0
345	687	0
368	687	0
393	687	0
416	687	0
439	687	1
464	687	1
488	687	0
513	687	0
539	687	0
564	687	0
591	687	0
617	687	0
641	687	0
667	687	0
692	687	0
718	687	1
744	687	1
771	687	1
800	687	1
827	687	1
852	687	1
880	687	1
908	687	1
934	687	1
959	687	1
983	687	1
1007	687	1
1030	686	1
