10	21	1
39	21	1
56	21	1
83	21	1
107	21	0
152	21	1
169	21	0
184	21	0
207	21	1
243	21	1
262	21	1
287	21	1
331	21	1
354	21	1
372	21	1
394	21	1
421	21	0
462	21	0
477	21	0
494	24	0
517	21	0
538	21	0
572	21	1
590	21	1
612	21	1
635	21	1
647	21	1
672	21	1
688	21	1
730	21	0
744	21	0
764	21	0
787	21	0
806	21	0
832	31	0
862	34	0
888	33	0
920	30	1
950	31	1
972	30	1
986	31	1
1014	31	1
1032	26	1
10	57	0
39	57	0
56	57	0
83	57	1
107	57	1
152	57	1
169	57	1
184	57	1
207	57	1
243	57	0
262	57	0
287	57	0
331	57	0
354	57	0
372	57	0
395	61	0
421	57	1
462	57	1
477	57	1
492	57	1
517	57	1
538	57	1
572	57	0
590	57	0
612	57	0
635	57	0
647	57	1
672	57	1
688	57	1
730	57	1
744	57	1
764	57	1
787	57	1
806	57	1
828	57	0
860	57	0
891	57	0
911	57	0
941	57	0
965	57	0
979	57	0
1002	57	0
1028	57	1
10	82	0
39	82	0
56	82	0
83	82	0
107	82	0
152	82	0
170	85	0
184	82	1
207	82	1
243	82	1
262	82	1
287	82	1
331	82	0
355	80	0
372	82	0
394	82	0
421	82	1
462	82	1
477	82	1
492	82	1
517	82	1
538	82	1
572	82	1
590	82	1
612	82	1
635	82	1
647	82	1
672	82	1
688	82	0
730	82	0
744	82	0
764	82	0
787	82	1
806	82	1
828	82	1
860	82	1
891	82	1
911	82	1
941	82	0
965	82	0
979	82	0
1002	82	0
1028	82	1
10	114	1
39	114	1
56	114	1
83	114	1
107	114	1
152	114	1
169	114	1
184	114	1
207	114	0
243	114	0
262	114	0
287	114	0
331	114	1
354	114	1
372	114	1
394	114	1
421	114	1
462	114	0
477	114	0
492	114	0
517	114	0
538	114	0
572	114	0
590	114	0
612	114	0
635	114	1
647	114	1
672	114	1
688	114	1
730	114	1
744	114	1
764	114	1
787	114	1
806	114	0
828	114	0
860	114	0
891	114	1
911	114	1
941	114	1
965	114	1
979	114	1
1002	114	1
1028	114	0
10	145	0
39	146	0
56	146	0
81	138	1
112	134	1
146	134	1
167	138	1
185	138	1
207	146	1
243	146	1
262	146	1
287	146	1
331	146	0
354	146	0
372	146	0
394	146	1
421	146	1
462	146	1
477	146	1
492	146	1
517	146	1
538	146	1
572	146	0
590	146	0
612	146	1
635	146	1
647	146	0
672	146	0
688	146	0
730	146	0
744	146	0
764	146	1
787	146	1
806	146	1
828	146	1
860	146	1
891	146	1
911	146	0
941	146	0
965	146	0
979	146	0
1002	146	1
1028	146	1
10	172	1
39	172	1
56	172	1
83	172	0
107	172	0
152	172	0
169	172	0
184	172	1
207	172	1
243	172	1
262	172	1
287	172	1
331	172	1
354	172	1
372	172	1
394	172	1
421	172	0
462	172	0
475	173	0
492	172	0
517	172	1
538	172	1
572	172	1
590	172	1
612	172	1
635	172	1
647	172	1
672	172	1
688	172	1
730	172	1
744	172	1
764	172	0
787	172	0
809	171	0
828	172	0
860	172	1
891	172	1
911	172	1
941	172	1
965	172	1
979	172	1
1002	172	1
1028	172	0
10	194	0
39	194	1
56	194	1
83	194	1
107	194	1
152	194	1
169	194	1
184	194	0
207	194	0
243	194	0
262	194	0
287	194	1
331	194	1
354	194	1
372	194	1
394	194	1
419	193	0
462	194	0
478	192	0
496	194	0
517	194	0
538	194	0
572	194	0
590	194	0
612	194	0
635	194	1
647	194	1
672	194	1
688	194	1
730	194	1
744	194	1
764	194	0
787	194	0
806	194	0
828	194	0
860	194	1
891	194	1
911	194	1
941	194	1
965	194	1
979	194	1
1002	194	1
1028	194	1
10	230	0
39	230	0
56	230	0
86	231	0
107	230	0
152	230	1
169	230	1
184	230	1
207	230	1
243	230	1
262	230	1
287	230	0
331	230	0
354	230	0
372	230	0
394	230	1
421	230	1
462	230	1
477	230	1
492	230	1
517	230	1
538	230	1
572	230	1
590	230	1
612	230	1
635	230	0
647	230	0
672	230	0
688	230	0
730	230	1
744	230	1
764	230	1
787	230	1
806	230	1
828	230	1
860	230	1
891	230	0
911	230	1
941	230	1
965	230	1
979	230	1
1002	230	0
1028	230	0
10	258	1
39	258	0
57	254	0
83	258	0
107	260	0
152	258	1
169	258	1
184	258	1
207	258	1
244	269	1
270	271	1
297	270	1
332	266	1
354	265	1
372	258	1
394	258	0
421	258	0
462	258	0
477	258	0
492	258	1
517	258	1
538	258	1
572	258	1
590	258	1
612	258	1
635	258	1
654	259	1
672	258	1
688	258	1
719	259	1
744	258	0
764	258	0
787	258	0
806	258	0
828	258	0
860	258	1
891	258	1
911	258	1
941	258	1
965	258	1
979	258	1
1002	258	0
1028	258	0
10	287	1
39	287	1
56	287	1
83	287	1
107	287	1
152	287	0
169	287	0
187	286	0
224	283	0
267	301	0
291	302	0
311	299	0
331	298	0
351	301	0
373	298	1
399	299	1
424	299	1
457	296	1
483	295	1
493	293	1
517	287	0
538	287	0
572	287	0
590	287	0
615	284	1
638	286	1
659	284	1
679	282	1
704	279	1
728	302	1
750	302	1
768	302	1
790	301	1
810	305	1
826	299	1
860	287	0
891	287	0
911	287	0
941	287	0
965	287	1
979	287	1
1002	287	1
1028	287	1
10	330	0
39	330	0
56	330	0
83	330	0
118	325	1
147	319	1
174	319	1
196	318	1
218	317	1
245	319	1
262	330	0
287	330	0
331	330	0
354	330	0
373	329	0
394	330	0
421	330	0
462	330	1
477	330	1
492	330	1
517	330	1
538	330	1
572	330	1
590	330	1
612	330	0
635	330	0
647	330	0
672	330	0
688	330	0
730	330	0
747	330	0
764	330	0
787	330	0
806	330	0
831	336	1
864	336	1
897	339	1
915	338	1
939	336	1
965	330	1
979	330	0
1002	330	0
1028	330	0
8	352	1
38	354	0
55	350	0
79	351	0
112	354	0
152	362	0
169	362	0
184	362	0
209	365	0
243	362	1
262	362	1
287	362	1
331	362	1
354	362	1
372	362	0
392	360	0
421	362	0
462	362	0
477	362	0
492	362	0
517	362	0
538	362	0
572	362	1
590	362	1
612	362	1
635	362	1
647	362	1
672	362	1
688	362	1
730	362	0
744	362	0
764	362	0
787	362	0
806	362	0
828	362	0
860	362	0
891	361	0
911	362	0
941	362	1
968	330	0
979	362	1
1002	362	1
1028	362	1
10	390	1
37	386	1
62	385	1
91	385	1
113	386	1
152	394	0
169	394	0
184	394	0
207	394	0
243	394	0
262	394	0
287	394	0
331	394	1
354	394	1
372	394	1
394	394	1
421	394	1
462	394	1
477	394	0
492	394	0
517	394	0
538	394	0
572	394	0
590	394	0
612	394	0
636	398	0
647	394	0
672	394	1
688	394	1
730	394	1
744	394	1
764	394	1
787	394	1
806	394	1
828	394	0
860	394	0
891	394	0
911	394	0
941	394	1
965	394	0
979	394	0
1002	394	0
1028	394	1
10	422	0
39	422	0
56	422	0
87	418	1
108	418	1
149	414	1
171	413	1
187	414	1
214	412	1
243	422	0
264	422	0
287	422	0
331	422	0
354	422	0
372	422	0
394	422	0
421	422	0
462	422	1
477	422	1
492	422	1
517	422	1
538	422	1
572	422	1
590	422	0
612	422	0
635	422	0
647	422	0
672	422	0
688	422	0
730	422	0
744	422	0
764	422	0
787	422	1
806	422	1
828	422	1
860	422	1
891	422	1
911	422	1
941	422	0
965	422	1
979	422	0
1002	422	0
1028	422	0
6	472	1
32	473	1
57	472	1
87	472	1
112	466	0
150	466	0
167	463	0
184	460	0
215	450	1
240	449	1
266	450	1
290	450	1
322	448	1
354	460	0
372	460	0
394	460	0
421	460	0
462	460	0
477	460	0
492	460	0
517	460	0
538	460	1
572	460	1
590	460	1
612	460	1
635	460	1
647	460	1
672	460	1
688	460	0
730	460	0
744	460	0
764	460	0
787	460	0
806	460	0
828	460	0
860	460	0
891	460	1
911	460	1
941	460	1
967	426	0
979	460	1
1002	460	1
1028	460	1
10	510	0
39	510	0
56	510	0
86	522	1
109	522	1
149	525	1
173	526	1
187	528	1
204	528	1
243	510	0
262	510	0
287	510	0
327	496	1
354	494	1
376	491	1
402	491	1
426	490	1
463	510	0
477	510	0
494	508	0
517	508	0
538	510	0
572	510	0
590	510	0
612	510	0
635	510	0
647	510	1
672	510	1
688	510	1
730	510	1
744	510	1
764	510	1
787	510	1
806	510	0
828	510	0
860	510	0
891	510	0
914	514	0
941	510	0
965	510	0
979	510	0
1002	510	1
1028	510	1
10	558	1
37	544	0
56	544	0
83	544	0
102	544	0
152	544	0
169	544	0
187	542	0
207	544	0
243	544	0
262	544	0
287	544	0
331	544	0
354	544	0
372	544	0
394	544	0
425	533	1
461	535	1
478	532	1
499	533	1
527	530	1
542	534	1
572	544	0
590	544	0
612	544	0
635	544	0
647	544	0
672	544	1
688	544	0
730	544	0
744	544	0
764	544	0
787	544	1
806	544	1
828	544	1
860	544	1
891	544	1
911	544	1
941	544	0
965	544	0
979	544	0
1002	544	0
1028	544	0
10	576	1
39	576	1
56	576	1
83	576	1
107	576	1
152	576	0
169	576	0
184	576	0
207	576	0
243	576	0
262	576	0
287	576	0
331	576	0
354	576	0
372	576	0
394	576	0
421	576	0
462	576	0
477	576	0
492	576	1
517	576	1
538	576	1
572	576	1
590	576	1
612	576	1
635	576	1
647	576	1
672	576	1
688	576	1
730	576	1
744	576	1
764	576	0
787	576	0
806	576	1
828	576	0
860	576	0
891	576	0
911	576	0
941	576	0
965	576	0
979	576	0
1002	576	0
1028	576	0
10	610	1
39	610	1
56	610	1
83	610	1
107	610	1
152	610	1
169	610	1
184	610	1
207	610	1
243	610	1
262	610	0
287	610	0
331	610	0
354	610	0
372	610	0
394	610	0
421	610	0
462	610	0
477	610	0
492	610	0
517	610	0
538	610	0
572	610	0
590	610	1
612	610	1
635	610	1
647	610	1
672	610	1
688	610	1
730	610	1
744	610	1
764	610	1
787	610	1
806	610	1
828	610	0
860	610	1
891	610	1
911	610	1
941	610	0
965	610	0
979	610	0
1002	610	0
1028	610	0
10	630	1
39	630	1
56	630	1
83	630	1
107	630	1
152	630	1
169	630	1
184	630	1
207	630	1
243	630	1
262	630	1
287	630	1
331	630	1
354	630	0
372	630	0
395	630	0
421	630	0
462	630	0
477	630	0
492	630	0
517	630	0
538	630	0
572	630	0
590	630	0
614	636	0
635	630	0
647	630	0
672	630	0
688	630	0
730	630	1
744	630	1
764	630	1
787	630	1
806	630	1
828	630	1
860	630	1
891	630	1
911	630	1
941	630	1
965	630	0
979	630	0
1002	630	0
1028	630	0
10	659	0
39	659	0
56	659	0
83	659	0
107	659	0
152	659	1
169	659	1
184	659	1
207	659	1
243	659	1
262	659	1
287	659	1
331	659	1
354	659	1
372	659	1
394	659	1
421	659	1
462	659	1
477	659	0
492	659	0
517	659	0
538	659	0
572	659	0
592	662	0
612	659	0
635	659	0
647	659	0
672	659	0
688	659	0
730	659	0
744	659	0
764	659	0
787	659	0
806	659	1
828	659	1
860	659	1
891	659	1
911	659	1
941	659	1
965	659	1
979	659	1
1002	659	1
1028	659	1
10	686	0
39	686	0
56	686	1
83	686	0
107	686	0
152	686	0
169	686	0
184	686	0
207	686	0
243	686	1
262	686	1
287	686	1
331	686	1
354	686	1
372	686	1
394	686	1
421	686	1
462	686	1
477	686	1
492	686	1
517	686	1
538	686	1
572	686	1
590	686	0
612	686	0
635	686	0
647	686	0
672	686	0
688	686	0
730	686	0
744	686	0
764	686	0
787	686	0
806	686	0
828	686	0
860	686	0
891	686	0
911	686	1
941	686	1
965	686	1
979	686	1
1002	686	1
1028	686	1
