13	3	0
42	3	1
68	3	1
89	3	1
114	3	1
146	3	1
175	3	1
203	3	0
224	3	1
249	3	1
280	3	0
306	3	0
341	3	0
367	3	0
395	3	0
427	3	0
461	3	0
491	3	0
521	3	0
550	3	0
576	3	0
602	3	1
632	3	0
655	3	1
679	3	1
698	3	0
726	3	0
748	3	0
774	3	0
797	3	0
835	3	0
869	3	0
892	3	0
910	3	0
937	3	0
962	3	0
991	3	0
1017	3	1
13	23	0
42	23	0
68	23	0
89	23	1
114	23	1
146	23	1
175	23	0
203	23	0
224	23	1
249	23	1
280	23	0
306	23	1
341	23	0
367	23	0
395	23	0
427	23	0
461	23	1
491	23	1
521	23	0
550	23	0
576	23	0
602	23	0
632	23	0
655	23	1
679	23	1
698	23	0
726	23	0
748	23	1
774	23	0
797	23	0
835	23	0
869	23	0
892	23	1
910	23	1
937	23	0
962	23	0
991	23	0
1017	23	0
13	46	0
42	46	0
68	46	0
89	46	0
114	46	1
146	46	0
175	46	0
203	46	0
224	46	0
249	46	0
280	46	0
306	46	1
341	46	0
367	46	0
395	46	0
427	46	0
461	46	0
491	46	0
521	46	0
550	46	1
576	46	0
602	46	0
632	46	0
655	46	0
679	46	0
698	46	0
726	46	1
748	46	1
774	46	0
797	46	1
835	46	0
869	46	0
892	46	0
910	46	0
937	46	0
962	46	1
991	46	1
1017	46	0
13	68	1
42	68	0
68	68	0
89	68	0
114	68	0
146	68	0
175	68	1
203	68	1
224	68	0
249	68	0
280	68	0
306	68	0
341	68	0
367	68	0
395	68	0
440	74	1
461	68	0
491	68	0
521	68	0
550	68	0
576	68	0
602	68	0
627	70	1
655	68	0
679	68	0
699	64	0
726	68	0
748	68	0
774	68	0
797	68	1
835	68	0
869	68	0
892	68	0
910	68	0
937	68	0
962	68	0
991	68	0
1017	68	1
13	85	1
42	85	0
68	83	0
92	84	0
114	85	0
146	85	0
176	87	0
203	85	0
224	85	0
249	85	1
280	85	1
306	85	0
341	85	0
367	85	0
395	85	0
421	89	0
461	85	0
491	85	0
521	85	1
550	85	0
576	85	0
602	85	0
632	85	0
655	85	0
679	85	1
698	85	1
726	85	0
748	85	0
773	82	0
797	85	0
835	85	0
869	85	0
892	85	0
910	85	0
937	85	1
962	85	0
991	85	0
1017	85	1
13	105	0
42	105	1
68	105	1
89	105	1
114	105	0
146	105	0
175	105	0
203	105	0
224	105	0
249	105	0
280	105	0
306	105	0
341	105	1
367	105	0
395	105	0
427	105	0
461	105	0
491	105	0
521	105	0
550	105	0
576	105	0
602	105	0
632	105	0
655	105	0
679	105	0
698	105	0
726	105	0
748	105	1
774	105	1
797	105	0
833	104	0
869	105	0
892	105	0
910	105	0
938	105	0
962	105	0
991	105	1
1017	105	1
13	129	0
42	129	0
68	129	0
89	129	0
114	129	0
146	129	0
175	129	0
201	129	1
224	129	0
249	129	0
280	129	0
306	129	0
341	129	0
367	129	0
395	129	0
427	129	0
461	129	1
491	129	0
521	129	0
550	129	0
576	129	0
602	129	0
632	129	1
655	129	1
679	129	0
698	129	0
726	129	1
748	129	0
774	129	0
797	129	0
835	129	1
869	129	0
892	129	0
910	129	0
937	129	0
962	129	0
991	129	0
1017	129	0
13	149	0
42	149	0
68	149	0
89	149	0
114	149	0
146	149	0
175	149	0
203	149	0
224	149	0
249	149	0
280	149	1
306	149	0
341	149	0
367	149	0
395	149	0
427	149	0
461	149	1
491	149	0
521	149	0
546	157	1
576	149	0
602	149	0
632	149	0
655	149	0
679	149	0
698	149	0
726	149	1
748	149	0
774	149	0
797	149	0
835	149	0
869	149	0
889	149	1
910	149	0
937	149	0
962	149	0
991	149	0
1017	149	0
13	170	0
42	170	0
68	170	0
89	170	0
114	170	0
146	170	0
175	170	1
203	170	0
224	170	0
249	170	0
280	170	0
306	170	0
341	170	0
367	170	0
395	170	0
427	170	1
461	170	0
491	170	0
521	170	0
546	176	0
576	170	0
611	175	1
632	170	0
655	170	0
679	170	0
698	170	0
726	170	0
748	170	0
774	170	0
797	170	0
835	170	0
869	170	0
892	170	0
910	170	0
937	170	0
962	170	1
991	170	0
1017	170	0
13	194	0
42	194	0
68	194	0
89	194	0
114	194	0
146	194	0
175	194	0
203	194	0
224	194	0
249	194	1
280	194	0
306	194	0
341	194	0
367	194	0
395	194	0
427	194	1
461	194	0
491	194	0
521	194	0
550	194	0
576	194	0
606	195	0
632	194	0
655	194	0
679	194	1
698	194	0
726	194	0
748	194	0
774	194	0
797	194	0
842	191	1
869	194	1
892	194	0
910	194	0
941	193	0
962	194	0
991	194	0
1017	194	0
13	215	0
42	215	0
68	215	0
89	215	0
114	215	1
146	215	1
175	215	0
203	215	0
224	215	0
249	215	0
280	215	0
306	215	0
341	215	0
367	215	0
395	215	0
427	215	0
461	215	0
491	215	0
521	215	0
550	215	0
576	215	1
602	215	0
632	215	0
655	215	0
679	215	0
698	215	0
726	215	0
748	215	0
774	215	0
797	215	0
835	215	0
869	215	0
892	215	0
910	215	0
928	214	1
962	215	0
991	215	0
1017	215	0
13	238	1
42	238	0
68	238	0
89	238	0
114	238	0
146	238	0
175	238	0
203	238	0
224	238	0
249	238	0
280	238	1
306	238	0
341	238	0
367	238	0
395	238	0
427	238	0
461	238	1
491	238	0
521	238	0
550	238	0
576	238	1
602	238	0
632	238	1
655	238	1
679	238	0
698	238	0
726	238	0
748	238	0
774	238	0
801	240	1
835	238	0
869	238	0
892	238	0
910	238	0
937	238	0
962	238	0
991	238	0
1017	238	0
13	258	1
42	258	0
68	258	0
91	255	0
114	258	0
146	258	0
175	258	0
203	258	0
224	258	0
249	258	0
280	258	1
306	258	0
341	258	0
367	258	0
395	258	0
427	258	0
461	258	1
491	258	0
521	258	0
550	258	0
576	258	0
602	258	0
632	258	1
655	258	1
679	258	0
698	258	0
726	258	0
748	258	0
774	258	0
797	258	0
835	258	0
869	258	1
892	258	1
910	258	0
937	258	0
962	258	0
991	258	0
1017	258	0
13	283	0
42	283	0
67	277	1
92	276	1
114	283	0
146	283	1
175	283	1
203	283	0
224	283	0
249	283	0
280	283	0
306	283	0
341	283	1
367	283	0
395	283	0
427	283	1
461	283	0
491	283	0
521	283	0
550	283	0
576	283	0
602	283	0
632	283	0
655	283	0
679	283	0
698	283	0
726	283	0
748	283	0
774	283	0
797	283	0
835	283	0
869	283	0
892	283	0
910	283	0
937	283	0
962	283	0
991	283	0
1017	283	0
13	304	0
42	304	1
68	304	0
89	304	0
114	304	0
145	306	0
175	304	0
203	304	0
224	304	0
249	304	0
280	304	0
306	304	0
341	304	0
367	304	0
395	304	1
427	304	1
461	304	0
491	304	0
521	304	0
550	304	0
576	304	0
602	304	0
632	304	0
653	313	1
679	304	0
698	304	0
726	304	0
748	304	0
774	304	0
797	304	0
835	304	1
869	304	0
892	304	0
912	306	0
937	304	0
962	304	0
991	304	0
1017	304	1
13	338	0
41	330	1
68	338	0
87	338	0
114	338	1
146	338	0
175	338	0
203	338	0
224	338	0
249	338	0
280	338	0
306	338	0
341	338	0
367	338	0
395	338	0
427	338	0
461	338	0
491	338	0
521	338	0
551	350	1
576	338	0
602	338	0
632	338	0
655	338	0
679	338	0
698	338	0
726	338	1
748	338	1
774	338	0
797	338	0
835	338	0
869	338	0
892	338	1
910	338	1
937	338	0
962	338	0
991	338	0
1017	338	0
13	359	0
42	359	0
68	359	0
89	359	0
112	361	0
146	359	0
175	359	0
203	359	0
224	359	0
249	359	0
280	359	0
306	359	0
341	359	0
367	359	0
395	359	0
427	359	0
461	359	0
491	359	0
521	359	0
552	363	0
576	359	0
604	360	0
627	362	1
655	359	0
679	359	0
698	359	0
726	359	0
748	359	0
774	359	0
797	359	1
835	359	0
868	361	0
892	359	0
910	359	0
937	359	0
962	359	1
991	359	1
1017	359	0
13	383	0
42	383	0
68	383	0
89	383	0
114	383	0
146	383	0
175	383	0
203	383	0
224	383	0
249	383	0
280	383	0
306	383	0
341	383	0
367	383	0
395	383	0
440	378	1
461	383	0
491	383	0
521	383	0
550	383	0
576	383	0
602	383	0
632	383	0
655	383	0
679	383	1
698	383	1
726	383	0
748	383	0
774	383	0
797	383	0
835	383	0
869	383	1
892	383	0
910	383	0
937	383	0
962	383	0
991	383	0
1017	383	0
13	408	0
42	408	0
68	408	0
89	408	0
114	408	1
146	408	1
175	408	0
203	408	0
224	408	0
249	408	0
280	408	0
306	408	0
341	408	0
367	408	0
395	408	1
427	408	0
461	408	0
491	408	0
521	408	0
550	408	0
572	412	1
602	408	0
632	408	0
655	408	0
679	408	0
698	408	0
726	408	0
748	408	1
774	408	1
797	408	0
835	408	0
869	408	0
892	408	0
910	408	0
937	408	0
962	408	0
991	408	0
1017	408	0
13	433	0
42	433	0
68	433	0
89	433	0
114	433	0
146	433	0
175	433	0
202	431	1
224	433	0
249	433	0
280	433	0
306	433	0
341	433	0
367	433	0
395	434	0
427	433	0
461	433	0
491	433	0
521	433	0
550	433	0
572	435	0
602	433	0
632	433	1
655	433	1
679	433	0
698	433	0
726	433	0
748	433	0
774	433	0
797	433	0
835	433	1
869	433	0
892	433	0
910	433	0
937	433	0
962	433	0
991	433	0
1017	433	0
13	461	0
42	461	0
68	461	0
89	461	1
114	461	0
146	461	0
177	460	0
203	461	0
224	461	0
249	461	0
280	461	0
306	461	0
341	461	1
367	461	1
395	461	0
427	461	0
461	461	0
491	461	0
521	461	0
550	461	0
576	461	0
602	461	0
632	461	0
655	461	0
679	461	0
701	459	0
726	461	1
748	461	0
774	461	0
797	461	0
835	461	0
869	461	0
892	461	1
910	461	1
937	461	0
962	461	0
991	461	0
1017	461	0
13	487	0
42	487	0
68	487	0
89	487	0
114	487	0
152	478	1
178	488	0
203	487	0
224	487	0
249	487	0
280	487	0
306	487	0
341	487	0
367	487	0
395	487	0
427	487	1
461	487	0
491	487	0
521	487	0
550	487	0
576	487	0
602	487	1
632	487	0
655	487	0
679	486	0
698	487	0
726	487	0
748	487	0
774	487	0
797	487	0
835	487	0
869	487	0
892	487	0
910	487	0
937	487	0
962	487	1
991	487	0
1017	487	0
13	506	0
42	506	0
68	506	0
89	506	0
114	506	1
146	506	0
175	506	0
203	506	0
224	506	0
249	506	0
280	506	0
306	506	1
341	506	0
367	506	0
395	506	0
427	506	0
461	506	0
491	511	1
521	506	0
550	506	0
576	506	0
602	506	0
632	506	0
654	503	0
679	506	1
698	506	0
726	506	0
748	502	0
774	506	0
797	506	0
835	506	0
869	506	0
892	506	0
910	506	0
937	506	0
962	506	0
991	506	0
1017	506	0
13	529	0
42	529	0
68	529	0
89	529	0
114	529	1
146	529	0
175	529	1
203	529	1
224	529	0
249	529	0
280	529	0
306	529	0
341	529	0
367	529	0
395	529	0
427	529	0
461	529	0
491	529	0
521	529	0
555	533	1
576	529	0
602	529	0
632	529	0
655	529	0
679	529	0
698	529	0
722	528	0
748	529	1
774	529	0
797	529	0
835	529	0
869	529	0
892	529	0
910	529	1
937	529	0
962	529	0
991	529	0
1017	529	0
13	551	0
42	551	0
68	551	0
89	551	0
114	551	0
146	551	0
175	551	1
203	551	1
224	551	0
249	551	0
280	551	0
306	551	0
341	551	0
367	551	0
395	551	0
427	551	0
461	551	0
491	551	0
521	551	0
552	554	0
576	551	0
602	551	0
632	551	1
655	551	0
679	551	0
698	551	0
726	551	0
748	551	0
774	551	0
797	551	0
835	551	0
869	551	0
892	551	0
910	551	0
937	551	0
962	551	0
991	551	1
1017	551	0
13	576	0
42	576	0
68	576	0
89	576	0
114	576	0
146	576	0
175	576	0
203	576	1
224	576	1
249	576	0
280	576	0
306	576	1
341	576	1
367	576	0
395	576	0
427	576	0
461	576	0
491	576	0
521	576	0
550	576	0
576	576	0
602	576	0
632	576	0
655	576	0
676	574	0
698	576	1
726	576	0
748	576	0
775	575	0
797	576	0
835	576	0
869	576	0
892	576	0
910	576	0
937	576	0
960	573	0
991	576	0
1017	576	0
13	597	0
42	597	0
68	597	0
89	597	0
114	597	0
146	597	0
175	597	0
203	597	1
224	597	1
249	597	0
280	597	0
306	597	0
341	597	0
367	597	0
395	597	0
427	597	0
461	597	0
491	597	0
521	597	0
550	597	0
576	597	0
602	597	0
632	597	0
655	597	0
679	597	0
698	597	0
726	597	0
748	597	0
774	597	1
797	597	0
835	597	0
869	597	0
892	597	0
910	597	0
937	597	1
962	597	1
991	597	0
1017	597	0
13	625	0
42	625	0
68	625	0
89	625	1
114	625	0
146	625	0
176	626	0
203	625	0
224	625	0
249	625	0
291	621	1
314	626	0
341	625	0
367	625	0
395	625	0
427	625	0
472	626	1
493	626	0
521	625	0
550	625	0
576	625	0
602	625	0
628	624	0
655	625	1
679	625	0
698	625	0
726	625	0
748	625	0
774	625	0
797	625	0
835	625	1
869	625	0
892	625	0
910	625	0
937	625	0
962	625	0
991	625	0
1017	625	0
13	650	0
42	650	0
68	650	0
89	650	0
114	650	0
146	650	0
175	650	1
203	650	0
224	650	0
246	650	0
280	650	0
306	650	0
339	649	0
362	649	1
395	650	0
427	650	0
461	650	0
491	650	0
521	650	0
550	650	0
576	650	0
601	650	0
632	650	0
655	650	0
679	650	0
698	650	0
726	650	1
748	650	0
774	650	0
797	650	0
835	650	0
869	650	0
892	650	1
910	650	1
937	650	0
962	650	0
991	650	0
1017	650	0
13	676	0
42	676	0
68	676	0
89	676	0
120	686	1
150	679	0
175	676	0
203	676	1
224	676	1
249	676	1
280	676	0
306	676	0
341	676	0
367	676	0
395	676	0
427	676	0
461	676	0
491	676	0
521	676	0
550	676	0
576	676	0
612	670	1
632	676	0
655	676	0
676	682	1
703	678	0
726	676	0
748	676	0
774	676	0
797	676	1
835	676	0
869	676	0
892	676	0
910	676	0
937	676	0
962	676	0
991	676	0
1017	676	0
