8	20	1
31	20	1
55	20	1
82	20	1
105	20	1
132	20	1
155	20	1
179	20	1
202	20	1
227	20	1
253	20	1
278	20	1
305	20	0
331	20	0
355	20	0
380	20	0
406	20	1
430	20	1
456	20	1
483	20	1
510	20	1
535	20	1
561	20	1
585	20	1
611	20	1
638	20	1
665	20	1
692	20	0
719	20	0
747	20	0
773	20	0
797	20	1
823	20	1
847	20	1
870	20	1
898	20	1
924	20	1
951	20	1
973	20	1
1005	17	0
1026	14	0
8	44	0
31	44	0
55	44	0
82	44	1
105	44	1
132	44	1
155	44	1
179	44	1
202	44	1
227	44	1
253	44	1
278	44	1
305	44	1
331	44	0
355	44	0
383	41	0
406	44	0
430	44	0
456	44	0
483	44	1
510	44	1
535	44	1
561	44	1
585	44	1
611	44	1
638	44	1
665	44	1
692	44	1
719	44	1
747	44	0
773	44	0
797	44	0
823	44	0
847	44	0
870	44	0
898	44	1
924	44	1
951	44	1
973	44	1
1000	44	1
1024	44	1
8	66	0
31	66	0
55	66	0
82	66	0
105	66	0
132	66	0
155	66	1
179	66	1
202	66	1
227	66	1
253	66	1
278	66	1
305	66	1
331	66	1
355	66	1
380	66	1
406	67	0
430	63	0
456	66	0
483	66	0
510	66	0
535	66	0
561	66	0
587	67	0
611	66	0
638	66	1
665	66	1
692	66	1
719	66	1
747	66	1
773	66	1
797	66	0
823	66	0
847	66	0
870	66	0
898	66	0
924	66	0
951	66	1
973	66	1
1000	66	1
1024	66	1
8	81	1
31	81	0
55	81	0
82	81	0
105	81	0
132	81	0
155	81	0
179	81	0
202	81	1
227	81	1
253	81	1
278	81	1
305	81	1
331	81	1
355	81	1
380	81	1
406	81	1
430	81	1
456	81	1
483	81	0
510	81	0
535	81	0
561	81	0
585	81	0
611	81	0
638	81	1
665	81	1
692	81	1
719	81	1
747	81	1
773	81	1
797	81	1
823	81	1
847	81	0
870	81	0
898	81	0
924	81	0
951	81	0
973	81	0
1000	81	1
1024	81	1
8	105	1
31	105	1
55	105	1
82	105	1
105	105	1
132	105	1
155	105	1
179	105	0
202	105	0
227	105	0
253	105	0
278	105	0
305	105	0
331	105	1
355	105	1
380	105	1
406	105	1
430	105	1
456	105	1
483	105	1
510	105	0
535	105	0
561	105	0
585	103	0
611	105	0
638	105	0
665	105	0
692	105	0
719	105	1
747	105	1
773	105	1
797	105	1
823	105	1
847	105	1
870	105	1
898	105	1
924	105	1
951	105	0
973	105	0
1000	105	0
1024	105	0
8	126	1
31	126	1
55	126	1
82	126	1
105	126	1
132	126	1
155	126	1
179	126	1
202	126	1
227	126	1
253	126	0
278	126	0
305	126	0
331	126	0
358	126	0
380	126	1
406	126	1
430	126	1
456	126	1
483	126	1
510	126	1
535	126	1
561	126	1
585	126	1
611	127	0
637	125	0
665	126	0
692	126	0
719	126	0
754	129	0
771	133	0
797	126	1
823	126	1
847	126	1
870	126	1
898	126	1
924	126	1
951	126	1
973	126	1
1000	126	0
1024	126	0
8	155	0
31	155	0
54	149	1
79	147	1
107	148	1
130	161	1
152	157	1
179	155	1
202	155	1
227	155	1
253	155	1
278	155	1
305	155	1
331	155	0
356	156	0
380	155	0
406	155	0
430	155	0
456	155	1
483	155	1
510	155	1
535	155	1
561	155	1
587	153	1
612	147	1
636	145	1
666	143	0
695	147	0
719	146	0
747	155	0
773	155	0
801	155	0
824	158	0
847	155	1
870	155	1
898	155	1
924	155	1
951	155	1
973	155	1
1000	155	1
1024	155	1
8	179	0
30	178	0
55	179	0
82	179	0
105	179	0
129	180	0
154	182	0
179	179	0
202	179	1
227	179	1
253	179	1
278	179	1
305	179	1
331	179	1
355	179	1
380	179	1
403	178	0
430	179	0
456	179	0
483	179	0
510	179	1
535	179	1
561	179	1
585	179	1
611	179	1
639	172	1
664	171	1
693	169	1
714	164	1
747	179	1
773	179	1
797	179	0
823	179	0
847	179	0
870	179	0
898	179	1
924	179	1
951	179	1
973	179	1
1000	179	1
1024	179	1
8	195	1
31	195	1
55	195	0
82	195	0
105	195	0
132	195	0
155	195	0
179	198	0
202	195	1
227	195	1
253	195	1
278	195	1
305	195	1
331	195	1
355	195	1
380	195	1
406	195	1
430	195	0
456	195	0
483	197	0
510	195	0
535	195	0
561	195	0
585	195	1
611	195	1
638	195	1
665	195	1
692	195	1
719	195	1
747	195	1
773	195	1
797	195	1
823	195	1
847	195	1
870	195	0
898	195	0
924	195	0
951	195	0
973	195	0
1000	195	1
1024	195	1
8	215	1
31	215	1
55	215	1
82	215	0
104	215	0
132	217	0
155	215	0
179	215	0
202	215	0
227	215	0
255	218	0
279	218	0
305	215	1
331	215	1
355	215	1
380	215	1
406	215	1
430	215	1
456	215	1
483	215	1
510	215	1
535	215	0
561	215	0
585	215	0
611	215	0
638	215	0
665	215	1
692	215	1
719	215	1
747	215	1
773	215	1
797	215	1
823	215	1
847	215	1
870	215	1
898	215	1
924	215	0
951	215	0
973	215	0
1000	215	0
1024	215	0
8	236	1
31	236	1
55	236	1
82	236	1
105	236	1
132	236	1
155	236	0
179	236	0
202	236	0
227	236	0
253	236	0
278	236	0
305	236	0
331	236	1
355	236	1
380	236	1
406	236	1
430	236	1
456	236	1
483	236	1
510	236	1
535	236	1
561	236	1
585	236	0
611	236	0
638	236	0
665	236	0
692	236	0
719	236	1
747	236	1
773	236	1
797	236	1
823	236	1
847	236	1
870	236	1
898	236	1
924	236	1
951	236	1
973	236	1
1000	236	0
1024	236	0
8	260	1
31	260	1
55	260	1
82	260	1
105	260	1
132	260	1
155	260	1
179	260	1
202	260	1
226	258	0
253	260	0
280	259	0
305	260	0
331	260	0
355	260	0
380	260	0
407	260	0
430	260	1
456	260	1
483	260	1
510	260	1
535	260	1
561	260	1
585	260	1
611	260	1
638	260	0
665	260	0
692	260	0
719	260	0
747	260	0
773	260	1
797	260	1
823	260	1
847	260	1
870	260	1
898	260	1
924	260	1
951	260	1
973	260	1
1000	260	1
1024	260	1
8	283	0
31	283	0
55	283	0
82	283	1
105	283	1
132	283	1
155	283	1
179	283	1
202	283	1
227	283	1
253	283	1
278	283	1
305	283	1
331	283	1
355	283	0
380	283	0
406	283	0
430	283	0
456	284	0
483	283	0
510	283	1
535	283	1
561	283	1
585	283	1
611	283	1
638	283	1
665	283	1
692	283	1
719	283	0
747	283	0
773	283	0
797	283	0
823	283	0
847	283	1
870	283	1
898	283	1
924	283	1
951	283	1
973	283	1
1000	283	1
1024	283	1
8	314	0
31	314	0
55	314	0
82	314	0
105	314	0
132	314	0
155	314	0
179	314	1
202	314	1
227	314	1
253	314	1
278	314	1
305	314	1
331	314	1
355	314	1
380	314	1
406	314	1
430	314	0
456	314	0
483	314	0
510	314	0
535	314	0
561	314	0
585	314	0
611	314	1
638	314	1
665	314	1
692	314	1
719	314	1
747	314	1
773	314	1
797	314	1
823	314	1
847	314	0
874	313	0
894	311	0
924	314	0
951	314	0
973	314	1
1000	314	1
1024	314	1
8	334	1
31	334	1
55	334	1
81	334	0
105	334	0
132	334	0
155	334	0
179	334	0
202	334	0
227	334	0
253	334	1
278	334	1
305	334	1
331	334	1
355	334	1
380	334	1
406	334	1
430	334	1
456	334	1
483	334	0
509	335	0
536	333	0
561	334	0
585	334	0
611	334	0
638	334	1
665	334	1
692	334	1
719	334	1
747	334	1
773	334	1
797	334	1
823	334	1
847	334	1
870	334	1
898	334	1
924	334	0
951	334	0
973	334	0
1000	334	0
1024	334	1
8	352	1
31	352	1
55	352	1
82	352	1
105	352	1
132	352	1
153	350	0
180	349	0
202	352	0
227	352	0
253	352	0
278	352	0
305	352	0
331	352	1
355	352	1
380	352	1
406	352	1
430	352	1
456	352	1
483	352	1
510	352	1
535	352	1
561	352	0
585	352	0
611	352	0
638	352	0
665	352	0
692	352	1
719	352	1
747	352	1
773	352	1
797	352	1
823	352	1
847	352	1
870	352	1
898	352	1
924	352	1
951	352	1
973	352	0
1000	352	0
1024	352	1
8	375	1
31	375	1
55	375	1
82	375	1
105	375	1
132	375	1
155	375	1
179	375	1
202	375	0
227	372	0
253	375	0
278	375	0
305	375	0
331	375	0
355	375	0
380	375	1
406	375	1
430	375	1
456	375	1
483	375	1
510	375	1
535	375	1
561	375	1
585	375	1
611	375	1
638	375	0
665	375	0
692	375	0
719	375	0
747	375	0
773	375	1
797	375	1
823	375	1
847	375	1
870	375	1
898	375	1
924	375	1
951	375	1
973	375	1
1000	375	1
1024	375	1
8	400	0
31	400	0
55	400	0
82	400	1
105	400	1
132	400	1
155	400	1
179	400	1
202	400	1
227	400	1
253	400	1
278	400	0
305	400	0
331	400	0
355	400	0
380	400	0
406	400	0
430	400	0
456	400	0
483	400	1
510	400	1
535	400	1
561	400	1
585	400	1
611	400	1
638	400	1
665	400	1
692	400	1
718	400	0
747	400	0
773	400	0
797	400	0
823	400	0
844	402	0
870	400	1
898	400	1
924	400	1
951	400	1
973	400	1
1000	400	1
1024	400	1
7	425	0
31	423	0
55	423	0
82	423	0
105	423	0
132	423	0
155	423	1
179	423	1
202	423	1
227	423	1
253	423	1
278	423	1
305	423	1
331	423	1
355	423	1
380	423	1
406	423	0
430	423	0
456	423	0
483	423	0
510	423	0
535	423	0
561	423	1
585	423	1
611	423	1
638	423	1
665	423	1
692	423	1
719	423	1
747	423	1
773	423	0
796	420	0
823	423	0
847	423	0
870	423	0
898	423	0
924	423	1
951	423	1
973	423	1
1000	423	1
1024	423	1
3	437	0
27	438	0
55	438	0
82	438	0
105	438	0
132	438	0
155	441	0
179	438	0
202	438	0
227	438	1
253	438	1
278	438	1
305	438	1
331	438	1
355	438	1
380	438	1
406	438	0
428	438	0
461	436	0
483	438	0
510	438	0
535	438	0
562	439	0
588	441	0
611	438	0
638	438	1
665	438	1
692	438	1
719	438	1
747	438	1
773	438	1
797	438	1
823	438	0
847	438	0
870	438	0
898	438	0
924	438	0
951	438	0
973	438	1
1000	438	1
1024	438	1
8	455	1
31	455	1
51	458	0
79	455	0
104	451	0
132	455	0
155	455	0
179	455	0
202	455	0
225	459	0
255	458	0
278	455	1
305	455	1
331	455	1
355	455	1
380	455	1
406	455	1
430	455	1
456	455	1
483	455	1
511	454	0
535	455	0
561	455	0
585	455	0
611	455	0
638	455	1
665	455	1
692	455	1
719	455	1
747	455	1
773	455	1
797	455	1
823	455	1
847	455	1
870	455	1
898	455	0
924	455	0
951	455	0
973	455	0
1000	455	0
1024	455	0
8	477	1
31	477	1
55	477	1
82	477	1
105	477	1
132	477	1
155	477	1
179	477	0
202	477	0
227	477	0
253	477	0
278	477	0
305	477	0
331	477	0
355	477	0
380	477	1
406	477	1
430	477	1
456	477	1
483	477	1
510	477	1
535	477	1
563	475	0
585	477	0
611	477	0
638	477	0
665	477	0
692	477	1
719	477	1
747	477	1
773	477	1
797	477	1
823	477	1
847	477	1
870	477	1
898	477	1
924	477	1
951	477	1
973	477	0
1000	477	0
1024	477	0
8	502	1
31	502	1
55	502	1
82	502	1
105	502	1
132	502	1
155	502	1
179	502	1
202	502	1
227	502	1
253	502	0
278	502	0
305	502	0
331	502	0
355	502	0
380	502	0
406	502	1
430	502	1
456	502	1
483	502	1
510	502	1
535	502	1
561	502	1
585	502	1
610	500	0
638	500	0
665	502	0
692	502	0
719	502	0
747	502	0
773	502	1
797	502	1
823	502	1
847	502	1
870	502	1
898	502	1
924	502	1
951	502	1
973	502	1
1000	502	1
1028	504	0
8	526	0
31	526	0
55	526	0
82	526	1
105	526	1
132	526	1
155	526	1
179	526	1
202	526	1
227	526	1
253	526	1
278	526	1
305	526	0
331	526	0
355	526	0
380	526	0
406	526	0
434	529	0
456	526	0
483	526	1
510	526	1
535	526	1
561	526	1
585	526	1
611	526	1
638	526	1
665	526	0
690	525	0
719	526	0
747	526	0
773	526	0
797	526	0
823	526	1
847	526	1
870	526	1
898	526	1
924	526	1
951	526	1
973	526	1
1000	526	1
1024	526	1
8	543	0
31	543	0
55	543	0
82	543	0
105	543	0
132	543	1
155	543	1
179	543	1
202	543	1
227	543	1
253	543	1
278	543	1
305	543	1
331	543	1
355	543	1
380	543	0
406	543	0
430	543	0
456	543	0
484	548	0
512	550	0
535	543	1
561	543	1
585	543	1
611	543	1
638	543	1
665	543	1
692	543	1
719	543	1
747	543	0
773	543	0
797	543	0
823	543	0
847	543	0
870	543	0
898	543	1
924	543	1
951	543	1
973	543	1
1000	543	1
1024	543	1
8	565	1
31	565	1
55	565	0
82	565	0
105	565	0
132	565	0
155	565	0
179	565	0
202	565	1
227	565	1
253	565	1
278	565	1
305	565	1
331	565	1
355	565	1
380	565	1
406	565	1
430	565	1
456	565	0
483	565	0
510	565	0
535	565	0
561	565	0
585	565	0
611	565	1
638	565	1
665	565	1
692	565	1
719	565	1
747	565	1
773	565	1
797	565	1
819	565	0
846	565	1
870	565	0
898	565	0
924	565	0
952	566	0
973	565	1
1000	565	1
1024	565	1
8	589	1
31	589	1
55	589	1
82	589	1
105	589	0
132	589	0
155	589	0
179	589	0
202	589	0
227	589	0
253	589	0
278	589	1
305	589	1
331	589	1
355	589	1
380	589	1
406	589	1
430	589	1
456	589	1
483	589	1
510	589	1
535	589	0
564	587	0
585	589	0
611	589	0
638	589	0
665	589	0
692	589	1
719	589	1
747	589	1
773	589	1
797	589	1
823	589	1
847	589	1
870	589	0
900	587	0
924	589	0
951	589	0
973	589	0
1000	589	0
1024	589	1
8	610	1
31	610	1
55	610	1
82	610	1
105	610	1
132	610	1
155	610	1
179	610	0
202	610	0
227	610	0
253	610	0
278	610	0
305	610	0
331	610	1
355	610	1
380	610	1
406	610	1
430	610	1
456	610	1
483	610	1
510	610	1
535	610	1
561	610	1
585	610	0
611	611	0
638	610	0
665	610	0
691	614	0
719	610	0
747	610	1
773	610	1
797	610	1
823	610	1
847	610	1
870	610	1
898	610	1
924	610	1
951	610	1
973	610	1
1000	610	1
1024	610	0
8	631	1
31	631	1
55	631	1
82	631	1
105	631	1
132	631	1
155	631	1
179	631	1
202	631	1
227	631	1
253	631	0
279	631	0
305	631	0
331	631	0
355	631	0
380	631	0
406	631	1
430	631	1
456	631	1
483	631	1
510	631	1
535	631	1
561	631	1
585	631	1
611	631	1
638	631	1
662	631	0
694	633	0
719	631	0
747	631	0
773	631	0
797	631	0
823	631	1
847	631	1
870	631	1
898	631	1
924	631	1
951	631	1
973	631	1
1000	631	1
1024	631	1
8	659	0
31	659	0
55	659	0
82	659	0
105	659	0
132	659	1
155	659	1
179	659	1
202	659	1
227	659	1
253	659	1
278	659	1
305	659	1
331	659	1
355	659	1
380	659	0
406	659	0
430	659	0
456	659	0
483	659	0
510	659	1
535	659	1
561	659	1
585	659	1
611	659	1
638	659	1
665	659	1
692	659	1
719	659	0
747	659	0
773	659	0
797	659	0
823	659	0
847	659	0
870	659	1
898	659	1
924	659	1
951	659	1
973	659	1
1000	659	1
1024	659	1
8	683	1
31	683	1
55	683	0
82	683	0
105	683	0
132	683	0
155	683	0
179	683	0
202	683	1
227	683	1
253	683	1
278	683	1
305	683	1
331	683	1
355	683	1
380	683	1
406	683	1
430	683	0
456	683	0
483	683	0
510	683	0
535	683	1
561	683	1
585	683	1
611	683	1
638	683	1
665	683	1
692	683	1
719	683	1
747	683	1
773	683	1
791	683	0
820	685	1
847	683	1
870	683	0
898	683	0
924	683	0
951	683	1
973	683	1
1000	683	1
1024	683	1
