7	4	1
31	4	0
56	4	0
82	4	1
107	4	1
132	4	1
156	4	1
179	4	1
204	4	1
231	4	1
258	4	0
284	4	0
310	4	1
336	4	1
363	4	1
390	4	1
417	4	1
443	4	1
471	4	1
497	4	1
525	4	1
551	4	1
579	4	1
606	4	1
629	4	1
656	4	0
677	4	0
699	4	0
723	4	0
745	4	0
772	4	0
797	4	0
823	4	0
848	4	0
874	4	0
898	4	0
923	4	0
947	4	0
969	4	0
993	4	0
1013	4	0
1031	4	0
7	26	1
31	26	0
56	26	0
75	23	1
106	24	1
131	23	1
156	26	1
179	26	1
204	26	1
231	26	1
258	26	1
284	26	1
310	26	1
336	34	1
363	26	0
390	26	0
417	26	0
443	26	0
471	26	0
502	37	1
528	34	1
553	29	1
579	26	1
606	26	1
629	26	1
656	26	1
677	26	1
699	26	1
723	26	1
747	35	1
772	35	1
797	26	0
823	26	0
848	26	0
874	26	0
898	26	0
923	26	0
947	26	0
969	26	0
993	26	0
1013	26	0
1031	26	0
7	51	1
35	62	0
56	66	0
82	66	0
107	66	0
132	66	0
156	66	0
179	66	0
204	66	1
231	66	1
258	66	1
284	66	1
310	66	1
336	66	1
363	66	1
390	66	1
417	66	1
443	66	1
471	66	1
497	66	1
526	76	1
554	76	0
579	74	0
606	66	0
629	66	0
656	66	0
677	66	0
699	66	0
723	66	0
751	77	1
772	66	1
797	66	1
823	66	1
848	66	1
874	66	1
898	66	0
923	66	0
947	66	0
969	66	0
993	66	0
1013	66	0
1031	66	0
7	98	0
31	98	1
56	98	1
82	98	1
107	98	1
132	98	1
156	98	1
179	98	1
204	98	1
231	98	1
258	98	0
284	98	0
310	98	0
336	98	0
363	98	0
394	107	1
418	107	1
443	106	1
472	107	1
496	104	1
525	103	1
551	104	1
578	107	1
605	107	1
631	106	1
657	111	1
677	114	1
699	98	0
723	98	0
745	98	0
772	98	0
797	98	0
823	98	0
848	98	0
874	98	1
898	98	1
923	98	1
947	98	1
969	98	1
993	98	1
1013	98	0
1031	98	0
7	124	0
27	123	0
54	126	0
79	123	0
109	126	0
130	127	1
155	127	1
179	127	1
205	127	1
232	127	1
256	127	1
284	130	1
310	131	1
335	134	1
361	131	1
390	139	1
417	139	1
443	139	0
471	139	0
497	139	0
525	139	0
551	139	0
579	139	0
606	139	1
629	139	1
656	139	1
677	139	1
699	139	1
719	146	1
743	143	1
772	145	1
802	144	1
823	139	0
848	139	0
874	139	0
898	139	0
923	139	0
947	139	0
970	134	1
992	129	1
1017	123	1
1031	122	1
7	150	1
28	147	1
55	151	1
83	151	0
111	151	0
133	151	0
155	151	0
182	150	0
206	151	0
232	150	0
258	151	0
284	157	1
310	157	1
336	157	1
363	157	1
390	157	1
417	157	1
443	157	1
471	157	1
497	157	1
525	163	1
549	167	1
579	168	1
611	167	1
637	166	0
660	164	0
679	165	0
703	165	0
725	167	0
746	166	0
772	166	0
801	164	0
827	163	0
850	162	0
874	157	0
898	157	0
923	157	0
947	157	0
969	157	0
993	157	0
1013	157	0
1031	157	0
7	178	1
27	179	1
54	180	1
80	179	1
105	177	1
128	176	1
153	179	1
177	176	1
203	179	1
228	178	1
259	179	1
287	184	1
310	188	1
339	191	1
363	188	0
390	188	0
417	188	0
443	188	0
471	188	0
497	188	1
525	188	1
551	188	1
579	188	1
606	188	1
629	188	1
656	188	1
677	188	1
699	188	1
723	188	1
745	188	1
774	182	0
801	179	0
824	179	0
847	178	0
873	175	0
895	173	0
924	179	0
945	175	0
967	175	0
992	179	0
1015	178	0
1030	180	0
7	206	0
33	204	0
55	205	0
83	207	0
107	207	0
133	208	0
154	212	0
173	215	0
204	219	1
231	219	1
258	219	1
284	219	1
310	219	1
336	219	1
363	219	1
390	219	1
417	219	1
443	219	1
471	219	1
497	219	1
525	219	1
551	219	0
579	219	0
606	219	0
629	219	0
655	224	0
679	227	0
702	229	1
725	224	1
745	219	1
772	214	1
800	209	1
826	210	1
843	208	1
871	207	1
902	209	1
927	207	0
949	209	0
967	209	0
994	210	0
1014	209	0
1027	207	0
9	227	0
37	227	1
60	227	1
87	227	1
109	236	1
135	239	1
158	243	1
178	245	1
204	248	1
231	248	0
258	248	0
284	248	0
310	248	0
336	248	0
363	248	1
390	248	1
417	248	1
443	248	1
471	248	1
497	248	1
525	248	1
551	254	1
577	255	1
602	255	1
630	255	1
656	256	1
678	259	1
700	262	1
727	259	0
749	257	0
775	255	0
798	253	0
823	248	0
848	248	0
879	250	0
904	249	1
928	247	1
947	243	1
972	237	0
989	236	0
1009	232	0
1031	233	0
7	281	0
31	281	0
56	281	0
82	281	0
113	278	1
134	276	1
155	275	1
177	274	1
207	273	1
235	272	1
260	272	1
283	273	1
310	273	1
338	275	1
363	281	1
390	281	1
417	281	1
443	289	1
468	287	0
492	285	0
522	287	0
552	290	0
579	287	1
608	286	1
632	289	1
658	287	1
681	286	1
704	284	1
727	287	1
745	284	1
774	287	1
798	287	1
821	287	1
850	283	0
876	279	0
905	270	1
924	271	1
948	266	1
969	264	1
991	260	1
1010	255	0
1030	255	1
7	306	1
31	312	1
56	312	1
82	312	0
107	312	0
132	312	0
156	312	0
179	312	0
204	312	0
231	312	0
258	312	0
284	312	1
310	312	1
336	312	1
363	312	1
390	312	1
417	312	1
443	312	1
471	312	1
497	312	1
525	312	1
551	312	1
577	317	1
604	321	1
629	312	0
656	312	0
677	312	0
699	312	0
723	312	0
745	312	0
772	312	0
797	312	0
823	312	0
852	307	0
873	305	0
906	298	1
929	304	0
947	302	0
968	301	0
991	302	0
1013	297	0
1031	287	1
7	341	0
31	341	1
56	341	1
82	341	1
107	341	1
132	341	1
156	341	1
179	341	1
203	338	1
227	335	1
255	334	1
280	336	1
303	339	1
336	341	0
363	341	0
390	341	0
417	341	0
443	341	1
471	341	1
497	341	1
525	341	1
551	341	1
579	341	1
605	347	1
630	347	1
658	347	1
679	350	1
700	347	1
723	351	1
745	350	1
772	341	0
797	341	0
823	341	0
848	341	0
873	338	1
905	336	1
929	339	0
947	341	0
969	341	0
993	341	0
1013	341	0
1031	341	0
6	359	0
31	359	0
56	357	0
83	356	0
110	359	0
134	361	0
159	361	0
179	365	0
205	367	1
231	367	1
257	367	1
285	363	1
309	367	1
336	368	1
363	372	1
390	372	1
417	372	1
443	372	1
471	372	1
497	372	1
526	374	0
551	372	0
579	372	0
606	372	0
629	372	0
653	378	0
674	380	1
697	382	1
723	376	1
745	372	1
772	372	1
797	372	1
824	370	1
847	366	1
871	364	1
896	364	1
921	363	1
943	362	0
967	359	0
990	357	0
1013	359	0
1030	361	0
8	382	0
31	380	1
53	376	1
80	381	1
105	385	1
132	387	1
156	392	1
179	392	1
204	392	1
231	392	0
258	392	0
284	392	0
310	392	0
336	392	0
363	399	1
391	402	1
418	402	1
443	401	1
472	399	1
500	400	1
526	399	1
555	400	1
581	404	1
607	403	1
631	404	1
659	407	1
682	408	1
703	405	0
724	406	0
745	402	0
774	399	0
799	398	0
826	399	0
853	398	0
875	399	0
897	400	0
916	399	1
939	387	1
964	383	1
989	382	1
1012	380	1
1033	378	0
7	428	1
31	428	1
54	433	1
74	430	0
104	430	0
131	422	1
156	423	1
176	423	1
202	423	1
228	424	1
255	424	1
284	428	1
310	428	1
336	428	1
363	428	1
389	434	1
422	436	0
445	433	0
469	435	0
495	434	0
527	436	0
552	441	1
579	443	1
604	439	1
630	438	1
658	437	1
676	437	1
700	435	1
721	434	1
744	434	1
771	435	1
798	434	1
823	428	0
848	428	0
874	428	0
898	428	0
923	428	0
947	428	0
971	424	0
995	422	0
1012	418	1
1031	419	1
7	467	1
31	467	1
56	467	1
82	467	0
107	467	0
132	467	0
156	467	0
179	467	0
203	467	0
231	467	0
258	467	1
284	467	1
310	467	1
336	467	1
362	463	1
391	464	1
415	466	1
443	467	1
471	467	1
497	467	1
525	467	1
551	467	1
579	467	1
606	467	0
629	467	0
656	467	0
677	467	0
699	467	0
723	467	0
745	467	0
772	467	0
797	467	0
823	467	0
857	468	1
878	461	1
906	456	1
930	455	0
947	457	0
967	460	0
992	459	0
1012	462	0
1029	460	0
7	504	0
31	504	0
56	504	1
82	504	1
107	504	1
132	504	1
156	504	1
179	504	1
204	504	1
231	504	1
258	504	1
284	504	1
310	504	0
336	504	0
363	504	0
390	504	0
417	504	0
443	504	0
471	504	1
497	504	1
525	504	1
551	504	1
579	504	1
606	504	1
629	504	1
656	504	1
677	504	1
699	504	1
723	504	1
745	504	1
772	504	0
797	504	0
823	504	0
848	504	0
874	504	0
898	504	0
920	500	0
947	499	0
971	499	0
992	495	0
1008	495	0
1031	495	0
7	539	0
31	539	0
56	539	1
82	539	1
107	539	1
132	539	1
160	534	0
182	533	1
203	533	1
230	534	1
256	532	1
283	535	1
310	534	1
339	531	1
367	536	1
390	534	1
417	539	1
443	539	1
471	539	1
498	543	1
525	539	0
551	539	0
579	539	0
606	539	0
629	539	0
656	539	1
677	539	1
699	539	1
723	539	1
745	539	1
772	539	1
797	539	1
823	539	1
848	539	1
868	537	1
895	535	0
923	532	1
947	529	1
973	525	1
995	524	0
1017	525	0
1031	525	0
7	575	1
31	575	1
56	575	1
82	575	1
107	575	1
132	575	1
156	575	1
179	575	1
204	575	1
231	575	1
258	575	1
284	575	1
310	575	1
336	575	1
363	575	1
390	575	1
417	575	1
443	575	1
471	575	1
497	575	1
525	575	1
551	575	1
579	575	1
606	575	1
629	575	1
656	575	1
677	575	0
699	575	0
723	575	0
745	575	0
772	575	0
797	575	0
823	575	0
848	575	0
874	575	0
898	575	0
923	575	0
947	575	0
968	567	1
990	565	1
1010	560	1
1029	554	1
7	608	1
31	608	1
56	608	1
82	608	0
107	608	0
132	608	0
156	608	0
179	608	0
204	608	0
231	608	0
258	608	1
284	608	1
310	608	1
336	608	1
363	608	1
390	608	0
417	608	0
443	608	0
471	608	0
497	608	0
525	608	1
551	608	1
579	608	1
606	608	1
629	608	1
656	608	1
677	608	1
699	608	1
723	608	1
745	608	1
772	608	1
797	608	1
823	608	0
848	608	0
874	608	0
898	608	0
923	608	0
947	608	0
969	608	0
993	608	0
1013	608	0
1031	608	0
7	627	0
35	627	1
56	627	1
83	631	0
107	631	0
130	631	0
157	630	0
180	630	0
210	631	0
227	631	0
251	631	1
278	630	1
311	628	1
336	629	1
362	627	1
390	630	1
417	634	1
443	634	1
471	639	1
499	641	1
529	645	1
552	648	1
586	650	0
611	653	0
631	653	0
657	648	0
681	652	0
702	651	0
729	652	0
751	653	0
774	647	1
801	646	1
827	643	1
851	643	1
873	642	1
896	639	1
923	634	0
947	634	0
969	634	0
993	634	0
1013	634	0
1031	634	0
8	667	0
33	670	0
55	668	0
78	667	1
106	665	1
129	663	1
156	663	1
178	665	1
203	666	1
229	670	1
258	673	1
283	671	0
310	673	0
336	673	0
363	673	0
390	673	0
417	673	1
443	673	1
471	673	1
497	673	1
525	673	1
551	673	1
579	673	1
606	679	1
629	679	1
658	677	1
683	679	1
704	683	1
723	684	1
747	682	0
773	682	0
799	679	0
825	680	0
853	679	0
881	679	0
900	679	0
926	682	0
950	679	0
971	682	0
992	684	1
1012	683	1
1033	683	1
