4	13	0
27	13	0
53	13	0
76	13	0
99	13	1
123	13	1
149	13	1
173	13	1
197	13	1
223	13	1
250	13	1
275	13	1
301	13	1
327	13	1
352	13	1
378	13	0
406	13	0
431	13	0
457	13	0
483	13	0
509	13	1
534	13	1
562	13	1
589	13	1
616	13	1
644	13	1
671	13	1
696	13	1
721	13	0
748	13	0
774	13	0
800	13	0
825	13	0
855	13	1
881	13	1
907	13	1
931	13	1
958	13	1
982	13	1
1004	13	1
1031	11	0
4	33	1
27	33	1
53	33	0
76	33	0
99	33	0
123	33	0
149	33	0
173	33	1
197	33	1
223	33	1
250	33	1
275	33	1
301	33	1
327	33	1
352	33	1
378	33	1
406	33	1
431	33	1
457	33	0
483	33	0
509	33	0
534	33	0
562	33	1
589	33	1
616	33	1
644	33	1
671	33	1
696	33	1
721	33	1
748	33	1
774	33	1
800	33	0
827	33	0
855	33	0
881	33	0
907	33	1
931	33	1
958	33	1
982	33	1
1004	33	1
1028	33	1
4	52	1
27	52	1
53	52	1
76	52	1
100	55	0
123	52	0
148	51	0
173	52	0
197	52	0
223	52	1
250	52	1
275	52	1
301	52	1
327	52	1
352	52	1
378	52	1
406	52	1
431	52	1
457	52	1
483	52	1
509	52	0
534	52	0
562	52	0
589	52	0
616	52	0
644	52	1
671	52	1
696	52	1
721	52	1
748	52	1
774	52	1
800	52	1
827	52	1
855	52	0
881	52	0
907	52	0
931	52	0
958	52	0
982	52	1
1004	52	1
1028	52	1
4	69	1
27	69	1
53	69	1
76	69	1
99	69	1
123	69	1
149	69	1
173	69	0
197	69	0
223	69	0
250	69	0
275	69	0
301	69	1
327	69	1
352	69	1
378	69	1
406	69	1
431	69	1
457	69	1
483	69	1
509	69	1
534	69	1
562	69	1
589	69	0
616	69	0
646	69	0
671	69	0
696	69	1
721	69	1
748	69	1
774	69	1
800	69	1
827	69	1
855	69	1
881	69	1
907	69	1
933	67	0
958	69	0
982	69	0
1004	69	0
1028	69	0
4	95	0
27	95	1
53	95	1
76	95	1
99	95	1
123	95	1
149	95	1
173	95	1
197	95	1
223	95	1
250	95	1
275	95	1
301	95	0
327	95	0
352	95	0
378	95	1
406	95	1
431	95	1
457	95	1
483	95	1
509	95	1
534	95	1
562	95	1
589	95	1
616	95	1
644	95	1
671	95	0
696	95	1
721	95	1
748	95	1
774	95	1
800	95	1
827	95	1
855	95	1
881	95	1
907	95	1
931	95	1
958	95	1
982	95	1
1004	95	0
1028	95	0
4	118	0
27	118	1
53	118	1
79	116	1
99	118	1
123	118	1
149	118	1
173	118	1
197	118	1
223	118	1
250	118	1
275	118	1
301	118	0
327	118	0
352	118	1
378	118	1
406	118	1
431	118	1
457	118	1
483	118	1
509	118	1
534	118	1
562	118	1
589	118	1
616	118	1
644	118	1
671	118	1
696	118	1
721	118	0
748	118	0
774	118	1
800	118	1
827	118	1
855	118	1
881	118	1
907	118	1
931	118	1
958	118	1
982	118	1
1004	118	1
1028	118	1
4	140	1
27	140	0
53	140	0
76	140	0
99	140	1
123	140	1
149	140	1
173	140	1
197	140	1
223	140	1
250	140	1
275	140	1
301	140	1
327	140	1
352	140	1
378	140	1
406	140	1
431	140	1
457	140	0
482	141	0
509	140	1
534	140	1
562	140	1
589	140	1
616	140	1
644	140	1
671	140	1
696	140	1
721	140	0
748	140	0
774	140	0
800	140	0
827	140	1
855	140	1
881	140	1
907	140	1
931	140	1
958	140	1
982	140	1
1004	140	1
1028	140	1
4	163	1
27	163	1
53	163	1
76	163	1
99	163	0
123	163	0
149	163	0
173	163	0
197	163	0
223	163	1
250	163	1
275	163	1
301	163	1
327	163	1
352	163	1
378	163	1
406	163	1
431	163	1
457	159	0
483	163	0
509	163	0
534	163	0
562	163	1
589	163	1
616	163	1
644	163	1
671	163	1
696	163	1
721	163	1
748	163	1
774	163	1
800	163	1
827	163	1
855	163	0
881	163	0
907	163	0
931	163	1
958	163	1
982	163	1
1004	163	1
1028	163	1
4	188	1
27	188	1
53	188	1
76	188	1
99	188	1
123	188	1
149	188	1
173	188	0
197	188	0
223	188	0
250	188	0
275	188	0
301	188	1
327	188	1
352	188	1
378	188	1
406	188	1
431	188	1
457	188	1
483	188	1
509	188	1
534	188	1
562	188	0
589	188	0
616	188	0
644	188	1
671	188	1
696	188	1
721	188	1
748	188	1
774	188	1
800	188	1
827	188	1
855	188	1
881	188	1
907	188	0
931	188	0
958	188	1
982	188	1
1004	188	1
1028	188	1
4	212	1
27	212	1
53	212	1
76	212	1
99	212	1
123	212	1
149	212	1
173	212	1
197	212	1
223	212	0
250	212	0
275	212	0
301	212	0
327	212	0
352	212	1
378	212	1
406	212	1
433	219	1
463	219	1
486	219	1
509	212	1
534	212	1
562	212	1
589	212	1
616	212	1
644	212	0
671	212	0
696	212	0
721	212	0
748	212	1
774	212	1
800	212	1
827	212	1
855	212	1
881	212	1
907	212	1
931	212	1
958	212	1
982	212	0
1004	212	0
1028	212	1
4	241	0
27	241	0
53	241	0
76	241	1
99	241	1
123	241	1
149	241	1
173	241	1
197	241	1
223	241	1
250	241	1
275	241	1
301	241	1
327	241	1
352	241	0
378	241	0
406	241	0
431	241	0
458	243	0
478	245	0
509	241	1
534	241	1
562	241	1
589	241	1
616	241	1
644	241	1
671	241	1
696	241	0
721	241	0
748	241	0
774	241	0
800	241	0
827	241	1
855	241	1
881	241	1
907	241	1
931	241	1
958	241	1
982	241	1
1004	241	1
1028	241	1
5	264	0
27	264	0
53	264	0
76	264	0
99	264	0
123	264	0
149	264	1
173	264	1
197	264	1
223	264	1
250	264	1
275	264	1
301	264	1
327	264	1
352	264	1
378	264	1
406	264	1
431	264	0
457	264	0
483	264	0
509	264	0
534	264	0
562	264	1
589	264	1
616	264	1
644	264	1
671	264	1
696	264	1
721	264	1
748	264	1
774	264	0
800	264	0
830	265	0
854	266	0
880	266	0
907	264	1
931	264	1
958	264	1
982	264	1
1004	264	1
1028	264	1
4	285	1
27	285	1
53	285	1
76	285	1
99	285	0
123	285	0
149	285	0
173	285	0
197	285	0
223	285	1
250	285	1
275	285	1
301	285	1
327	285	1
352	285	1
378	285	1
406	285	1
431	285	0
457	285	0
483	285	0
509	285	0
534	285	0
562	285	1
589	285	1
616	285	1
644	285	1
671	285	1
696	285	1
721	285	1
748	285	1
774	285	1
800	285	1
827	285	1
855	285	1
881	285	1
907	285	0
931	285	0
958	285	1
982	285	1
1004	285	1
1028	285	1
4	308	1
27	308	1
53	308	1
76	308	1
99	308	1
123	308	1
149	308	1
173	308	1
197	308	0
223	308	0
250	308	0
275	308	1
301	308	1
327	308	1
352	308	1
378	308	1
406	308	1
431	308	1
457	308	1
483	308	1
509	308	1
534	308	1
562	308	0
589	308	0
616	308	0
644	308	0
671	308	1
696	308	1
721	308	1
748	308	1
774	308	1
800	308	1
827	308	1
855	308	1
881	308	1
907	308	0
931	308	0
958	308	0
982	308	0
1004	308	0
1028	308	1
4	327	1
27	327	1
53	327	1
76	327	1
99	327	1
123	327	1
149	327	1
173	327	1
197	327	0
223	327	0
250	327	0
275	327	0
301	327	0
327	327	0
352	327	1
378	327	1
406	327	1
431	327	1
457	327	1
483	327	1
509	327	1
534	327	1
562	327	1
589	327	1
616	327	0
644	327	0
671	327	1
696	327	1
721	327	1
748	327	1
774	327	1
800	327	1
827	327	1
855	327	1
881	327	1
907	327	1
931	327	1
958	327	0
982	327	0
1004	327	0
1028	327	0
4	347	1
27	347	1
53	347	1
76	347	1
99	347	1
123	347	1
149	347	1
173	347	1
197	347	1
223	347	1
250	347	1
275	347	0
301	347	0
327	347	0
352	347	0
378	347	0
407	347	0
431	347	1
457	347	1
483	347	1
509	347	1
534	347	1
562	347	1
589	347	1
616	347	1
644	347	1
671	347	1
696	347	0
721	347	0
748	347	0
774	347	0
800	347	0
820	358	1
858	356	1
881	355	1
907	347	1
931	347	1
958	347	1
982	347	1
1004	347	1
1028	347	0
4	373	1
27	373	1
53	373	1
76	373	1
99	373	1
123	373	1
149	373	1
173	373	1
197	373	1
223	373	1
250	373	1
275	373	1
301	373	1
327	373	1
354	374	0
378	373	0
406	373	0
431	373	0
457	373	0
483	373	1
509	373	1
534	373	1
562	373	1
589	373	1
616	373	1
644	373	1
671	373	1
696	373	1
721	373	1
748	373	0
774	373	0
800	373	0
827	378	0
855	373	0
879	375	0
907	373	1
931	373	1
958	373	1
982	373	1
1004	373	1
1028	373	1
4	397	1
27	397	1
53	397	1
76	397	0
99	397	0
123	397	0
149	397	0
173	397	0
197	397	1
223	397	1
250	397	1
275	397	1
301	397	1
327	397	1
352	397	1
378	397	1
408	398	0
429	396	0
456	396	0
483	397	0
509	397	0
534	397	1
562	397	1
589	397	1
616	397	1
644	397	1
671	397	1
696	397	1
721	397	1
748	397	1
774	397	1
800	397	1
826	399	0
855	397	0
881	397	0
907	397	0
931	397	0
958	397	1
982	397	1
1004	397	1
1028	397	1
4	419	1
27	419	1
53	419	1
76	419	1
99	419	1
123	419	1
149	419	0
173	419	0
197	419	0
223	419	0
250	419	0
275	419	1
301	419	1
327	419	1
352	419	1
378	419	1
406	419	1
431	419	1
457	419	1
480	419	0
509	419	0
534	419	0
562	419	0
589	419	0
616	419	1
644	419	1
671	419	1
696	419	1
721	419	1
748	419	1
774	419	1
800	419	1
827	419	1
855	419	1
881	419	1
907	419	0
931	419	0
958	419	0
982	419	1
1004	419	1
1028	419	1
4	442	1
27	442	1
53	442	1
76	442	1
99	442	1
123	442	1
149	442	1
173	442	1
197	442	1
223	442	0
250	442	0
275	442	0
301	442	0
327	442	0
351	442	0
378	442	1
406	442	1
431	442	1
457	442	1
483	442	1
509	442	1
534	442	0
562	442	0
589	442	0
616	442	0
644	442	0
671	442	1
696	442	1
721	442	1
748	442	1
774	442	1
800	442	1
827	442	1
855	442	1
881	442	1
907	442	1
931	442	1
958	442	0
982	442	0
1004	442	0
1028	442	1
4	464	1
27	464	1
53	464	1
76	464	1
99	464	1
123	464	1
149	464	1
173	464	1
197	464	1
223	464	1
250	464	0
275	464	0
301	464	0
327	464	0
352	464	0
378	464	0
406	464	1
431	464	1
457	464	1
483	464	1
509	464	1
534	464	1
562	464	1
589	464	1
616	464	0
644	464	0
671	464	0
696	464	0
721	464	0
748	464	1
774	464	1
800	464	1
827	464	1
855	464	1
881	464	1
907	464	1
931	464	1
958	464	1
982	464	1
1004	464	1
1028	464	0
4	487	0
27	487	0
53	487	0
76	487	1
99	487	1
123	487	1
149	487	1
173	487	1
197	487	1
223	487	1
250	487	1
275	487	1
301	487	1
327	487	0
352	487	0
378	487	0
407	491	0
431	491	0
457	490	0
483	487	1
509	487	1
534	487	1
562	487	1
589	487	1
616	487	1
644	487	1
671	487	1
696	487	0
721	487	0
748	487	0
774	487	0
800	487	1
827	487	1
855	487	1
881	487	1
907	487	1
931	487	1
958	487	1
982	487	1
1004	487	1
1028	487	1
4	507	0
25	506	0
53	507	0
76	507	0
99	507	0
123	507	0
149	507	1
173	507	1
197	507	1
223	507	1
250	507	1
275	507	1
301	507	1
327	507	1
352	507	1
378	507	1
406	507	0
431	507	0
457	507	0
483	507	0
509	507	0
534	507	1
562	507	1
589	507	1
616	507	1
644	507	1
671	507	1
696	507	1
721	507	1
748	507	0
774	507	0
800	507	0
827	507	0
855	507	0
881	507	1
907	507	1
931	507	1
958	507	1
982	507	1
1004	507	1
1028	507	1
4	526	1
27	526	1
54	527	0
76	526	0
99	526	0
123	526	0
149	526	0
173	526	0
197	526	1
223	526	1
250	526	1
275	526	1
301	526	1
327	526	1
352	526	1
378	526	1
407	526	0
430	525	0
457	526	0
483	526	0
509	526	0
534	526	0
562	526	1
589	526	1
616	526	1
644	526	1
671	526	1
696	526	1
721	526	1
748	526	1
774	526	1
800	526	0
827	526	0
854	528	0
881	526	0
907	526	0
931	526	0
958	526	1
982	526	1
1004	526	1
1028	526	1
4	548	1
27	548	1
53	548	1
76	548	1
99	548	0
123	548	0
149	548	0
173	548	0
197	548	0
221	549	0
250	548	0
275	548	1
301	548	1
327	548	1
352	548	1
378	548	1
406	548	1
431	548	1
457	548	1
483	548	1
509	548	0
534	548	0
562	548	0
589	548	0
616	548	0
644	548	0
671	548	1
696	548	1
721	548	1
748	548	1
774	548	1
800	548	1
827	548	1
855	548	1
881	548	0
907	548	0
931	548	0
958	548	0
982	548	0
1004	548	1
1028	548	1
4	572	1
27	572	1
53	572	1
76	572	1
99	572	1
123	572	1
149	572	1
173	572	0
197	572	0
224	571	0
250	572	0
275	572	0
301	572	0
327	572	1
352	572	1
378	572	1
406	572	1
431	572	1
457	572	1
483	572	1
509	572	1
534	572	1
562	572	1
589	572	1
616	572	0
644	572	0
671	572	0
696	572	0
721	572	1
748	572	1
774	572	1
800	572	1
827	572	1
855	572	1
881	572	1
907	572	1
931	572	1
958	572	0
982	572	0
1004	572	0
1028	572	0
4	601	0
27	601	0
53	601	0
76	601	1
99	601	1
123	601	1
149	601	1
173	601	1
197	601	1
223	601	1
250	601	1
275	601	1
301	601	0
327	601	0
352	601	0
378	601	0
406	601	0
431	601	0
457	601	1
483	601	1
509	601	1
534	601	1
562	601	1
589	601	1
616	601	1
644	601	1
672	602	0
702	600	0
721	601	0
748	601	0
774	601	0
800	601	1
827	601	1
855	601	1
881	601	1
907	601	1
931	601	1
958	601	1
982	601	1
1004	601	1
1028	601	1
4	625	1
27	625	0
53	625	0
76	625	0
99	625	0
123	625	1
149	625	1
173	625	1
197	625	1
223	625	1
250	625	1
275	625	1
301	625	1
327	625	1
352	625	1
378	625	1
406	625	0
431	625	0
457	625	0
483	625	0
509	625	0
534	625	1
562	625	1
589	625	1
616	625	1
644	625	1
671	625	1
696	625	1
721	625	1
748	625	0
771	623	0
800	625	0
827	625	0
855	625	0
881	625	1
907	625	1
931	625	1
958	625	1
982	625	1
1004	625	1
1028	625	1
4	646	1
27	646	0
53	646	0
76	646	0
99	646	0
123	646	0
149	646	0
173	646	0
197	646	1
223	646	1
250	646	1
275	646	1
301	646	1
327	646	1
352	646	1
378	646	1
406	646	1
431	646	1
457	646	0
483	646	0
509	646	0
536	651	0
563	651	0
589	646	1
616	646	1
644	646	1
671	646	1
696	646	1
721	646	1
748	646	1
774	646	1
800	646	0
827	646	0
855	646	0
881	646	0
907	646	0
931	646	0
958	646	1
982	646	1
1004	646	1
1028	646	1
8	675	1
36	670	1
63	670	1
67	686	1
95	687	1
122	682	1
148	679	1
173	673	0
197	673	0
223	673	0
250	673	1
275	673	1
301	673	1
327	673	1
352	673	1
378	673	1
406	673	1
431	673	1
457	673	1
483	673	1
509	673	1
534	673	0
562	673	0
589	673	0
616	673	0
644	673	0
671	673	1
696	673	1
721	673	1
748	673	1
774	673	1
800	673	1
827	673	1
855	673	0
882	671	0
907	673	0
931	673	0
958	673	0
982	673	0
1004	673	1
1028	673	1
