20	10	0
55	10	0
93	10	0
123	10	0
161	10	0
182	10	0
214	10	0
246	10	0
271	10	0
299	10	0
323	10	0
366	10	0
388	10	0
422	10	0
455	10	0
469	10	0
502	10	0
519	10	0
554	10	0
591	10	0
623	10	0
638	10	0
665	10	1
703	10	0
735	10	0
771	10	1
802	10	1
835	10	1
865	10	0
902	10	1
932	10	0
967	10	1
1005	10	0
1029	10	0
20	54	0
55	54	0
93	54	0
123	54	0
161	54	0
182	54	0
214	54	0
246	54	0
271	54	1
299	54	0
323	54	0
366	54	0
388	54	0
422	54	0
455	54	0
469	54	0
502	54	0
519	54	0
569	43	1
591	54	0
623	54	0
638	54	0
665	54	0
703	54	0
735	54	1
771	54	1
805	45	0
835	9	0
865	54	1
902	54	0
932	54	0
967	54	0
1005	54	0
1029	54	0
20	88	0
55	88	0
93	88	0
123	88	0
161	88	0
182	88	0
214	88	0
246	88	1
271	88	0
299	88	0
323	88	0
366	88	0
388	88	0
423	80	1
455	88	0
477	81	1
502	88	0
523	79	1
554	88	0
591	88	0
623	88	0
638	88	1
665	88	0
703	88	1
735	88	0
771	88	0
803	49	1
835	88	1
859	47	0
902	88	1
932	88	0
967	88	0
1005	88	0
1029	88	1
20	123	0
55	123	0
93	123	0
115	124	1
161	123	1
182	123	0
214	123	0
246	123	0
271	123	0
299	123	0
323	123	1
366	123	0
388	123	0
421	125	1
455	123	0
469	123	0
499	135	1
519	123	0
548	130	1
591	123	1
623	123	1
638	123	1
665	123	1
703	147	0
735	123	0
771	147	1
802	123	0
835	138	1
867	134	0
902	123	1
932	123	0
979	116	1
1005	123	0
1029	123	0
20	171	0
55	171	0
93	171	0
123	171	0
161	171	0
182	171	0
214	171	0
246	171	0
271	171	0
305	159	1
323	171	0
366	171	0
388	171	0
422	171	0
455	171	0
469	171	0
502	171	0
519	171	0
554	171	1
591	171	1
623	171	0
638	171	0
665	171	1
703	171	0
735	171	0
771	171	0
797	93	0
835	171	0
865	171	0
902	171	0
932	171	1
967	171	1
1005	171	0
1029	171	0
20	192	0
55	192	0
93	192	0
123	192	0
161	192	0
182	192	0
214	192	0
246	192	0
271	192	0
299	192	0
327	201	1
366	192	0
388	192	0
422	192	0
455	192	0
469	192	0
502	192	1
519	192	1
554	192	1
591	192	0
623	192	0
638	192	0
665	192	1
703	192	1
735	192	0
771	192	0
802	192	0
835	192	0
865	192	1
902	192	0
932	192	0
967	192	1
1005	192	0
1029	192	0
20	225	1
55	229	0
93	229	0
123	229	0
161	229	0
182	229	0
214	229	0
246	229	1
271	229	0
299	229	0
323	229	0
366	229	0
388	229	0
422	229	0
455	229	1
469	229	1
502	229	0
519	229	0
554	229	0
591	229	1
623	229	1
638	229	1
665	229	0
703	229	0
735	229	1
771	229	1
802	229	0
835	229	0
865	229	0
902	229	0
932	229	0
967	229	0
1005	229	0
1029	229	0
20	253	0
55	253	0
93	253	0
123	253	0
161	253	0
182	253	0
214	253	0
246	253	1
271	253	0
299	253	0
323	253	0
366	253	0
388	253	0
422	253	0
455	253	1
469	253	1
502	253	0
519	253	0
554	253	1
591	253	1
623	253	0
638	253	0
665	253	0
703	253	0
734	195	0
771	253	1
802	253	0
835	253	1
865	253	0
902	253	0
932	253	0
967	253	1
1005	253	0
1029	253	0
20	306	0
55	306	0
93	306	0
123	306	0
161	306	0
185	299	1
214	306	0
246	306	0
271	306	1
299	306	0
323	299	1
366	306	0
388	306	0
423	298	1
455	306	0
469	306	0
502	306	1
519	306	1
554	306	0
591	306	0
623	306	1
638	306	1
665	306	0
703	306	0
735	306	0
771	306	0
805	319	1
835	306	0
869	292	1
904	295	1
932	306	0
981	315	1
1007	306	0
1029	306	0
20	342	0
55	342	0
93	342	0
128	342	1
161	342	0
182	342	0
214	342	0
246	342	0
271	342	1
299	342	0
323	342	1
366	342	1
388	342	0
422	342	1
455	342	1
469	342	1
502	342	1
519	342	0
554	342	1
591	342	1
623	342	0
638	342	0
665	342	0
703	342	0
15	20	0
771	342	0
802	342	0
835	342	0
865	342	0
902	342	0
932	342	0
967	342	0
1005	342	0
1029	342	0
20	374	0
55	374	0
93	374	0
123	374	0
161	374	0
182	374	0
214	374	0
246	374	0
271	374	0
299	374	0
323	374	0
366	374	0
388	374	0
422	374	0
455	374	1
469	374	1
502	374	0
519	374	0
554	374	1
591	374	1
623	374	0
638	374	0
665	374	0
703	374	0
735	374	0
771	374	1
802	374	0
835	374	1
865	374	1
902	374	0
932	374	0
967	374	0
986	346	1
1029	374	0
14	396	1
55	409	0
93	409	0
123	409	0
156	402	1
182	409	0
214	400	1
239	403	1
264	404	1
299	409	0
323	409	0
366	409	0
388	409	0
422	409	0
455	409	0
469	409	0
502	409	0
519	409	1
554	409	0
591	409	1
623	409	1
638	409	0
665	409	0
715	418	1
735	409	0
771	409	0
802	409	0
835	409	0
865	409	0
902	409	0
932	409	0
967	409	1
1005	409	0
1007	372	0
20	444	0
55	444	0
93	444	0
123	444	0
161	444	0
182	444	1
214	444	0
246	444	0
271	444	1
299	444	1
323	444	1
366	444	0
392	435	1
422	444	0
455	444	0
469	444	0
502	444	0
519	444	0
554	444	0
591	444	0
623	444	0
638	444	0
665	444	0
703	444	0
735	444	0
771	444	0
802	444	1
835	444	0
865	444	0
902	444	1
932	444	0
967	444	1
1005	444	0
1029	444	0
20	461	0
55	461	0
93	461	0
123	461	0
165	463	1
182	461	1
214	461	0
246	461	1
271	461	1
299	461	1
323	461	1
366	461	0
388	461	1
422	461	0
455	461	0
469	461	1
502	461	0
519	461	0
554	461	0
591	461	0
623	461	0
638	461	0
665	461	0
703	461	0
735	461	0
771	461	0
802	461	0
835	461	0
865	461	0
900	463	0
932	461	0
967	461	0
1005	461	0
1029	461	0
20	500	0
55	500	0
93	500	0
123	500	0
161	500	0
182	500	0
214	500	0
246	500	0
271	500	0
299	500	0
323	500	0
366	500	0
388	500	0
422	500	0
455	500	0
469	500	0
502	500	0
519	500	0
554	500	0
591	500	0
623	500	1
638	500	1
665	500	0
703	500	0
735	500	1
771	500	1
802	500	0
835	500	1
865	500	0
902	500	0
932	500	0
967	500	0
1005	500	0
1029	500	0
20	547	0
55	547	0
93	547	0
132	542	1
161	547	0
187	561	1
212	559	1
247	558	1
271	547	0
299	547	0
323	547	0
366	547	0
388	547	0
422	547	0
455	547	0
469	547	0
502	547	0
519	547	0
554	547	0
592	554	1
623	547	0
638	547	0
665	547	0
703	547	0
735	547	0
771	547	0
802	547	0
835	547	0
865	547	0
902	547	0
932	547	0
967	547	0
1005	547	0
1029	547	0
20	595	0
55	595	1
93	595	1
123	595	1
161	595	0
182	595	0
214	595	0
246	595	0
271	595	0
299	595	1
323	595	1
366	595	1
388	595	1
422	595	1
455	595	1
469	595	1
502	595	1
519	595	1
554	595	1
591	595	0
623	595	0
638	595	0
665	595	0
703	595	0
735	595	0
771	595	0
802	606	1
835	595	0
865	595	0
902	595	0
932	595	0
967	595	0
1005	595	0
1029	595	0
17	640	1
50	638	1
87	635	1
127	639	1
156	636	1
178	632	1
215	634	1
251	636	0
271	635	0
303	640	0
323	644	0
366	644	0
388	644	0
422	644	0
455	644	0
469	644	0
502	644	0
519	644	0
554	644	0
591	644	0
623	644	1
638	644	1
665	644	1
703	644	1
735	644	0
771	647	0
802	644	0
835	644	0
865	644	0
902	644	0
932	644	0
967	644	0
1005	644	0
1029	644	0
11	667	0
55	668	1
93	668	1
123	668	1
156	663	1
181	664	1
216	663	1
247	663	1
273	660	1
299	668	0
323	668	0
366	668	0
388	668	0
422	668	0
455	668	0
469	668	0
502	668	0
519	668	0
554	668	0
591	668	0
623	668	0
638	668	0
665	668	0
703	668	1
735	668	1
771	668	1
802	668	1
835	668	0
865	668	0
902	668	0
932	668	0
967	668	0
1005	668	0
1029	668	0
17	687	0
55	683	1
93	683	1
123	683	1
161	683	1
182	683	1
214	683	1
246	683	1
271	683	1
299	683	1
323	683	0
366	683	0
388	683	0
422	683	0
455	683	0
469	683	0
502	683	0
519	683	0
554	683	0
591	683	0
623	683	0
638	683	0
665	683	0
703	683	1
735	683	1
771	683	1
802	683	1
835	683	1
865	683	0
902	683	0
932	683	0
967	683	0
1005	683	0
1029	683	0
