8	21	1
26	21	1
48	21	0
70	21	0
93	21	0
117	21	0
141	21	0
164	21	0
189	21	0
212	21	0
235	21	0
259	21	0
285	21	0
309	21	0
335	21	0
360	21	0
388	21	0
411	21	0
435	21	0
462	21	0
491	14	1
509	10	1
535	12	1
555	10	1
583	7	1
602	26	1
639	23	1
665	18	1
695	14	1
722	11	1
748	21	1
775	21	1
803	21	1
831	21	1
855	21	1
880	21	1
908	21	1
935	21	0
969	21	0
999	21	0
1024	21	0
9	45	1
26	44	1
48	44	1
70	44	1
93	44	1
117	44	1
141	44	1
164	44	1
189	44	1
212	44	1
235	44	0
259	44	0
285	44	0
309	44	0
335	44	0
360	44	0
388	44	0
411	44	0
435	44	0
462	44	0
486	44	0
511	44	0
534	44	0
558	44	0
584	44	0
615	44	0
643	44	0
668	44	0
706	36	1
730	29	1
751	44	0
775	44	0
803	44	0
831	44	1
855	44	1
880	44	1
908	44	1
935	44	1
969	44	1
999	44	1
1024	44	1
8	63	1
26	63	1
48	63	1
70	63	1
93	63	1
115	61	1
141	63	1
164	63	1
189	63	1
212	63	1
235	63	1
259	63	1
285	63	1
309	63	0
335	63	0
360	63	0
388	63	0
411	63	0
435	63	0
462	63	0
486	63	0
511	63	0
534	63	0
558	63	0
584	63	0
615	63	0
643	63	0
668	63	0
694	63	0
721	63	0
748	63	0
775	63	0
803	63	0
831	63	1
855	63	1
880	63	1
908	63	1
935	63	1
969	63	1
999	63	1
1024	63	1
8	85	0
26	85	0
48	85	0
70	85	0
93	85	0
117	85	0
143	87	0
164	85	0
189	85	0
212	85	0
235	85	1
259	85	1
285	85	1
309	85	1
335	85	1
360	85	1
388	85	1
411	90	1
435	85	1
462	85	1
486	85	1
511	85	1
534	85	0
558	85	0
584	85	0
615	85	0
643	85	0
668	85	0
694	85	0
721	85	0
748	85	0
775	85	0
803	85	0
831	85	0
855	85	0
880	85	0
908	85	1
935	85	1
969	85	1
997	83	1
1024	85	1
8	103	0
26	103	0
48	103	0
70	103	0
93	103	0
117	103	0
141	103	0
164	103	0
189	103	0
212	103	0
235	103	1
259	103	1
285	103	1
309	103	1
335	103	1
360	103	1
388	103	1
411	103	1
435	103	1
462	103	1
486	103	1
511	103	1
534	103	1
558	103	0
584	103	0
615	103	0
643	103	0
668	103	0
694	103	0
721	103	0
748	103	0
775	103	0
803	103	0
831	103	0
855	103	0
880	103	0
908	103	0
935	103	0
969	103	0
999	103	0
1024	103	1
8	127	0
26	127	0
48	127	0
70	127	0
93	127	0
117	127	0
141	127	0
164	127	0
189	127	0
212	127	0
235	127	0
259	127	0
285	127	0
309	127	0
335	131	0
357	131	0
388	127	0
411	127	0
435	127	0
456	137	1
483	131	1
511	127	1
534	127	1
558	127	1
584	127	1
615	127	1
643	127	1
668	127	1
694	127	1
721	127	1
748	127	1
775	127	0
803	127	0
831	127	0
855	127	0
880	127	0
908	127	0
935	127	0
969	127	0
999	127	0
1024	127	0
8	150	1
26	150	1
48	150	0
70	150	0
93	150	0
117	150	0
141	150	0
164	150	0
189	150	0
212	150	0
235	150	0
259	150	0
285	150	0
309	150	0
335	150	0
360	150	0
388	150	0
411	150	0
435	150	0
462	150	0
486	150	0
511	150	0
534	150	0
559	167	1
586	159	1
615	150	1
643	150	1
668	150	1
694	150	1
721	150	1
748	150	1
775	150	0
803	150	0
831	150	0
855	151	0
880	150	0
908	150	0
935	150	0
969	150	0
999	150	0
1024	150	0
8	180	1
26	180	1
48	180	1
70	180	1
93	180	1
117	180	1
141	180	0
164	180	0
188	179	0
212	180	0
235	180	0
259	180	0
285	180	0
309	180	0
335	180	0
360	180	0
388	180	0
411	180	0
435	180	0
462	180	0
486	180	0
511	180	0
534	180	0
550	183	0
588	183	0
615	180	0
643	180	0
668	180	1
694	180	1
721	180	1
748	180	1
775	180	1
803	180	1
831	180	1
855	180	1
880	180	1
908	180	1
935	180	1
969	180	1
999	180	1
1024	180	1
8	201	0
26	201	0
48	201	0
70	201	1
93	201	1
117	201	1
141	201	1
164	201	1
189	201	1
212	201	1
235	201	1
259	201	0
284	200	0
309	201	0
335	201	0
360	201	0
388	201	0
411	201	0
435	201	0
462	201	0
486	201	0
511	201	0
534	201	0
558	201	0
584	201	0
615	201	0
643	201	0
668	201	0
694	201	0
721	201	0
748	201	0
775	201	1
803	201	1
831	201	1
855	201	1
880	201	1
908	201	1
935	201	1
969	201	1
999	201	1
1024	201	1
8	226	0
26	226	0
48	226	0
72	230	0
93	227	0
117	226	0
141	226	0
164	226	0
189	226	1
212	226	1
235	226	1
259	226	1
285	226	1
309	226	1
335	226	1
360	226	1
388	226	1
411	226	1
435	226	1
462	226	1
486	226	1
511	226	0
534	226	0
558	226	0
584	226	0
615	226	0
643	226	0
668	226	0
694	226	0
721	226	0
748	226	0
775	226	0
803	226	0
831	226	0
855	226	0
879	229	0
908	230	0
935	226	0
969	226	0
999	226	1
1024	226	1
8	243	0
26	243	0
48	243	0
70	243	0
93	243	0
117	243	0
141	243	0
164	243	0
189	243	0
212	243	0
235	243	0
259	243	0
285	243	0
309	243	1
335	243	1
360	243	1
388	243	1
411	243	1
435	243	1
462	243	1
486	243	1
513	243	0
534	243	0
558	243	0
584	243	0
615	243	0
643	243	0
668	243	0
694	243	0
721	243	0
748	243	0
775	243	0
803	243	0
831	243	0
855	243	0
880	243	0
908	243	0
935	243	0
969	243	0
999	243	0
1024	243	0
8	270	0
26	270	0
48	270	0
70	270	0
93	270	0
117	270	0
141	270	0
164	270	0
189	270	0
212	270	0
235	270	0
259	270	0
285	270	0
309	270	0
335	270	0
360	270	0
388	270	0
411	270	1
435	270	1
462	270	1
486	270	1
511	270	1
534	270	1
558	270	1
584	270	1
615	270	1
643	270	0
668	270	0
694	270	0
721	270	0
748	270	0
775	270	0
803	270	0
831	270	0
855	270	0
880	270	0
908	270	0
935	270	0
969	270	0
999	270	0
1024	270	0
8	291	0
26	291	0
48	291	0
70	291	0
93	291	0
117	291	0
141	291	0
164	291	0
189	291	0
212	291	0
235	291	0
259	291	0
285	291	0
309	291	0
335	291	0
360	291	0
388	291	0
411	291	0
435	295	0
462	291	0
486	291	1
511	291	1
534	291	1
558	291	1
584	291	1
615	291	1
643	291	1
668	291	1
694	291	1
721	291	1
748	291	1
775	291	1
803	291	1
831	291	1
855	291	0
880	291	0
908	291	0
935	291	0
969	291	0
999	291	0
1024	291	0
8	315	1
26	315	1
48	315	1
70	315	1
93	315	1
116	315	0
141	315	0
164	315	0
189	315	0
212	315	0
235	315	0
259	315	0
285	315	0
309	315	0
335	315	0
360	315	0
388	315	0
411	315	0
435	315	0
462	315	0
486	315	0
509	318	0
535	319	0
559	321	0
584	315	0
615	315	1
643	315	1
668	315	1
694	315	1
721	315	1
748	315	1
775	315	1
803	315	1
831	315	1
855	315	1
880	315	1
908	315	1
935	315	1
969	315	0
999	315	0
1023	315	0
8	345	0
26	345	0
48	345	1
70	345	1
93	345	1
117	345	1
141	345	1
164	345	1
189	345	1
212	345	1
235	345	0
259	345	0
285	345	0
309	345	0
335	345	0
360	345	0
388	345	0
411	345	0
435	345	0
462	345	0
486	345	0
511	345	0
534	345	0
558	345	0
584	345	0
615	345	0
643	345	0
668	345	0
694	345	0
721	345	1
748	345	1
775	345	1
803	345	1
831	345	1
857	343	1
880	345	1
908	345	1
935	345	1
971	340	1
1003	339	1
1023	338	1
8	373	0
26	373	0
48	373	0
70	373	0
93	373	0
117	373	0
141	373	0
164	373	1
189	373	1
212	373	1
235	373	1
259	373	1
285	373	1
309	373	1
335	373	1
360	373	0
388	373	0
411	373	0
435	373	0
462	373	0
486	373	0
511	373	0
534	373	0
558	373	0
584	373	0
615	373	0
643	373	0
668	373	0
694	373	0
721	373	0
748	373	0
775	373	0
803	373	0
831	373	0
855	373	0
880	373	0
908	373	0
935	373	0
969	373	1
999	373	1
1024	373	1
8	392	0
26	392	0
48	392	0
70	392	0
93	392	0
117	392	0
141	392	0
164	392	0
192	394	0
212	393	0
235	392	0
259	392	1
285	392	1
309	392	1
335	392	1
360	392	1
388	392	1
411	392	1
435	392	1
462	392	1
486	392	1
511	392	1
534	392	1
558	392	1
584	392	1
615	392	0
643	392	0
668	392	0
694	392	0
721	392	0
748	392	0
775	392	0
803	392	0
831	392	0
855	392	0
880	392	0
908	392	0
935	392	0
969	392	0
999	392	0
1024	392	0
8	404	0
26	404	0
48	404	0
70	404	0
93	404	0
117	404	0
141	404	0
164	404	0
189	404	0
212	404	0
235	404	0
259	404	1
285	404	1
309	404	1
335	404	1
360	404	1
388	404	1
411	404	1
435	404	1
462	404	1
486	404	1
511	404	1
534	404	1
558	404	1
583	405	1
615	404	1
643	404	1
668	404	1
694	404	0
721	404	0
748	404	0
775	404	0
803	404	0
831	404	0
855	404	0
880	404	0
908	404	0
935	404	0
969	404	0
999	404	0
1024	404	0
8	422	0
26	422	0
48	422	0
70	422	0
93	422	0
117	422	0
141	422	0
164	422	0
189	422	0
212	422	0
235	422	0
259	422	0
285	422	0
309	422	0
335	422	0
360	422	0
388	422	1
411	422	1
435	422	1
462	422	1
486	422	1
511	422	1
534	422	1
558	422	1
584	422	1
615	422	1
643	422	1
668	422	1
694	422	1
721	422	1
748	422	1
775	422	1
803	422	1
831	422	0
855	422	0
880	422	0
908	422	0
935	422	0
969	422	0
999	422	0
1024	422	0
8	455	1
26	455	1
48	455	1
70	455	1
93	455	0
117	455	0
141	455	0
164	455	0
189	455	0
212	455	0
235	455	0
259	455	0
285	455	0
309	455	0
335	455	0
360	455	0
388	455	0
411	455	0
435	455	0
462	455	0
486	455	0
511	455	0
534	455	0
558	455	0
584	455	1
615	455	1
643	455	1
668	455	1
694	455	1
721	455	1
748	455	1
775	455	1
803	455	1
831	455	1
855	455	1
880	455	1
908	455	1
935	455	1
969	455	1
999	455	1
1024	455	0
8	476	1
26	476	1
48	476	1
70	476	1
93	476	1
117	476	1
141	476	1
164	476	1
189	476	0
212	476	0
235	476	0
259	476	0
285	476	0
309	476	0
335	476	0
360	476	0
388	476	0
411	476	0
435	476	0
462	476	0
486	476	0
511	476	0
534	476	0
558	476	0
584	476	0
615	476	0
643	476	0
668	476	0
694	476	0
721	476	1
748	476	1
775	476	1
803	476	1
831	476	1
855	476	1
880	476	1
908	476	1
935	476	1
969	476	1
999	476	1
1024	476	1
8	497	0
26	497	1
48	497	1
70	497	1
93	497	1
117	497	1
141	497	1
164	497	1
189	497	1
212	497	1
235	497	1
259	497	1
285	497	1
309	497	1
335	497	1
360	497	1
388	497	1
411	497	0
435	497	0
462	497	0
486	497	0
511	497	0
534	497	0
558	497	0
584	497	0
615	497	0
643	497	0
668	497	0
694	497	0
724	498	0
748	497	0
775	497	0
803	497	0
833	501	0
851	500	0
880	497	0
908	497	0
935	497	1
969	497	1
999	497	1
1024	497	1
8	515	0
26	515	0
48	515	0
70	515	0
93	515	0
117	515	0
142	518	0
164	515	0
189	515	0
212	515	0
235	515	0
259	515	1
285	515	1
309	515	1
335	515	1
360	515	1
388	515	1
411	515	0
435	515	0
462	515	0
486	515	0
511	515	0
534	515	0
558	515	0
584	515	0
615	515	0
643	515	0
668	515	0
694	515	0
721	515	0
748	515	0
775	515	0
803	515	0
831	515	0
855	515	0
880	515	0
908	515	0
937	517	0
969	515	0
999	515	0
1024	515	0
8	536	0
26	536	0
48	536	0
70	536	0
93	536	0
117	536	0
141	536	0
164	536	0
189	536	0
212	536	0
235	536	0
259	536	1
284	535	1
309	536	1
335	536	1
360	536	1
388	536	1
411	536	1
435	536	1
462	536	1
486	536	1
511	536	1
535	539	1
558	536	1
584	536	1
615	536	1
643	536	1
668	536	0
694	536	0
721	536	0
748	536	0
775	536	0
803	536	0
831	536	0
855	536	0
880	536	0
908	536	0
935	536	0
969	536	0
999	536	0
1024	536	0
8	553	0
26	553	0
48	553	0
70	553	0
93	553	0
117	553	0
141	553	0
164	553	0
189	553	0
212	553	0
235	553	0
259	553	0
285	553	0
309	553	0
335	553	1
360	553	1
388	553	1
411	553	1
435	553	1
462	553	1
486	553	1
511	553	1
534	553	1
558	553	1
584	553	1
615	553	1
643	553	1
668	553	1
694	553	1
721	553	1
748	553	1
775	553	0
803	553	0
833	554	0
855	553	0
880	553	0
908	553	0
935	553	0
969	553	0
999	553	0
1024	553	0
8	572	0
26	572	0
48	572	0
70	572	0
93	572	0
117	572	0
141	572	0
164	572	0
189	572	0
212	572	0
235	572	0
259	572	0
285	572	0
309	572	0
335	572	0
360	572	0
388	572	0
411	572	0
435	572	0
462	572	1
486	572	1
511	572	1
534	572	1
558	572	1
584	572	1
615	572	1
643	572	1
668	572	1
694	572	1
721	572	1
748	572	1
775	572	1
803	572	1
831	572	1
855	572	1
880	572	1
908	575	1
935	572	1
969	572	1
999	572	0
1024	572	0
8	587	1
26	587	0
48	587	0
70	587	0
93	587	0
117	587	0
141	587	0
164	587	0
189	587	0
212	587	0
235	587	0
259	587	0
285	587	0
309	587	0
335	587	0
360	587	0
388	587	0
411	587	0
435	587	0
462	587	0
486	587	0
511	587	0
534	587	0
558	587	1
584	587	1
615	587	1
643	587	1
668	587	1
694	587	1
721	587	1
748	587	1
775	587	1
803	587	1
831	587	1
855	587	1
880	587	1
908	587	1
935	587	1
969	587	1
999	587	0
1024	587	0
8	608	1
26	608	1
48	608	1
70	608	1
93	608	1
117	608	1
141	608	1
164	608	0
189	608	0
212	608	0
235	608	0
259	608	0
285	608	0
309	608	0
335	608	0
360	608	0
388	608	0
411	608	0
435	608	0
462	608	0
486	608	0
511	608	0
534	608	0
558	608	0
584	608	0
615	608	0
643	608	0
668	608	1
694	608	1
721	608	1
747	607	1
779	605	1
803	608	1
831	608	1
855	608	1
880	608	1
908	608	1
935	608	1
969	608	1
999	608	1
1024	608	1
8	632	1
26	632	1
48	632	1
70	632	1
93	632	1
117	632	1
141	632	1
164	632	1
189	632	1
212	632	1
235	632	1
259	632	1
287	634	1
310	634	1
335	632	1
360	632	1
388	632	0
411	632	0
435	632	0
462	632	0
486	632	0
511	632	0
534	632	0
558	632	0
584	632	0
615	632	0
643	632	0
668	632	0
694	632	0
721	632	0
748	632	0
776	635	0
805	635	0
831	632	0
855	632	0
880	632	0
908	632	1
935	632	1
969	632	1
999	632	1
1024	632	1
8	655	0
26	655	0
48	655	0
70	655	0
93	655	0
119	659	0
141	655	0
164	655	0
189	655	1
212	655	1
235	655	1
259	655	1
285	655	1
309	655	1
335	655	1
360	655	1
388	655	0
414	655	0
435	655	0
462	655	0
486	655	0
511	655	0
534	655	0
558	655	0
584	655	0
615	655	0
643	655	0
668	655	0
694	655	0
721	655	0
748	655	0
775	655	0
803	655	0
831	655	0
855	655	0
880	655	0
905	656	0
935	655	0
969	655	0
999	655	0
1024	655	0
8	679	0
26	679	0
48	679	0
70	679	0
93	679	0
117	679	0
141	679	0
164	679	0
189	684	0
213	683	0
239	683	0
255	684	0
285	679	0
309	679	1
335	679	1
360	679	1
388	679	1
411	679	1
435	679	1
462	679	1
491	681	0
511	679	0
534	679	0
558	679	0
584	679	0
615	679	0
643	679	0
668	679	0
693	679	0
720	684	1
748	679	0
775	679	0
803	679	0
831	679	0
855	679	0
880	679	0
908	679	0
935	679	0
969	679	0
999	679	0
1024	679	1
