6	13	1
27	13	1
50	13	1
75	13	1
94	13	1
122	13	1
145	13	1
171	13	1
195	13	1
220	13	1
245	13	1
269	13	1
293	13	1
318	13	1
346	13	1
371	13	1
394	13	0
417	13	0
439	13	1
463	13	1
487	13	1
511	13	1
535	13	1
560	13	1
582	13	1
606	13	0
632	16	0
656	10	0
686	13	0
713	13	0
745	11	0
773	13	1
799	13	1
825	13	1
852	13	1
879	13	1
905	13	1
928	13	1
952	13	1
977	13	1
1001	13	1
1025	13	1
6	33	0
27	33	0
50	33	1
75	33	1
94	33	1
122	33	1
145	33	1
171	33	1
195	33	1
220	33	1
245	33	1
269	33	1
293	33	1
318	33	1
346	33	1
371	33	1
394	33	1
417	33	1
439	33	1
463	33	1
487	33	1
511	33	1
535	33	1
560	33	1
582	33	1
606	33	1
632	33	1
659	33	1
686	33	1
713	33	1
744	33	1
773	33	1
799	33	1
825	33	0
852	33	0
879	33	0
905	33	0
928	33	0
952	33	0
977	33	1
1001	33	1
1025	33	1
6	64	1
27	64	1
50	64	1
75	64	1
94	64	0
122	64	0
145	64	0
170	66	0
195	64	0
220	61	0
245	64	1
269	64	1
293	64	1
318	68	0
345	64	0
371	64	0
394	64	0
417	64	0
439	64	0
463	64	0
487	64	1
511	64	1
535	64	1
560	64	1
582	64	1
606	64	1
632	64	1
659	64	1
686	64	1
713	64	1
744	64	1
773	64	1
799	64	1
825	64	1
852	64	1
879	64	1
905	64	1
928	64	1
952	64	1
977	64	1
1001	64	0
1025	64	0
6	98	1
27	98	1
50	98	1
75	98	1
94	98	1
122	98	1
145	98	1
171	98	1
195	98	1
220	98	1
245	98	1
269	98	1
293	98	1
318	98	1
346	98	1
371	98	1
394	98	1
417	98	1
439	98	1
463	98	1
487	98	0
511	98	0
535	98	0
555	95	0
583	95	0
608	95	0
634	95	0
657	91	0
686	98	0
713	98	0
743	99	0
768	101	0
790	99	0
825	98	0
852	98	0
879	98	1
905	98	1
928	98	1
952	98	1
977	98	1
1001	98	1
1025	98	1
4	137	0
25	139	0
47	134	0
73	130	0
95	131	0
123	129	0
145	125	1
171	125	1
195	125	1
220	125	1
245	125	1
269	125	1
293	125	1
318	125	1
346	125	1
371	125	1
394	125	1
417	125	1
439	125	1
463	125	1
487	125	1
511	125	1
535	125	1
560	125	1
582	125	1
606	125	1
632	125	1
659	125	1
686	125	0
715	126	0
744	125	1
773	125	1
799	125	1
825	125	1
852	125	1
879	125	1
905	125	0
928	125	0
952	125	0
977	125	0
1001	125	0
1025	125	0
6	171	1
26	171	1
50	163	1
75	163	1
94	163	1
122	163	1
145	163	1
171	163	0
195	163	0
220	163	0
245	163	0
271	160	0
294	151	0
319	147	0
346	163	1
371	163	0
394	163	0
417	163	0
439	163	0
463	163	0
487	163	0
511	163	0
535	163	0
560	163	0
582	152	1
611	155	1
639	151	1
660	151	1
687	151	1
713	151	1
747	146	1
773	163	1
799	163	1
825	163	1
852	163	1
879	163	1
905	163	1
928	163	1
952	163	1
977	163	1
1001	163	1
1025	163	1
5	201	0
27	197	0
50	194	1
75	194	1
94	194	1
122	194	1
145	194	1
171	194	1
195	194	1
227	188	1
247	187	1
269	188	1
296	182	1
322	173	1
330	198	1
371	194	1
394	194	1
417	194	1
439	194	1
463	194	1
487	194	1
511	194	1
535	194	1
558	187	1
575	187	1
599	186	0
629	183	0
654	177	0
684	179	0
711	177	0
740	177	0
759	207	1
799	194	0
825	194	0
852	194	0
879	194	0
905	194	0
928	194	0
952	194	0
977	194	1
1001	194	1
1025	194	1
6	220	1
27	220	1
50	220	1
75	220	0
94	220	0
119	221	0
145	220	0
171	220	0
195	222	1
220	220	1
245	220	1
269	220	1
293	220	1
318	220	1
346	220	1
371	220	1
394	220	1
417	220	0
439	220	0
463	220	1
487	220	1
511	220	1
535	220	1
560	220	1
582	220	1
606	220	1
632	220	1
660	214	1
685	212	1
712	210	1
739	207	1
778	203	1
800	214	0
825	214	0
851	215	0
879	220	1
905	220	1
928	220	1
952	220	1
977	220	1
1001	220	0
1025	220	0
6	245	1
27	245	1
50	245	1
75	245	1
94	245	1
122	245	1
145	245	1
171	245	1
195	245	1
220	245	1
245	245	1
269	245	0
293	245	0
318	245	0
346	243	0
371	245	0
394	245	0
417	245	0
439	245	0
466	247	0
482	247	0
515	246	0
537	247	0
559	247	0
587	247	0
607	249	0
632	245	0
659	245	1
686	245	1
713	245	1
744	245	1
773	245	1
799	245	1
825	245	1
852	245	1
879	245	1
905	245	1
928	245	1
952	245	1
977	245	1
1001	245	1
1025	245	1
6	266	1
27	266	1
50	266	1
75	266	1
94	266	1
122	266	1
145	266	1
171	266	1
195	266	1
220	266	1
245	266	1
269	266	1
293	266	1
318	266	1
346	266	1
371	266	1
394	266	1
417	266	1
439	266	1
463	266	1
487	266	0
511	266	0
535	266	0
563	264	0
582	266	0
606	266	0
632	266	1
659	266	1
687	276	0
715	276	0
747	274	0
771	273	0
798	271	0
824	270	0
850	269	0
879	266	1
905	266	1
928	266	1
952	266	1
977	266	1
1001	266	1
1025	266	1
7	295	0
23	292	0
51	292	0
73	292	0
95	291	0
124	290	0
151	292	0
168	299	0
195	303	0
219	302	0
247	300	0
267	298	0
294	297	0
318	294	0
346	294	0
371	294	1
394	294	1
417	294	1
439	294	1
463	294	1
487	294	1
511	294	1
535	294	1
560	294	1
582	294	1
606	294	1
632	294	1
659	294	1
686	294	1
713	294	1
744	294	1
773	294	1
799	294	1
825	294	1
852	294	1
879	294	0
905	294	0
928	294	0
951	292	0
977	294	0
999	296	0
1025	294	0
5	321	1
29	321	1
49	319	1
73	318	1
91	317	1
122	315	1
145	328	1
171	328	1
195	328	1
220	328	1
245	328	1
269	328	1
293	328	1
318	328	1
346	328	1
371	328	0
393	325	0
414	325	0
439	323	0
466	321	0
491	320	0
512	319	0
535	318	1
560	319	1
585	319	1
605	318	1
631	315	1
663	316	1
685	316	1
712	316	1
740	316	1
773	328	1
799	328	1
825	328	1
852	328	1
879	328	1
905	328	1
928	328	1
952	328	1
977	328	1
1001	328	1
1025	328	1
6	352	0
27	352	0
50	352	1
75	352	1
95	345	1
123	343	1
145	352	1
171	352	1
195	352	1
220	352	1
245	352	1
269	352	1
293	352	1
318	352	1
346	352	1
371	352	1
394	352	1
417	352	1
439	352	1
463	352	1
487	352	1
511	352	1
535	352	1
560	352	1
582	352	0
606	352	0
632	352	0
658	352	0
690	343	0
715	343	0
745	345	0
773	352	0
799	352	0
825	352	0
852	352	0
879	352	0
905	352	0
928	352	0
952	352	0
977	352	1
1001	352	1
1025	352	1
6	383	1
27	383	1
50	383	0
75	383	0
94	383	0
122	383	0
148	379	0
171	382	0
198	383	0
226	379	0
245	383	1
269	383	1
293	383	1
318	383	1
346	383	1
371	383	1
394	383	1
417	383	1
439	383	1
463	383	1
487	383	1
511	383	1
535	383	1
560	383	1
582	383	1
606	383	1
632	383	1
659	383	1
686	383	1
713	383	1
744	383	1
773	383	1
799	383	1
825	383	1
852	383	1
879	383	1
905	383	1
928	383	1
952	383	0
977	383	0
1001	383	0
1025	383	0
6	404	1
27	404	1
50	404	1
75	404	1
94	404	1
122	404	1
145	404	1
171	404	1
195	404	1
220	404	1
245	404	1
270	401	0
294	403	0
320	401	0
346	400	0
370	400	0
396	401	0
415	401	0
439	404	1
461	405	0
487	404	0
511	404	0
535	404	0
560	404	0
582	404	0
606	404	0
632	404	0
659	404	1
686	404	1
713	404	1
744	404	1
773	404	1
799	404	1
825	404	1
852	404	1
879	404	1
905	404	1
928	404	1
952	404	1
977	404	1
1001	404	1
1025	404	1
6	426	1
27	426	1
50	426	1
75	426	1
94	426	0
122	426	1
145	426	1
171	426	1
195	426	1
220	426	1
245	426	1
269	426	1
293	426	1
318	426	1
346	426	1
371	426	1
394	426	1
417	426	1
439	426	1
465	425	0
487	426	0
511	425	0
538	425	0
560	425	0
582	426	1
606	426	1
632	426	1
659	426	1
686	426	0
713	426	0
744	426	0
773	426	0
799	426	0
825	426	0
852	426	0
879	426	1
905	426	1
928	426	1
952	426	1
977	426	1
1001	426	1
1025	426	1
6	456	0
27	456	0
50	456	0
75	456	0
95	457	0
122	456	0
145	456	0
171	456	0
195	462	0
218	459	0
247	460	0
269	456	0
293	456	0
318	456	0
346	456	1
371	456	1
394	456	1
417	456	1
439	456	1
463	456	1
487	456	1
511	456	1
535	456	1
560	456	1
582	456	1
606	456	1
632	456	1
659	456	1
686	456	1
713	456	1
744	456	1
773	456	1
799	456	1
825	456	1
852	456	1
879	456	0
905	456	0
928	456	0
952	456	0
977	456	0
1001	456	0
1025	456	0
6	489	1
27	489	1
50	489	1
75	489	1
94	489	1
122	489	1
145	489	1
171	489	1
195	489	1
220	489	1
245	489	1
269	489	1
293	489	1
318	489	1
346	489	1
371	489	0
394	489	0
417	489	0
439	489	0
463	489	1
487	489	1
511	489	1
535	489	1
560	489	1
582	489	1
606	489	1
632	489	1
659	489	1
686	489	0
713	489	0
744	489	0
773	489	1
799	489	1
825	489	1
852	489	1
879	489	1
905	489	1
928	489	1
952	489	1
977	489	1
1001	489	1
1025	489	1
6	518	1
27	518	1
50	518	1
75	518	1
94	518	1
122	518	1
145	518	1
171	518	1
195	518	1
220	518	1
245	518	1
269	518	1
293	518	1
318	518	1
346	518	1
371	518	1
394	518	1
417	518	1
439	518	1
463	518	1
487	518	1
511	518	1
535	518	1
560	518	0
582	518	0
606	518	0
632	518	0
659	518	0
686	518	0
713	518	0
744	518	0
773	518	0
799	518	0
825	518	0
852	518	0
879	518	0
905	518	0
928	518	0
952	518	1
977	518	1
1001	518	1
1025	518	1
6	542	1
27	542	1
50	542	1
75	542	0
94	542	0
122	542	0
145	542	0
171	542	0
195	542	0
220	542	0
245	542	1
269	542	1
293	542	1
318	542	1
346	542	1
371	542	1
394	542	1
417	542	1
439	542	1
463	542	1
487	542	1
511	542	1
535	542	1
560	542	1
582	542	0
606	542	0
632	542	0
659	542	0
686	542	1
713	542	1
744	542	1
773	542	0
799	542	0
825	542	0
852	542	0
879	542	0
905	542	0
928	542	0
952	542	1
977	542	1
1001	542	1
1025	542	1
6	564	1
27	564	0
50	564	0
75	564	0
94	564	0
122	564	0
145	564	0
171	564	0
195	564	0
220	564	0
245	564	1
269	564	1
293	564	1
318	564	1
346	564	1
371	564	1
394	564	1
417	564	1
439	564	1
463	564	1
487	564	1
511	564	1
535	564	1
560	564	1
582	564	1
606	564	1
632	564	1
659	564	1
686	564	1
713	564	1
744	564	1
773	564	1
799	564	1
825	564	1
852	564	1
879	564	1
905	564	1
928	564	1
952	564	1
977	564	1
1001	564	1
1025	564	1
6	585	1
27	585	0
50	585	0
75	585	0
96	583	0
122	585	1
145	585	1
171	585	1
195	585	1
220	585	1
247	586	0
269	585	0
293	585	0
318	585	0
343	586	0
370	583	0
395	587	0
417	585	1
439	585	1
463	585	1
487	585	1
511	585	1
535	585	1
560	585	1
582	585	1
606	585	1
632	585	1
659	585	1
686	585	1
713	585	1
744	585	1
773	585	1
799	585	1
825	585	1
852	585	1
879	585	1
905	585	1
928	585	1
952	585	1
977	585	0
1003	583	0
1026	584	0
6	610	1
27	610	1
50	610	1
75	610	1
94	610	1
122	610	1
145	610	1
171	610	1
195	610	1
220	610	1
245	610	1
269	610	1
293	610	1
318	610	1
346	610	1
371	610	1
394	610	1
417	610	1
439	610	1
463	610	0
487	610	0
511	610	0
535	610	0
553	605	0
579	609	0
610	607	0
632	610	1
659	610	1
686	610	0
713	610	0
744	610	0
773	610	0
799	610	0
825	610	0
852	610	1
879	610	1
905	610	1
928	610	1
952	610	1
977	610	1
1001	610	1
1025	610	1
6	634	0
27	634	0
50	634	0
75	634	0
94	634	0
122	634	1
145	634	1
171	634	1
195	634	1
220	634	1
245	634	1
269	634	1
293	634	1
318	634	1
346	634	1
371	634	1
394	634	1
417	634	1
439	634	1
463	634	1
487	634	1
511	634	1
535	634	1
560	634	1
582	634	1
606	634	1
632	634	1
659	634	1
687	631	0
707	634	0
743	632	0
769	631	0
798	631	0
823	631	0
852	634	0
879	634	0
905	634	0
928	634	0
952	634	0
977	634	0
1001	634	0
1025	634	0
6	658	1
27	658	1
50	658	1
75	658	1
94	658	0
122	658	0
145	658	0
171	658	0
195	658	0
220	658	0
245	658	0
268	657	0
291	658	0
318	658	1
346	658	1
371	658	1
394	658	1
417	658	1
439	658	1
463	658	1
487	658	1
511	658	0
535	658	1
560	658	1
582	658	1
606	658	1
632	658	1
659	658	1
686	658	1
713	658	1
744	658	1
773	658	1
799	658	1
825	658	1
852	658	0
880	659	0
905	658	0
928	658	0
952	658	1
977	658	1
1001	658	1
1025	658	1
6	684	1
27	684	1
50	684	1
75	684	1
94	684	1
122	684	1
145	684	1
171	684	1
195	684	1
220	684	1
245	684	1
269	684	1
293	684	1
318	684	1
346	684	0
371	684	0
394	684	0
417	684	0
439	684	0
463	684	0
487	684	0
511	684	1
535	684	1
560	684	1
582	684	1
606	684	1
632	684	1
659	684	1
686	684	1
713	684	1
744	684	1
773	684	1
799	684	1
825	684	1
852	684	1
879	684	1
905	684	1
928	684	1
952	684	1
977	684	1
1001	684	1
1025	684	1
