8	14	0
31	14	0
54	14	0
75	14	0
98	12	1
121	14	0
143	14	0
165	14	1
187	14	1
212	14	1
238	14	1
262	14	1
286	14	0
310	14	0
333	14	0
356	10	0
378	10	0
405	14	0
428	14	0
452	14	0
476	14	0
500	14	0
526	14	0
549	14	0
573	14	0
596	14	0
620	14	0
644	14	0
667	14	0
692	14	0
716	14	0
740	14	0
764	14	0
790	14	0
815	14	1
841	14	1
865	14	1
890	14	1
912	14	1
934	14	1
960	14	1
983	14	1
1003	10	0
1028	10	0
8	33	0
31	33	0
54	33	0
75	33	0
99	33	0
121	33	0
143	33	0
165	33	1
187	33	1
212	33	1
238	33	1
262	33	0
286	33	0
312	45	1
333	38	1
356	34	1
373	27	1
405	33	0
428	33	0
452	33	0
476	33	0
500	33	0
526	33	0
549	33	0
573	33	0
596	33	0
620	33	0
644	33	0
667	33	0
692	33	0
716	33	0
740	33	0
764	33	0
790	33	0
815	33	0
841	33	0
865	33	0
890	33	0
912	33	1
934	33	1
960	33	1
983	33	1
1003	33	1
1026	33	1
8	60	0
31	60	0
54	60	0
75	60	0
99	60	0
121	60	0
143	60	0
165	60	0
187	60	0
212	60	0
238	60	0
262	60	0
286	60	0
311	61	0
336	60	0
356	60	0
380	60	0
405	60	0
428	60	1
452	60	1
476	60	1
500	60	0
526	60	0
549	60	0
573	60	0
596	60	0
620	60	0
644	60	0
667	60	0
692	60	0
716	60	0
740	60	0
764	60	0
790	60	0
815	60	0
841	60	0
865	60	0
890	60	0
912	60	0
934	60	1
960	60	1
983	60	1
1003	60	1
1026	60	1
8	85	0
31	85	0
54	85	0
75	85	0
99	85	0
121	85	0
143	85	0
165	85	0
187	85	0
212	85	0
238	85	0
262	85	0
286	85	0
310	85	0
333	85	0
356	85	0
380	85	0
405	85	0
427	90	0
455	91	0
474	91	0
500	85	0
526	85	0
549	104	1
574	95	1
596	85	1
617	82	1
644	85	0
667	85	0
692	85	0
716	85	0
740	85	0
764	85	0
790	85	0
815	85	0
841	85	0
865	85	0
890	85	0
912	85	0
934	85	0
960	85	0
983	85	0
1003	85	0
1026	85	0
8	120	0
31	120	0
50	129	1
75	120	1
100	117	1
121	120	0
143	120	0
165	120	0
187	119	0
213	120	0
238	120	0
262	120	0
286	120	0
310	120	0
333	120	0
356	120	0
380	120	0
405	120	0
428	120	0
452	120	0
476	120	0
500	120	0
526	120	0
546	123	0
574	123	0
596	120	0
620	120	0
644	120	0
668	127	1
692	120	1
716	119	1
740	120	0
764	120	0
790	120	0
817	121	0
840	116	0
864	120	0
889	121	0
912	120	0
935	116	0
960	120	0
983	120	0
1003	120	0
1026	120	0
8	146	0
31	146	0
54	147	0
75	146	0
99	146	0
121	146	0
143	146	0
160	162	1
184	150	1
212	145	1
238	146	0
262	146	0
286	146	0
310	146	0
333	146	0
356	146	0
380	146	0
405	146	0
428	146	0
452	146	0
476	146	0
500	146	0
526	146	0
549	146	0
573	146	0
596	146	0
620	146	0
644	146	0
667	146	0
692	146	0
716	146	0
740	146	0
764	146	0
790	146	1
815	146	1
841	146	1
865	146	1
890	146	1
912	146	1
934	146	1
960	146	1
983	146	1
1003	146	1
1026	146	1
8	180	0
31	180	0
54	180	0
75	180	0
99	180	0
121	180	0
143	180	0
165	180	0
187	180	0
212	180	0
238	180	0
266	187	1
288	186	1
309	177	1
329	174	1
356	180	0
380	180	0
405	180	0
428	179	0
452	181	0
476	180	0
500	180	0
526	180	0
549	180	0
573	180	0
596	180	0
620	180	0
644	180	0
667	180	0
692	180	0
716	180	0
740	180	0
764	180	0
790	180	0
815	180	0
841	180	0
865	180	1
890	180	1
912	180	1
934	180	1
960	180	1
983	180	1
1003	180	1
1026	180	1
8	207	0
31	207	0
54	207	0
75	207	0
99	207	0
121	207	0
143	207	0
165	207	0
187	207	0
212	207	0
238	207	0
262	207	0
291	207	0
310	207	0
333	207	0
356	207	0
386	212	1
405	207	1
427	202	1
450	202	1
476	207	0
500	207	0
526	207	0
549	207	0
573	207	0
596	207	0
620	207	0
644	207	0
667	207	0
692	207	0
716	207	0
740	207	0
764	207	0
790	207	0
815	207	0
841	207	0
865	207	0
890	207	1
912	207	1
934	207	1
960	207	1
983	207	1
1003	207	1
1026	207	1
8	238	0
31	238	0
53	234	0
75	238	0
99	238	0
121	238	0
143	238	0
165	238	0
187	238	0
212	238	0
238	238	0
262	238	0
286	238	0
310	238	0
333	238	0
356	238	0
380	238	0
405	238	0
428	238	0
452	238	0
476	238	0
505	251	1
526	238	1
545	231	1
573	238	0
596	238	0
620	238	0
644	234	0
664	234	0
693	234	0
716	238	0
740	238	0
764	238	0
790	238	0
815	238	0
841	238	0
865	238	0
890	238	0
912	238	0
934	238	0
960	238	0
983	238	0
1003	238	0
1026	238	0
12	268	1
32	261	1
52	257	1
66	256	1
99	265	0
121	265	0
143	265	0
165	265	0
187	265	0
212	265	0
238	265	0
262	265	0
286	265	0
310	265	0
333	265	0
356	265	0
380	265	0
405	265	0
428	265	0
452	265	0
476	265	0
500	265	0
528	268	0
549	265	0
573	265	0
596	265	0
623	272	1
648	262	1
667	260	1
688	255	1
716	265	0
740	265	0
764	265	0
790	265	0
815	265	0
841	265	0
865	265	0
890	265	0
912	265	0
934	265	0
960	265	0
983	265	0
1003	265	0
1026	265	0
8	294	0
31	294	0
54	294	0
75	294	0
99	294	0
121	294	1
143	294	1
165	294	1
183	289	1
212	294	0
238	294	0
262	294	0
286	290	0
310	294	0
333	294	0
356	294	0
380	294	0
405	294	0
428	294	0
452	294	0
476	294	0
500	294	0
526	294	0
549	294	0
573	294	0
596	294	0
620	294	0
644	294	0
667	294	0
692	294	0
716	294	0
740	294	1
764	294	1
790	294	1
815	294	1
841	294	1
865	294	1
890	294	1
914	296	0
937	294	0
957	292	0
981	292	0
1003	293	0
1026	294	0
8	320	0
31	320	0
54	320	0
75	320	0
99	320	0
121	320	0
143	320	0
165	320	0
187	320	0
212	320	0
238	325	1
262	320	1
290	312	1
310	320	0
333	320	0
356	320	0
380	320	0
405	320	0
428	320	0
452	320	0
476	320	0
500	320	0
526	320	0
549	320	0
573	320	0
596	320	0
620	320	0
644	320	0
667	320	0
692	320	0
716	320	0
740	320	0
764	320	0
790	320	0
815	320	1
841	320	1
865	320	1
890	320	1
912	320	1
934	320	1
960	320	1
983	320	1
1003	320	1
1026	320	1
8	348	0
31	348	0
54	348	0
75	348	0
99	348	0
121	348	0
143	348	0
165	348	0
187	348	0
212	348	0
238	348	0
262	348	0
286	348	0
310	348	0
333	348	0
352	357	1
380	348	1
402	344	1
428	348	0
452	348	0
476	348	0
500	348	0
526	348	0
549	348	0
573	348	0
596	348	0
620	348	0
644	348	0
667	348	0
692	348	0
716	348	0
740	348	0
764	348	0
790	348	0
815	348	0
841	348	0
865	348	1
890	348	1
912	348	1
934	348	1
960	348	1
983	348	1
1003	348	1
1026	348	1
9	385	1
31	378	0
54	378	0
75	378	0
99	378	0
121	378	0
143	378	0
165	378	0
187	378	0
212	378	0
238	378	0
262	378	0
286	378	0
310	378	0
333	378	0
356	378	0
380	378	0
405	378	0
428	378	0
452	378	0
470	382	1
498	381	1
524	376	1
549	378	0
573	378	0
596	378	0
620	378	0
644	378	0
667	378	0
692	378	0
716	378	0
740	378	0
764	378	0
790	378	0
815	378	0
841	378	0
865	378	0
890	378	0
912	378	0
934	378	0
960	378	0
983	378	1
1003	378	1
1026	378	1
8	410	0
31	410	0
54	410	0
75	410	1
99	410	1
121	410	1
143	410	1
165	410	0
187	410	0
212	410	0
238	410	0
262	410	0
286	410	0
310	410	0
333	410	0
356	410	0
380	410	0
405	410	0
428	410	0
452	410	0
476	410	0
500	410	0
526	410	0
549	410	0
573	410	1
601	409	1
626	398	1
644	410	0
667	410	0
692	410	0
716	410	0
744	408	0
769	408	0
792	407	0
815	410	0
841	410	0
865	410	0
890	410	0
912	410	0
934	410	0
960	410	0
983	410	0
1003	410	0
1026	410	0
8	430	0
31	430	0
54	430	0
75	430	1
99	430	1
121	430	1
143	430	1
165	430	0
187	430	0
212	430	0
238	430	0
262	430	0
286	430	0
310	430	0
333	430	0
356	430	0
380	430	0
405	430	0
428	430	0
452	430	0
476	430	0
500	430	0
526	430	0
549	430	0
573	430	0
596	430	0
620	430	0
644	430	0
667	430	0
692	430	1
716	430	1
740	430	1
764	430	1
790	430	1
815	430	1
841	430	1
872	431	0
894	429	0
916	428	0
936	430	0
959	430	0
983	430	0
1003	430	0
1026	430	0
8	463	0
31	463	0
54	463	0
75	463	0
99	463	0
121	463	0
143	463	0
165	463	1
187	463	1
212	463	1
238	463	1
262	463	0
286	463	0
310	463	0
336	462	0
356	458	0
380	463	0
405	463	0
428	463	0
452	463	0
476	463	0
500	463	0
526	463	0
549	463	0
573	463	0
596	463	0
620	463	0
644	463	0
667	463	0
692	463	0
716	463	0
740	463	0
764	463	1
790	463	1
815	463	1
841	463	1
865	463	1
890	463	1
912	463	1
934	463	1
960	463	1
983	463	1
1002	460	0
1024	461	0
8	487	0
31	487	0
54	487	0
75	487	0
99	487	0
121	487	0
143	487	0
165	487	0
187	487	0
212	487	0
238	487	0
262	487	0
286	487	0
310	487	1
333	487	1
356	487	1
380	487	0
405	487	0
428	487	0
452	487	0
475	485	0
500	487	0
526	487	0
549	487	0
573	487	0
596	487	0
620	487	0
644	487	0
667	487	0
692	487	0
716	487	0
740	487	0
764	487	0
790	487	0
815	487	1
841	487	1
865	487	1
890	487	1
912	487	1
934	487	1
960	487	1
983	487	1
1003	487	1
1026	487	1
8	511	1
31	511	0
54	511	0
75	511	0
99	511	0
121	511	0
143	511	0
165	511	0
187	511	0
212	511	0
238	511	0
262	511	0
286	511	0
310	511	0
333	511	0
356	511	0
380	511	0
405	511	0
427	520	1
452	511	1
475	507	1
500	511	0
526	511	0
549	511	0
573	511	0
596	511	0
620	511	0
644	511	0
667	511	0
692	511	0
716	511	0
740	511	0
764	511	0
790	511	0
815	511	0
841	511	0
868	512	0
888	512	0
912	511	0
934	511	1
960	511	1
983	511	1
1003	511	1
1026	511	1
8	550	0
25	560	1
43	555	1
66	553	1
88	552	1
115	552	1
143	550	0
165	550	0
187	550	0
212	550	0
238	550	0
262	550	0
286	550	0
310	550	0
333	550	0
356	550	0
380	550	0
405	550	0
428	550	0
452	550	0
476	550	0
500	550	0
526	550	1
549	550	1
573	550	1
596	550	0
620	550	0
644	550	0
667	550	0
692	550	0
714	549	0
744	549	0
765	550	0
790	550	0
815	550	0
841	550	0
865	550	0
890	550	0
912	550	0
934	550	0
960	550	0
983	550	0
1003	550	0
1026	550	0
10	574	0
32	574	0
55	574	0
74	574	0
94	568	0
116	570	0
140	570	0
162	568	0
188	569	0
212	566	0
238	570	0
262	570	0
286	570	0
310	570	0
333	570	0
356	570	0
380	570	0
405	570	0
428	570	0
452	570	0
476	570	0
500	570	0
526	570	0
549	570	0
573	570	0
596	570	0
620	570	0
644	570	0
667	570	1
692	570	1
716	570	1
740	570	1
764	570	1
790	570	1
815	570	1
841	570	0
865	570	0
890	570	0
912	570	0
934	570	0
960	570	0
983	570	0
1003	570	0
1026	570	0
8	601	0
31	601	0
54	601	0
75	601	0
99	601	0
120	591	1
143	592	1
165	595	1
185	593	1
208	594	1
238	601	0
262	601	0
286	601	0
310	601	0
333	601	0
356	601	0
380	601	0
405	601	0
428	601	0
452	601	0
476	601	0
500	601	0
526	601	0
549	601	0
573	601	0
596	601	0
620	601	0
644	601	0
667	601	0
692	601	0
716	601	1
740	601	1
764	601	1
790	601	1
815	601	1
841	601	1
865	601	1
890	601	1
912	601	1
934	601	1
960	601	1
983	601	1
1003	601	1
1026	601	1
8	627	0
31	627	0
54	627	0
75	627	0
99	627	0
121	627	0
143	627	0
165	627	0
187	627	0
212	627	0
238	627	0
260	636	1
286	627	1
304	620	1
333	627	0
356	627	0
380	627	0
405	627	0
429	626	0
452	627	0
476	627	0
500	627	0
526	627	0
549	627	0
573	627	0
596	627	0
620	627	0
644	627	0
667	627	0
692	627	0
716	627	0
740	627	0
764	627	1
790	627	1
815	627	1
841	627	1
865	627	1
890	627	1
912	627	1
934	627	1
960	627	1
983	627	1
1003	627	1
1026	627	1
8	657	0
31	657	0
54	657	0
75	657	0
99	657	0
121	657	0
143	657	0
165	657	0
187	657	0
212	657	0
238	657	0
262	657	0
286	657	0
310	657	0
333	657	0
356	657	0
380	657	1
412	657	1
433	650	1
452	657	0
476	657	0
500	657	0
526	657	0
549	657	0
573	657	0
596	657	0
620	657	0
644	657	0
667	657	0
692	657	0
716	657	0
740	657	0
764	657	0
790	657	0
815	657	0
841	657	0
865	657	0
890	657	1
912	657	1
934	657	1
960	657	1
983	657	1
1003	657	1
1026	657	1
8	683	1
31	683	1
54	683	1
75	683	0
99	683	0
121	683	0
143	683	0
165	683	0
187	683	0
212	683	0
238	683	0
262	683	0
286	683	0
310	683	0
333	683	0
356	683	0
380	683	0
405	683	0
428	683	0
452	683	0
476	683	0
500	683	1
526	683	1
549	683	1
573	683	1
596	683	0
620	683	0
644	683	0
667	683	0
692	683	0
716	683	0
740	683	0
764	683	0
790	683	0
815	683	0
841	683	0
865	683	0
890	683	0
912	683	0
934	683	0
960	683	0
983	683	1
1003	683	1
1026	683	1
