8	7	1
29	7	1
51	7	1
75	7	1
98	7	1
121	7	1
144	7	1
166	7	1
188	7	1
209	7	1
232	7	1
254	7	1
276	7	1
298	7	1
320	7	1
344	7	1
368	7	0
391	7	0
413	7	0
436	7	0
458	7	0
480	7	0
503	7	0
526	7	0
548	7	0
569	7	0
592	7	0
613	7	0
636	7	1
660	7	1
685	7	1
708	7	1
731	7	1
754	7	1
778	7	1
801	7	1
824	7	1
847	7	1
870	7	1
892	7	1
915	7	1
938	7	1
959	8	0
983	7	0
1001	5	0
1021	6	0
11	35	0
29	35	0
47	35	0
73	39	0
98	35	1
121	35	1
144	35	1
166	35	1
188	35	1
209	35	1
232	35	1
254	35	1
276	35	1
298	35	1
320	35	1
344	35	1
368	35	1
391	35	1
413	35	1
436	35	1
458	35	1
480	35	1
499	35	0
524	34	0
548	35	0
569	35	0
592	35	0
613	35	0
636	35	0
660	35	0
685	35	0
708	35	0
731	35	0
754	35	1
778	35	1
801	35	1
824	35	1
847	35	1
870	35	1
892	35	1
915	35	1
938	35	1
960	35	1
983	35	1
1006	35	1
1028	35	1
7	58	0
25	58	0
45	55	0
72	55	0
97	55	0
121	58	0
144	58	0
166	58	1
188	58	1
209	58	1
232	58	1
254	58	1
276	58	1
298	58	1
320	58	1
344	58	1
368	58	1
391	58	1
413	58	1
436	58	1
458	58	1
480	58	1
503	58	1
526	58	1
548	58	1
569	58	1
592	58	0
613	58	0
636	58	0
660	58	0
685	58	0
708	58	0
731	58	0
754	58	0
778	58	0
801	58	0
824	58	0
847	58	1
870	58	1
892	58	1
915	58	1
938	58	1
960	58	1
983	58	1
1006	58	1
1028	58	1
8	91	1
29	91	1
49	87	1
72	86	1
104	83	0
121	86	0
145	87	0
168	86	0
188	85	0
213	84	0
232	91	0
254	91	0
276	91	0
298	91	0
320	91	1
344	91	1
368	91	1
391	91	1
413	91	1
436	91	1
458	91	1
480	91	1
503	91	1
526	91	1
548	91	1
569	91	1
592	91	1
613	91	1
636	91	1
660	91	1
685	91	1
708	91	0
731	91	0
754	91	0
778	91	0
801	91	0
824	91	0
847	91	0
870	91	0
892	91	0
915	91	0
938	91	0
960	91	0
983	91	0
1006	91	0
1028	91	0
8	121	1
29	121	1
51	121	1
75	121	1
98	121	1
121	121	1
144	121	1
166	121	1
189	115	1
210	113	1
232	118	0
249	118	0
276	121	0
298	121	0
320	121	0
344	121	0
368	121	0
391	121	0
413	121	0
436	121	0
458	121	0
480	121	0
503	121	1
526	121	1
548	121	1
569	121	1
592	121	1
613	121	1
636	121	1
660	121	1
685	121	1
708	121	1
731	121	1
754	121	1
778	121	1
801	121	1
824	118	0
845	117	0
866	115	0
896	118	0
915	121	0
938	121	0
960	121	0
983	121	0
1006	121	0
1028	121	0
8	150	1
29	150	1
51	150	1
75	150	1
98	150	1
121	150	1
144	150	1
166	150	1
188	150	1
209	150	1
232	150	1
254	150	1
276	150	1
298	150	1
320	150	1
344	150	1
368	150	0
391	150	0
413	150	0
436	150	0
458	150	0
480	150	0
503	150	0
526	150	0
548	150	0
569	150	0
592	150	0
613	150	1
636	150	1
660	150	1
685	150	1
708	150	1
731	150	1
754	150	1
778	150	1
801	150	1
824	150	1
847	150	1
868	144	1
895	142	1
920	143	0
941	142	0
962	141	0
982	144	0
1002	142	0
1028	142	0
9	187	0
30	187	0
48	187	0
80	187	0
97	187	0
121	186	1
144	186	1
166	186	1
188	186	1
209	186	1
232	186	1
254	186	1
276	186	1
298	186	1
320	186	1
344	186	1
368	186	1
391	186	1
413	186	1
436	186	1
458	186	0
480	186	0
503	186	0
526	186	0
548	186	0
569	186	0
592	186	0
613	186	0
636	186	0
660	186	0
685	186	0
708	186	1
731	186	1
754	186	1
778	186	1
801	186	1
824	186	1
847	186	1
870	186	1
892	186	1
915	186	1
938	186	1
958	183	1
983	178	1
1000	175	1
1024	174	1
8	215	0
29	215	0
50	214	0
75	215	0
98	215	0
126	214	0
144	215	0
166	215	0
188	215	0
209	215	0
232	215	1
254	215	1
276	215	1
298	215	1
320	215	1
344	215	1
368	215	1
391	215	1
413	215	1
436	215	1
458	215	1
480	215	1
503	215	1
526	215	1
548	215	0
569	215	0
592	215	0
613	215	0
636	215	0
660	215	0
685	215	0
708	215	0
731	215	0
754	215	0
778	215	0
801	215	0
824	215	1
847	215	1
870	215	1
892	215	1
915	215	1
938	215	1
960	215	1
983	215	1
1006	215	1
1028	215	1
8	242	1
29	242	1
51	242	1
72	242	0
97	240	0
121	242	0
144	242	0
166	242	0
188	242	0
209	242	0
232	242	0
254	242	0
276	242	0
298	242	0
320	242	0
344	242	1
368	242	1
391	242	1
413	242	1
436	242	1
458	242	1
480	242	1
503	242	1
526	242	1
548	242	1
569	242	1
592	242	1
613	242	1
636	242	1
660	242	1
685	242	0
708	242	0
731	242	0
754	242	0
778	242	0
801	242	0
824	242	0
847	242	0
870	242	0
892	242	0
915	242	0
938	242	1
960	242	1
983	242	1
1006	242	1
1028	242	1
8	268	1
29	268	1
51	268	1
75	268	1
98	268	1
121	268	1
144	268	1
166	268	1
188	268	0
209	268	0
232	268	0
254	268	0
276	268	0
298	268	0
320	268	0
344	268	0
368	268	0
391	268	0
413	268	0
436	268	1
458	268	1
480	268	1
503	268	1
526	268	1
548	268	1
569	268	1
592	268	1
613	268	1
636	268	1
660	268	1
685	268	1
708	268	1
731	268	1
754	268	1
778	268	1
801	268	1
824	268	1
847	268	1
870	268	0
892	268	0
915	268	0
938	268	0
960	268	0
983	268	0
1006	268	0
1028	268	0
8	297	1
29	297	1
51	297	1
75	297	1
98	297	1
121	297	1
144	297	1
166	297	1
188	297	1
209	297	1
232	297	1
254	297	1
276	297	1
298	297	0
320	297	0
344	297	0
371	298	0
391	297	0
413	297	0
436	297	0
458	297	0
480	297	0
503	297	0
526	297	0
548	297	0
569	297	0
592	297	1
613	297	1
636	297	1
660	297	1
685	297	1
708	297	1
731	297	1
754	297	1
778	297	1
801	297	1
824	297	1
847	297	1
870	297	1
892	297	1
915	297	1
938	297	1
960	297	1
983	297	0
1006	297	0
1028	297	0
8	322	0
29	322	0
52	322	0
75	322	1
98	322	1
121	322	1
144	322	1
166	322	1
188	322	1
209	322	1
232	322	1
254	322	1
276	322	1
298	322	1
320	322	1
344	322	1
368	322	1
391	322	1
413	322	1
436	322	0
458	322	0
480	322	0
503	322	0
526	322	0
548	322	0
569	322	0
592	322	0
613	322	0
636	322	0
660	322	1
685	322	1
708	322	1
731	322	1
754	322	1
778	322	1
801	322	1
824	322	1
847	322	1
870	322	1
892	322	1
915	322	1
938	322	1
960	322	1
983	322	1
1006	322	1
1028	322	1
8	354	0
29	354	0
51	354	0
75	354	0
98	354	0
121	354	1
144	354	1
166	354	1
188	354	1
209	354	1
232	354	1
254	354	1
276	354	1
298	354	1
320	354	1
344	354	1
368	354	1
391	354	1
413	354	1
436	354	1
458	354	1
480	354	1
503	354	0
526	354	0
548	354	0
569	354	0
592	354	0
613	354	0
636	354	0
660	354	0
685	354	0
708	354	0
731	354	0
754	354	0
778	354	0
801	354	1
824	354	1
847	354	1
870	354	1
892	354	1
915	354	1
938	354	1
960	354	1
983	354	1
1006	354	1
1028	354	1
7	374	1
29	381	0
51	381	0
75	381	0
98	381	0
121	381	0
144	381	0
166	381	0
188	381	0
209	381	0
232	381	0
254	381	0
274	382	0
294	382	0
320	381	1
344	381	1
368	381	1
391	381	1
413	381	1
436	381	1
458	381	1
480	381	1
503	381	1
526	381	1
548	381	1
569	381	1
592	381	1
611	381	0
635	378	0
660	381	1
685	381	1
708	381	1
731	381	0
754	381	0
778	381	0
801	381	0
824	381	0
847	381	0
870	381	0
892	381	0
915	381	0
938	381	1
960	381	1
983	381	1
1006	381	1
1028	381	1
8	416	1
29	416	1
51	416	1
75	416	1
98	416	1
121	416	0
144	416	0
166	416	0
186	414	0
212	412	0
232	416	0
254	416	0
276	416	0
298	416	0
320	416	0
344	416	0
368	416	0
391	416	0
413	416	1
436	416	1
458	416	1
480	416	1
503	416	1
526	416	1
548	416	1
569	416	1
592	416	1
613	416	1
636	416	1
660	416	1
685	416	1
708	416	1
731	416	1
754	416	1
778	416	1
801	416	1
824	416	1
847	416	0
870	416	0
892	416	0
915	416	0
938	416	0
960	416	0
983	416	0
1006	416	0
1028	416	0
8	445	1
29	445	1
51	445	1
75	445	1
98	445	1
121	445	1
144	445	1
166	445	1
188	445	1
209	445	1
232	445	1
254	445	0
276	445	0
296	443	0
321	441	0
344	445	0
368	445	0
391	445	0
413	445	0
436	445	0
458	445	0
480	445	0
507	446	0
526	445	1
548	445	1
569	445	1
592	445	1
613	445	1
636	445	1
660	445	1
685	445	1
708	445	1
731	445	1
754	445	1
778	445	1
801	445	1
824	445	1
847	445	1
870	445	1
892	445	1
915	445	1
938	445	1
960	445	0
983	445	0
1006	445	0
1028	445	0
8	465	1
29	465	1
51	465	1
75	465	1
98	465	1
121	465	1
144	465	1
166	465	1
188	465	1
209	465	1
232	465	1
254	465	1
276	465	1
298	465	1
320	465	1
344	465	1
368	465	0
391	465	0
415	459	0
436	465	0
458	465	0
480	465	0
503	465	0
526	465	0
548	467	0
569	469	0
592	465	0
613	465	1
636	465	1
660	465	1
685	465	1
708	465	1
731	465	1
754	465	1
778	465	1
801	465	1
824	465	1
847	465	1
870	465	1
892	465	1
915	465	1
938	465	1
960	465	1
983	465	1
1006	465	1
1028	465	1
8	490	0
29	490	0
51	490	0
75	490	0
99	490	0
121	490	1
144	490	1
166	490	1
188	490	1
209	490	1
232	490	1
254	490	1
276	490	1
298	490	1
320	490	1
344	490	1
368	490	1
391	490	1
413	490	1
436	490	1
458	490	0
480	490	0
503	490	0
524	490	0
547	490	0
569	490	0
592	490	0
613	490	0
636	490	0
660	490	0
685	490	0
708	490	0
731	490	1
754	490	1
778	490	1
801	490	1
824	490	1
847	490	1
870	490	1
892	490	1
915	490	1
938	490	1
960	490	1
983	490	1
1006	490	1
1028	490	1
8	517	0
29	517	0
51	517	0
75	517	0
98	517	0
121	517	0
144	517	0
166	517	0
189	520	0
209	519	0
231	522	0
254	517	1
276	517	1
298	517	1
320	517	1
344	517	1
368	517	1
391	517	1
413	517	1
436	517	1
458	517	1
480	517	1
503	517	1
526	517	1
548	517	1
569	517	1
592	517	0
613	517	0
636	517	0
660	517	0
685	517	0
708	517	0
731	517	0
754	517	0
778	517	0
801	517	0
824	517	0
847	517	0
870	517	1
892	517	1
915	517	1
938	517	1
960	517	1
983	517	1
1006	517	1
1028	517	1
8	546	1
29	546	1
51	546	1
75	546	1
98	546	0
121	546	0
144	546	0
166	546	0
188	546	0
209	546	0
232	546	0
254	546	0
276	546	0
298	546	0
320	546	1
344	546	1
368	546	1
391	546	1
413	546	1
436	546	1
458	546	1
480	546	1
503	546	1
526	546	1
548	546	1
569	546	1
592	546	1
613	546	1
636	546	1
660	546	1
685	546	0
708	546	0
731	546	0
754	546	0
778	546	0
801	546	0
824	546	0
847	546	0
870	546	0
892	546	0
915	546	0
938	546	0
960	546	0
983	546	1
1006	546	1
1028	546	1
8	582	1
29	582	1
51	582	1
75	582	1
98	582	1
121	582	1
144	582	1
166	582	1
188	582	1
209	582	0
232	582	0
254	582	0
276	582	0
298	582	0
320	582	0
344	582	0
368	582	0
391	582	0
413	582	0
436	582	0
458	582	0
480	582	0
503	582	1
526	582	1
548	582	1
569	582	1
592	582	1
613	582	1
636	582	1
660	582	1
685	582	1
708	582	1
731	582	1
754	582	1
778	582	1
801	582	0
824	582	0
847	582	0
870	582	0
892	582	0
915	582	0
938	582	0
960	582	0
983	582	0
1006	582	0
1028	582	0
8	607	1
29	607	1
51	607	1
75	607	1
98	607	1
121	607	1
144	607	1
166	607	1
188	607	1
209	607	1
232	607	1
254	607	1
276	607	1
298	607	1
320	607	0
344	607	0
368	607	0
391	607	0
413	607	0
436	607	0
458	607	0
480	607	0
503	607	0
526	607	0
548	607	0
569	607	1
592	607	1
613	607	1
636	607	1
660	607	1
685	607	1
708	607	1
731	607	1
754	607	1
778	607	1
801	607	1
824	607	1
847	607	1
870	607	1
892	607	1
915	607	0
938	607	0
960	606	0
987	603	0
1006	607	0
1028	607	0
8	639	0
29	639	0
51	639	0
75	639	0
98	639	1
121	639	1
144	639	1
166	639	1
188	639	1
209	639	1
232	639	1
254	639	1
276	639	1
298	639	1
320	639	1
344	639	1
368	639	1
391	639	1
413	639	1
436	639	0
458	639	0
480	638	0
502	638	0
526	639	0
548	639	0
569	639	0
592	639	0
613	639	0
636	639	0
660	639	0
685	639	1
708	639	1
731	639	1
754	639	1
778	639	1
801	639	1
824	639	1
847	639	1
870	639	1
892	639	1
915	639	1
938	639	1
960	639	1
977	631	1
1002	628	1
1028	629	0
8	666	0
29	666	0
51	666	0
75	666	0
98	666	0
121	666	0
144	666	0
166	666	1
188	666	1
209	666	1
232	666	1
254	666	1
276	666	1
298	666	1
320	666	1
344	666	1
368	666	1
391	666	1
413	666	1
436	666	1
458	666	1
480	666	1
503	666	1
526	666	0
548	666	0
569	666	0
592	666	0
613	666	0
636	666	0
660	666	0
685	666	0
708	666	0
731	666	0
754	666	0
778	666	0
801	666	1
824	666	1
847	666	1
870	666	1
892	666	1
915	666	1
938	666	1
960	666	1
983	666	1
1006	666	1
1028	666	1
8	684	1
29	685	0
51	684	0
75	684	0
98	684	0
121	684	0
144	684	0
166	684	0
188	684	0
209	684	1
232	684	1
254	684	1
276	684	1
298	684	1
320	684	1
344	684	1
368	684	1
391	684	1
413	684	1
436	684	1
458	684	1
480	684	1
503	684	1
526	684	1
548	684	1
569	684	1
592	684	1
613	684	1
636	684	0
660	684	0
685	684	0
708	684	0
731	684	0
754	684	0
778	684	0
801	684	0
824	684	0
847	684	0
870	684	0
891	684	0
915	684	0
938	684	1
960	684	1
983	684	1
1006	684	1
1028	684	1
