7	11	0
31	11	0
55	11	1
78	11	1
103	11	0
126	11	0
149	11	0
171	11	1
195	11	1
219	11	1
244	11	1
269	11	1
293	11	1
317	11	1
341	11	1
367	11	1
393	11	1
418	11	1
444	11	1
470	11	0
498	11	0
526	11	0
552	11	0
578	11	0
604	11	0
632	11	0
663	11	1
692	11	1
721	11	1
748	11	1
775	11	1
804	11	0
830	11	0
857	11	0
882	11	0
907	11	0
932	11	0
962	19	1
983	19	1
1005	11	1
1029	11	1
7	37	0
31	37	0
55	37	1
78	37	1
103	37	1
126	37	1
149	37	0
171	37	0
195	37	0
219	37	0
246	39	0
269	37	0
293	37	0
317	37	0
341	37	1
367	37	1
393	37	1
418	37	1
444	37	1
470	37	1
498	37	1
526	37	1
552	37	1
578	37	1
604	37	1
632	37	1
663	37	0
692	37	0
721	37	0
746	35	0
771	29	0
804	37	0
830	37	0
857	37	0
882	37	0
907	37	0
932	37	0
956	37	0
980	37	0
1005	37	0
1029	37	0
7	68	0
31	68	0
55	68	1
78	68	1
103	68	1
126	68	1
149	68	1
171	68	1
195	68	1
219	68	1
244	68	1
269	68	1
293	68	1
317	68	1
341	68	0
367	68	0
393	68	0
418	68	0
444	68	0
470	68	0
498	68	0
526	68	0
552	68	1
578	68	1
604	68	1
632	68	1
661	63	1
687	62	1
715	59	1
747	58	1
776	53	1
810	50	0
828	51	0
858	49	0
887	54	0
906	49	0
931	50	0
961	52	0
981	54	0
1006	54	0
1030	58	0
9	102	1
47	103	1
47	137	1
78	117	0
95	117	0
116	115	0
138	112	0
164	111	0
190	108	0
219	102	0
244	102	1
269	102	1
293	102	1
317	102	1
341	102	1
367	102	1
393	102	1
418	102	1
444	102	1
470	102	1
498	102	1
526	102	1
552	102	0
578	102	0
604	102	0
632	102	0
663	102	0
692	102	0
721	98	0
746	95	0
768	93	0
793	85	1
817	79	1
848	72	1
882	74	0
905	72	0
928	71	0
957	77	0
983	76	0
1008	79	0
1028	75	0
3	163	0
35	165	0
55	163	1
105	158	1
81	160	1
127	153	1
149	153	1
172	151	1
192	151	1
220	151	1
247	151	0
269	137	0
293	137	0
317	137	0
341	137	0
367	137	0
393	137	0
418	137	1
444	137	1
470	137	1
498	137	1
526	137	1
552	137	1
578	137	1
604	137	1
632	137	1
663	137	1
692	137	1
721	137	0
748	137	0
775	137	0
804	137	0
830	137	0
852	130	0
874	130	1
903	124	1
928	127	0
951	127	0
980	127	0
1004	124	0
1027	125	0
5	181	0
31	183	0
55	185	0
76	183	0
104	182	0
123	184	0
148	181	1
169	179	1
194	177	1
219	175	1
244	171	1
269	171	1
293	171	1
317	171	1
341	171	1
367	171	1
393	171	1
418	171	0
444	171	0
470	171	0
498	171	0
526	171	0
552	171	0
578	171	0
604	171	0
632	171	0
659	162	1
691	163	1
719	163	1
748	171	1
775	171	1
804	171	1
831	181	1
859	185	1
887	185	0
907	185	0
929	184	0
954	178	0
980	171	1
1007	165	1
1027	162	1
7	207	0
31	207	0
55	207	1
78	207	1
103	207	0
126	207	0
149	207	0
171	207	0
195	207	0
219	207	0
244	207	0
269	207	0
293	207	0
317	207	1
341	207	1
367	207	1
393	207	1
418	207	1
444	207	1
470	207	1
498	207	1
526	207	1
552	207	1
578	207	1
603	200	1
631	202	1
663	198	0
689	199	0
719	195	0
750	193	0
779	194	0
807	196	0
831	197	0
859	203	0
882	207	0
907	207	0
932	207	0
956	207	0
979	206	0
1006	199	0
1024	198	0
7	236	1
31	236	1
55	236	1
78	236	1
103	236	1
126	236	1
149	236	1
171	236	1
195	236	1
219	236	1
244	236	1
269	236	1
293	236	1
317	236	1
341	236	0
367	236	0
393	236	0
418	236	0
444	236	0
470	236	0
498	236	0
526	236	1
552	236	1
583	233	1
603	229	1
629	227	1
661	223	1
692	224	1
722	221	1
748	215	1
775	217	1
805	219	0
831	219	0
854	218	0
877	219	0
901	223	0
930	222	0
958	223	0
980	224	0
1001	223	0
1027	227	0
7	260	0
31	260	0
55	260	1
78	260	0
103	260	0
126	260	0
149	260	0
171	260	0
195	260	0
222	271	1
246	267	1
270	268	1
293	267	1
317	260	1
341	260	1
367	260	1
393	260	1
418	260	1
444	260	1
470	260	1
498	260	1
526	260	0
552	260	0
578	260	0
604	260	0
632	260	0
663	260	0
692	260	0
721	260	0
748	260	0
775	260	1
800	254	1
825	250	1
857	249	1
881	244	1
907	247	0
935	246	0
959	248	0
975	249	0
997	250	0
1024	251	0
7	293	0
31	293	0
55	293	0
78	293	1
103	293	1
126	293	1
149	293	1
171	293	1
195	293	1
219	293	0
244	293	0
269	293	0
293	293	0
317	293	0
341	293	0
367	293	0
393	293	0
418	293	1
444	293	1
470	293	1
498	293	1
526	293	1
552	293	1
578	293	1
604	293	1
632	293	1
663	293	1
692	293	1
721	293	0
748	293	0
775	293	0
804	293	0
830	293	0
857	293	0
882	293	1
907	293	1
932	293	1
956	293	1
980	293	0
1005	293	0
1029	293	0
7	323	0
31	323	0
55	323	0
78	323	0
103	323	0
126	323	0
149	323	0
171	323	1
195	323	1
219	323	1
244	323	1
269	323	1
293	323	1
317	323	1
341	323	1
367	323	1
393	323	1
418	323	0
444	323	0
470	323	0
498	323	0
526	323	0
552	323	0
578	323	0
604	323	1
632	323	1
663	323	1
692	323	1
721	323	1
748	323	1
775	323	1
804	323	1
830	323	0
857	323	0
882	323	0
907	323	0
932	323	0
956	323	0
980	323	0
1005	323	0
1029	323	0
7	349	1
31	349	1
55	349	0
78	349	0
103	349	0
126	349	0
149	349	0
171	349	0
195	349	0
219	349	0
244	349	0
269	349	0
293	349	0
317	349	1
341	349	1
367	349	1
393	349	1
418	349	1
444	349	1
470	349	1
498	349	1
526	349	1
552	349	1
578	349	1
604	349	1
632	349	0
663	349	0
692	349	0
721	349	0
748	349	0
775	349	0
804	349	0
830	349	0
855	351	0
882	349	0
907	349	0
932	349	0
956	349	0
980	349	0
1005	349	0
1029	349	0
7	382	1
31	382	1
55	382	1
78	382	1
103	382	1
126	382	1
149	382	1
171	382	1
195	382	1
219	382	1
244	382	1
269	382	1
293	382	1
317	382	1
341	382	0
367	382	0
393	382	0
418	382	0
444	382	0
470	382	0
498	382	0
526	382	1
552	382	1
578	382	1
604	382	1
633	376	1
663	375	1
691	372	1
723	371	1
747	369	1
770	370	1
799	371	0
828	368	0
853	363	0
879	361	0
906	363	0
931	363	0
959	363	0
981	363	0
1005	361	0
1029	365	0
7	411	0
31	411	0
55	411	0
78	411	0
103	411	0
126	411	0
149	411	0
171	411	0
195	411	0
219	411	1
244	411	1
269	411	1
293	411	1
317	411	1
341	411	1
367	411	1
393	411	1
418	411	1
444	411	1
470	411	1
498	411	1
526	411	0
552	411	0
578	411	0
604	411	0
632	411	0
663	411	0
692	411	0
721	411	0
745	400	1
771	398	1
801	398	1
822	388	1
851	387	1
876	383	1
901	388	0
927	388	0
951	389	0
974	388	0
1001	391	0
1023	391	0
7	437	0
31	437	0
55	437	0
78	437	0
103	437	1
126	437	1
149	437	1
171	437	1
195	437	1
219	437	1
244	437	0
269	437	0
293	437	0
317	437	0
341	437	0
367	437	0
393	437	0
418	437	1
444	437	1
470	437	1
498	437	1
526	437	1
552	437	1
578	437	1
604	437	1
632	437	1
663	437	1
692	437	1
721	437	0
748	437	0
775	437	0
804	437	0
830	437	0
857	437	0
883	420	1
905	417	1
928	417	1
963	412	0
986	411	0
1002	409	0
1027	411	0
7	471	0
31	471	0
55	471	0
78	471	0
103	471	0
126	471	0
149	471	1
171	471	1
195	471	1
219	471	1
244	471	1
269	471	1
293	471	1
317	471	1
341	471	1
367	471	1
393	471	1
418	471	0
444	471	0
470	471	0
498	471	0
526	471	0
552	471	0
578	471	0
604	471	1
632	471	1
663	471	1
692	471	1
721	471	1
748	471	1
775	474	1
809	481	1
829	477	1
857	471	0
882	471	0
907	471	0
932	471	0
956	462	0
979	461	0
1003	457	1
1028	450	1
5	516	1
28	506	1
55	500	1
78	500	1
103	500	0
126	500	0
149	500	0
171	500	0
195	500	0
219	500	0
244	500	0
269	500	0
293	500	0
317	500	1
341	500	1
367	500	1
393	500	1
418	500	1
444	500	1
470	500	1
498	500	1
526	500	1
552	500	1
578	500	1
604	500	1
632	500	0
663	500	0
692	500	0
721	500	0
748	500	0
775	500	0
804	500	0
830	500	0
857	500	0
882	500	0
907	500	0
932	500	0
956	500	0
980	500	0
1005	500	0
1029	500	0
7	539	0
31	539	0
55	539	0
78	539	1
103	539	1
126	539	1
149	539	1
171	539	1
195	539	1
219	539	1
244	539	1
269	539	1
293	539	1
317	539	0
341	539	0
367	539	0
393	539	0
418	539	0
444	539	0
470	539	0
498	539	1
526	539	1
552	539	1
577	534	1
605	531	1
632	527	1
663	526	1
691	524	1
719	526	1
748	519	1
774	516	0
802	519	0
830	519	0
858	515	0
887	512	0
907	511	0
931	517	0
955	512	0
978	514	0
999	514	0
1029	515	0
7	561	0
31	561	0
55	561	0
78	561	0
103	561	0
126	561	0
149	561	0
171	561	0
195	561	0
225	562	1
244	561	1
269	561	1
293	561	1
317	561	1
341	561	1
367	561	1
393	561	1
418	561	1
444	561	1
470	561	1
498	561	1
519	563	1
552	561	0
578	561	0
604	561	0
632	561	0
663	561	0
692	561	0
713	557	1
742	553	1
771	553	1
799	551	1
827	548	1
852	546	1
878	546	1
905	543	1
931	540	0
954	535	0
979	533	0
999	531	0
1026	527	0
7	595	0
31	595	0
55	595	0
78	595	0
103	595	1
126	595	1
149	595	1
171	595	1
195	595	0
219	595	0
244	595	0
269	595	0
293	595	0
317	595	0
341	595	0
367	595	0
393	595	1
418	595	1
444	595	1
470	595	1
498	595	1
526	595	1
552	595	1
578	595	1
604	595	1
632	595	1
663	595	1
692	595	1
721	595	0
750	591	0
773	587	0
800	585	0
827	583	0
852	579	0
878	576	0
901	573	0
927	564	0
956	562	0
983	555	0
1008	552	0
1026	552	0
3	644	1
29	639	1
49	641	1
79	641	1
102	644	1
123	640	0
149	631	0
171	631	1
195	631	1
219	631	1
244	631	1
269	631	1
293	631	1
317	631	1
341	631	1
367	631	1
393	631	1
418	631	0
444	631	0
470	631	0
498	631	0
526	631	0
552	631	0
578	631	0
604	631	1
632	631	1
663	631	1
691	629	1
719	628	1
748	623	1
774	617	1
799	609	1
824	607	1
843	606	1
877	603	0
897	599	0
921	595	0
940	589	0
962	580	1
985	578	1
1012	574	1
3	675	0
25	675	0
48	673	0
71	671	1
102	674	1
125	671	0
147	672	0
169	672	0
195	671	0
221	671	0
243	670	0
268	671	0
294	668	0
317	663	1
341	663	1
367	663	1
393	663	1
418	663	1
444	663	1
470	663	1
498	663	1
526	663	1
552	663	1
578	663	1
604	663	1
632	663	0
663	663	0
692	663	0
721	663	0
748	663	0
775	663	0
801	659	0
826	656	0
855	636	1
885	647	0
908	655	0
936	655	0
958	653	0
980	663	0
1005	663	0
1029	663	0
