14	9	0
45	9	0
81	9	0
112	9	1
138	9	1
172	9	0
196	9	0
224	9	0
246	9	0
272	9	0
297	9	0
331	9	0
361	9	0
388	9	0
415	9	0
445	9	0
478	9	0
507	9	0
541	9	0
579	9	0
615	9	0
652	11	0
681	11	1
728	9	0
758	9	0
785	9	0
815	9	0
842	9	0
865	9	0
891	9	0
916	10	0
949	9	0
973	9	0
997	9	0
1024	9	1
14	24	0
45	24	0
81	24	0
110	26	0
137	28	0
172	24	0
196	24	0
224	24	0
246	24	0
272	24	0
297	24	0
331	24	0
361	24	0
388	24	0
415	24	0
445	24	0
478	24	0
507	24	0
541	24	0
564	25	1
615	24	0
655	24	0
691	24	0
728	24	0
758	24	1
785	24	0
815	24	0
842	24	0
865	24	0
891	24	0
920	24	1
949	24	0
973	24	0
997	24	0
1024	24	0
14	46	0
45	46	0
77	52	1
112	46	0
138	46	0
172	46	0
196	46	0
224	46	0
246	46	0
272	46	0
297	46	0
331	46	0
361	46	0
388	46	0
415	46	0
445	46	1
478	46	0
507	46	0
541	46	0
575	46	0
615	46	0
655	46	0
696	42	0
728	46	0
758	46	0
785	46	1
815	46	0
842	46	0
865	46	0
892	45	0
920	46	0
949	46	0
973	46	0
997	46	1
1024	46	0
14	63	0
45	63	0
81	63	0
112	63	0
138	63	0
172	63	0
196	63	0
224	63	0
246	63	0
272	63	0
297	63	0
331	63	0
361	63	0
388	63	0
415	63	0
447	64	0
478	63	0
512	71	1
541	63	0
575	63	0
615	63	0
655	63	0
691	63	1
728	63	0
758	63	0
785	63	0
815	63	0
842	63	0
860	64	0
887	64	1
920	63	0
949	63	0
973	63	0
1000	68	0
1024	63	0
13	96	1
39	96	1
81	87	0
112	87	0
138	87	0
172	87	0
196	87	0
224	87	1
246	87	0
272	87	0
297	87	0
331	87	0
361	87	0
388	87	0
415	87	0
445	87	0
478	87	0
508	90	0
541	87	0
575	87	1
615	87	0
655	87	0
691	87	0
728	87	0
752	90	1
776	86	1
815	87	0
842	87	0
865	87	0
891	87	0
920	87	0
949	87	0
973	87	0
997	87	0
1024	87	0
13	116	0
46	114	0
81	111	0
112	111	1
138	111	0
172	111	0
196	111	0
224	111	0
246	111	0
270	110	0
296	115	1
331	111	0
361	111	0
388	111	0
415	111	0
445	111	0
478	111	1
507	111	0
541	111	0
575	111	0
615	111	0
655	111	1
691	111	0
728	111	0
758	111	0
785	111	0
815	111	0
842	111	1
865	111	0
891	111	0
920	111	0
949	111	0
973	111	0
997	111	0
1024	114	0
14	138	0
45	138	0
81	138	0
112	138	0
138	138	0
172	138	1
196	138	0
224	138	0
246	138	0
272	138	0
297	138	0
331	138	0
361	138	0
388	138	0
415	138	0
445	138	0
478	138	0
507	138	0
541	138	1
575	138	0
615	138	0
655	138	0
691	138	0
728	138	1
758	138	0
785	138	0
815	138	0
842	138	0
865	138	0
891	138	0
920	138	0
949	138	0
973	138	0
997	138	0
1024	138	1
14	163	0
59	161	1
84	163	0
112	163	0
138	163	0
172	168	0
196	163	0
224	163	0
246	163	1
272	163	0
297	163	0
331	163	0
361	163	0
388	163	0
415	163	0
445	163	0
478	163	0
506	162	0
541	163	0
575	163	0
615	163	1
655	163	0
691	163	0
728	163	0
758	163	0
803	170	1
818	164	0
842	163	0
865	163	0
891	163	0
920	163	0
949	163	0
973	163	1
997	163	1
1024	163	1
14	183	0
56	181	1
82	186	0
112	183	0
138	183	0
172	183	0
196	183	0
224	183	0
246	183	1
272	183	0
297	183	0
331	183	0
361	183	0
388	183	0
415	183	0
445	183	0
476	183	0
507	183	1
541	183	0
575	183	0
615	183	0
655	183	0
691	183	1
728	183	0
758	183	0
785	183	0
815	183	0
842	183	0
865	183	0
891	183	0
920	183	0
949	183	0
973	183	0
997	183	0
1024	183	1
14	210	1
45	210	0
81	210	0
112	210	0
138	210	0
172	210	0
196	210	0
224	210	0
246	210	0
272	210	0
297	210	0
331	210	0
361	207	0
388	210	1
415	210	0
445	210	0
478	210	0
507	210	0
541	210	0
575	210	0
615	210	0
655	210	0
691	210	0
728	210	1
758	210	0
785	210	0
815	210	0
842	210	0
865	210	0
891	210	0
920	210	1
949	210	1
973	210	0
997	210	0
1024	210	0
12	233	0
45	229	0
81	229	1
112	229	0
138	229	0
172	229	0
196	229	0
224	229	0
246	229	0
272	229	1
297	229	1
331	229	0
361	229	0
387	235	0
415	229	0
456	234	1
480	230	0
507	229	0
541	229	0
575	229	0
615	229	0
655	229	0
691	229	0
728	229	0
758	229	0
785	229	0
815	229	0
842	229	0
865	229	0
891	229	0
920	229	0
949	229	0
973	229	0
997	229	0
1024	229	0
14	254	0
45	254	0
81	254	0
112	254	0
138	254	0
172	254	0
196	254	0
224	254	0
246	254	0
272	254	0
297	254	1
331	254	1
361	254	1
388	254	0
415	254	0
445	254	0
478	254	0
507	254	0
541	254	0
575	254	0
615	254	0
655	254	0
691	254	1
728	254	0
758	254	0
785	254	0
815	254	0
842	254	0
865	254	0
891	254	0
920	254	0
949	254	0
974	255	0
997	254	0
1024	254	0
14	281	0
45	281	0
81	281	0
117	276	0
138	281	0
172	281	0
196	281	0
224	281	0
246	281	0
268	285	0
293	283	1
331	281	0
361	281	0
388	281	0
415	281	0
445	281	0
478	281	0
507	281	0
541	281	0
575	281	0
615	281	0
655	282	0
691	281	0
728	281	0
756	282	0
785	281	1
815	281	0
842	281	0
865	281	0
891	281	0
920	281	0
949	281	1
973	281	1
997	281	1
1024	281	0
14	310	0
45	310	0
81	310	0
112	310	1
138	310	0
172	310	0
196	310	0
224	310	0
246	310	0
272	310	0
297	310	0
331	310	0
361	310	1
390	311	0
415	310	0
445	310	0
478	310	0
507	310	0
541	310	0
575	310	0
615	310	0
659	305	1
691	310	0
728	310	0
758	310	0
785	310	0
815	310	0
842	310	0
865	310	0
891	310	0
920	310	0
949	310	0
973	310	1
997	310	1
1024	310	1
14	339	0
45	339	1
81	339	1
112	339	0
138	339	0
172	339	0
196	339	0
224	339	0
246	339	1
272	339	0
297	339	0
331	339	0
361	339	0
388	339	0
415	339	1
445	339	1
478	339	0
507	339	0
541	339	0
575	339	0
615	339	1
655	339	0
691	339	0
728	339	0
758	339	0
785	339	0
815	339	0
842	339	0
865	339	0
891	339	0
920	339	1
949	339	0
973	339	0
997	339	0
1024	339	0
14	366	0
45	366	0
90	371	1
112	366	1
138	366	1
172	366	0
196	366	0
224	366	0
246	366	0
272	366	0
297	366	0
331	366	0
361	366	0
385	365	0
415	366	0
445	366	0
478	364	0
507	366	1
541	366	0
575	366	0
615	366	0
655	366	0
691	366	1
728	366	0
758	366	0
785	366	0
815	366	0
842	366	0
860	375	1
891	377	1
920	366	1
949	366	0
973	366	0
997	366	0
1024	366	0
14	394	1
45	394	0
81	394	0
111	394	0
138	394	0
172	394	0
196	394	0
224	394	0
246	394	0
272	394	0
297	394	0
331	394	0
361	394	0
388	394	1
415	394	0
445	394	0
478	394	0
507	394	0
541	394	0
575	394	1
615	394	0
655	394	0
691	394	0
728	394	0
758	394	0
785	394	0
815	394	0
842	394	0
864	397	0
889	399	0
920	394	1
949	394	1
973	394	1
997	394	1
1024	394	1
12	418	0
45	416	0
81	416	1
112	416	0
138	416	0
172	416	0
196	416	0
224	416	0
246	416	0
272	416	0
297	416	0
331	416	0
361	416	0
388	416	0
415	416	0
451	418	1
478	416	0
507	416	0
541	416	0
575	416	0
615	416	0
655	416	0
691	416	0
728	416	0
758	416	0
785	416	0
813	423	1
842	416	0
865	416	0
891	416	0
920	416	1
949	416	1
973	416	1
997	416	1
1024	416	1
14	442	0
45	442	0
81	442	0
112	442	0
138	442	1
172	442	1
196	442	0
224	442	0
246	442	0
272	442	0
297	442	0
331	442	0
361	442	0
388	442	0
416	442	0
445	442	0
478	442	0
512	445	1
541	442	1
575	442	0
615	442	0
655	442	0
691	442	0
728	442	0
754	447	0
786	454	1
815	442	0
842	442	0
865	442	0
891	442	0
920	442	0
949	442	0
973	442	1
997	442	1
1024	442	1
14	467	0
45	467	0
81	467	0
112	467	0
138	467	0
172	467	0
196	467	0
224	467	0
246	467	0
272	467	0
297	467	0
331	467	0
361	467	0
388	467	0
415	467	1
445	467	0
478	467	0
507	467	0
541	467	0
575	467	1
615	467	0
655	467	0
691	467	0
728	467	0
757	476	0
783	474	0
813	478	1
844	478	1
868	475	1
891	467	0
920	467	0
949	467	0
973	467	0
997	467	1
1024	467	1
14	499	0
45	499	0
81	499	0
112	499	1
138	499	0
172	499	0
196	499	0
224	499	0
246	499	0
272	499	0
297	499	1
331	499	0
361	499	0
388	499	0
415	499	0
445	499	0
478	499	1
507	499	0
541	499	0
575	499	0
615	499	0
655	499	0
691	499	0
728	499	0
758	499	0
785	499	0
811	510	0
842	508	1
868	511	1
891	508	1
923	507	1
949	499	1
973	499	1
997	499	1
1024	499	0
14	526	0
45	526	0
81	526	0
112	526	0
138	526	0
172	526	1
196	526	1
224	526	0
246	526	0
272	526	0
297	526	0
331	526	0
361	526	1
390	526	0
415	526	0
445	526	0
478	526	0
507	526	0
541	526	0
575	526	0
615	526	0
655	526	0
691	526	0
728	526	0
758	526	0
784	542	1
813	535	1
848	535	0
867	531	0
893	531	0
917	529	0
941	534	1
966	534	1
997	526	1
1024	526	1
14	572	0
45	572	0
81	572	0
112	572	0
138	572	1
172	572	0
196	572	0
224	572	0
246	572	0
272	572	0
297	572	0
331	572	1
361	572	0
388	572	0
415	572	0
445	572	0
478	572	0
507	572	0
541	572	0
575	572	0
615	572	0
655	572	0
691	572	1
728	572	0
758	572	0
785	572	0
815	572	0
842	572	1
868	567	1
892	562	1
909	562	1
940	564	0
970	564	0
993	566	1
1020	566	1
14	602	1
45	602	0
81	602	0
112	602	0
138	602	0
172	602	0
196	602	0
224	602	0
246	602	0
272	602	0
297	602	0
331	602	0
361	602	0
388	602	0
415	602	0
445	602	0
478	602	0
507	602	0
541	602	0
575	602	1
615	602	0
655	602	0
691	602	0
728	602	0
758	602	1
785	602	0
815	602	0
842	602	0
865	602	0
891	602	0
912	593	1
944	591	1
969	587	1
999	592	0
1027	601	0
14	627	0
45	627	0
81	627	0
112	627	0
138	627	0
176	623	0
196	627	0
224	627	0
246	627	0
272	627	0
297	627	0
331	627	0
361	627	0
388	627	0
415	627	0
445	627	0
478	627	0
507	627	0
541	627	0
575	627	0
615	627	0
655	627	1
691	627	0
728	627	0
758	627	0
791	634	1
815	627	1
841	624	1
861	624	0
891	624	0
918	626	0
949	627	0
973	627	1
997	627	1
1024	627	1
14	647	0
45	647	0
81	647	0
112	647	0
138	647	1
172	647	1
196	647	0
224	647	0
246	647	0
272	647	0
297	647	0
331	647	1
361	647	0
388	647	0
415	647	0
445	647	0
478	647	0
507	647	0
541	647	0
575	647	0
615	647	0
655	647	0
691	647	0
730	649	0
758	647	0
785	647	0
815	647	0
841	647	0
865	647	1
891	647	1
920	647	0
949	647	0
974	650	0
1000	645	0
1023	645	0
14	674	0
45	674	0
81	674	0
112	674	0
138	674	0
172	674	0
196	674	0
224	674	1
246	674	1
272	674	0
297	674	0
331	674	0
361	674	0
388	674	0
415	674	1
449	675	0
478	674	0
507	674	0
541	674	0
575	674	0
615	674	0
655	674	0
691	674	0
712	670	1
758	674	0
785	674	0
815	674	0
842	674	0
864	677	1
891	674	0
920	674	1
949	674	1
973	674	1
997	674	1
1024	674	1
