10	11	1
33	11	0
56	11	0
78	11	0
100	11	0
123	11	0
147	11	0
168	11	0
192	11	0
216	11	0
240	11	0
264	11	0
286	10	0
312	11	0
335	11	0
358	11	0
382	11	0
406	11	0
428	11	1
451	11	1
474	11	1
499	11	1
522	11	1
547	11	1
569	11	1
593	11	1
616	11	1
645	11	1
668	11	1
692	11	0
715	11	0
738	11	0
762	11	1
786	11	1
816	11	1
844	11	1
868	11	1
891	11	1
912	11	1
936	11	1
958	11	1
981	11	1
1005	11	1
1027	11	0
10	29	0
33	29	0
56	29	1
78	29	1
100	29	0
123	29	0
147	29	0
168	29	0
192	29	0
216	29	1
240	29	1
264	29	1
288	29	1
312	29	0
335	29	0
358	29	0
382	26	0
406	29	0
428	29	0
451	29	0
474	29	0
499	29	1
522	29	1
547	29	1
569	29	1
593	29	1
616	29	1
645	29	1
668	29	1
692	29	1
715	29	1
738	29	1
762	29	0
786	29	0
816	29	0
844	29	1
868	29	1
891	29	1
912	29	1
936	29	1
958	29	1
981	29	1
1005	29	1
1027	29	1
10	47	0
33	47	0
56	47	0
78	47	0
100	47	0
123	47	1
147	47	1
168	47	0
192	47	0
216	47	1
240	47	1
264	47	1
288	47	1
312	47	1
335	47	1
358	47	1
382	47	1
406	47	1
428	47	0
451	47	0
474	47	0
499	47	0
522	47	0
547	47	1
569	47	1
593	47	1
616	47	1
645	47	1
668	47	1
692	47	1
715	47	1
738	47	1
762	47	1
786	47	0
816	47	0
844	47	0
868	47	0
891	47	1
912	47	1
936	47	1
958	47	1
981	47	1
1005	47	1
1027	47	1
10	71	0
33	71	0
56	71	0
78	71	0
100	71	0
123	71	0
147	71	0
168	71	0
192	71	0
216	71	1
240	71	1
264	71	0
288	71	0
312	71	1
335	71	1
358	71	1
382	71	1
406	71	1
428	71	1
451	71	1
474	71	1
496	70	0
522	71	0
547	71	0
569	71	0
593	71	0
616	71	1
645	71	1
668	71	1
692	71	1
715	71	1
738	71	1
762	71	1
786	71	1
816	71	1
844	71	0
868	71	0
891	71	0
912	71	0
936	71	0
958	71	1
981	71	1
1005	71	1
1027	71	1
10	92	0
33	92	0
56	92	0
78	92	1
100	92	1
123	92	0
147	92	0
168	92	0
192	92	0
216	92	0
240	92	0
264	92	0
288	92	0
312	92	0
335	92	1
358	92	1
382	92	1
406	92	1
428	92	1
451	92	1
474	92	1
499	92	1
522	92	1
544	91	0
569	92	0
593	92	0
616	92	0
645	92	0
668	92	0
692	92	1
715	92	1
738	92	1
762	92	1
786	92	1
816	92	1
844	92	1
868	92	1
891	89	0
914	89	0
936	92	0
958	92	0
981	92	0
1005	92	1
1027	92	1
10	115	0
33	115	0
56	115	0
78	115	0
100	115	0
123	115	0
147	115	0
168	115	1
192	115	1
216	115	1
240	115	0
264	115	0
288	115	0
312	115	0
336	118	0
358	115	0
382	115	0
406	115	1
428	115	1
451	115	1
474	115	1
499	115	1
522	115	1
547	115	1
569	115	1
593	115	0
618	114	0
645	115	0
668	115	0
692	115	0
715	115	0
738	115	1
762	115	1
786	115	1
816	115	1
844	115	1
868	115	1
891	115	1
912	115	1
936	115	1
958	115	0
980	117	0
1005	115	0
1027	115	0
10	139	0
33	139	0
55	145	1
78	139	0
100	139	0
123	139	1
147	139	1
168	139	1
192	139	1
216	139	1
240	139	1
264	139	1
288	139	1
312	139	1
335	139	0
358	139	0
382	139	0
406	139	0
428	139	0
451	139	0
474	139	1
499	139	1
522	139	1
547	139	1
569	139	1
593	139	1
616	139	1
645	139	1
671	135	0
692	134	0
715	139	0
738	139	0
762	139	0
786	139	0
816	139	1
844	139	1
868	139	1
891	139	1
912	139	1
936	139	1
958	139	1
981	139	1
1005	139	1
1027	139	1
10	162	0
33	162	0
56	162	1
78	162	0
100	162	0
123	162	1
147	162	1
168	162	1
192	162	1
216	162	1
240	162	1
264	162	1
288	162	1
312	162	1
335	162	1
358	162	1
382	162	0
406	162	0
428	162	0
451	162	0
474	162	0
499	162	0
522	162	0
547	162	1
569	162	1
593	162	1
616	162	1
645	162	1
668	162	1
692	162	1
715	162	1
738	162	1
762	162	1
786	162	1
816	162	0
844	162	0
865	160	0
891	162	1
912	162	1
936	162	1
958	162	1
981	162	1
1005	162	1
1027	162	1
10	184	1
33	184	1
56	184	1
78	184	1
100	184	0
123	184	0
147	184	0
168	184	0
192	184	0
216	184	0
240	184	1
264	184	1
288	184	1
312	184	1
335	184	1
358	184	1
382	184	1
406	184	1
428	184	1
451	184	1
474	184	1
499	184	0
522	184	0
547	184	0
569	184	0
593	184	1
616	184	1
645	184	1
668	184	1
692	184	1
715	184	1
738	184	1
762	184	1
786	184	1
816	184	1
844	184	0
868	184	0
891	184	0
912	184	0
936	184	1
958	184	1
981	184	1
1005	184	1
1027	184	1
10	206	0
33	206	1
56	206	1
78	206	1
100	206	1
123	206	1
147	206	0
168	206	0
192	206	0
216	206	0
240	206	0
264	206	1
288	206	1
312	206	1
335	206	1
358	206	1
382	206	1
406	206	1
428	206	1
451	206	1
474	206	1
499	206	1
522	206	0
547	206	0
569	206	0
593	206	0
616	206	0
645	206	0
668	206	1
692	206	1
715	206	1
738	206	1
762	206	1
786	206	1
816	206	1
844	206	0
868	206	0
891	206	0
912	206	0
936	206	0
958	206	0
981	206	0
1005	206	1
1027	206	1
10	233	0
33	233	1
56	233	1
78	233	1
100	233	1
123	233	1
147	233	0
168	233	0
192	233	0
216	233	0
240	233	0
264	233	0
288	233	0
312	233	0
335	233	1
358	233	1
382	233	1
406	233	1
428	233	1
451	233	1
474	233	1
499	233	1
522	233	1
547	233	1
569	233	1
593	233	0
616	233	0
645	233	0
668	233	1
692	233	1
715	233	0
738	233	1
762	233	1
786	233	1
816	233	1
844	233	1
868	233	1
891	233	1
912	233	1
936	233	1
958	233	0
981	233	0
1004	235	0
1027	238	0
10	257	0
33	257	0
56	257	0
78	257	0
100	257	1
123	257	1
147	257	1
168	257	1
192	257	1
216	257	1
240	257	1
264	257	1
288	257	1
312	257	0
335	257	0
358	257	0
382	257	0
406	257	1
428	257	1
451	257	1
474	257	1
499	257	1
522	257	1
547	257	1
569	257	1
593	257	1
616	257	1
645	257	0
668	257	0
692	257	0
715	257	0
738	257	0
762	257	0
786	257	1
816	257	1
844	257	1
868	257	1
891	257	1
912	257	1
936	257	1
958	257	1
981	256	0
1003	255	0
1024	254	0
6	285	1
33	281	0
56	281	0
78	281	0
100	281	0
123	281	0
147	281	1
168	281	1
192	281	1
216	281	1
240	281	1
264	281	1
288	281	1
312	281	1
334	280	0
358	281	0
382	281	0
406	281	0
428	281	0
449	281	0
474	281	0
499	281	0
522	281	1
547	281	1
569	281	1
593	281	1
616	281	1
645	281	1
668	281	1
696	281	0
715	281	0
738	281	0
762	281	0
786	281	0
816	281	0
844	281	0
868	281	1
891	281	1
912	281	1
936	281	1
958	281	1
981	281	1
1005	281	1
1027	281	1
10	305	1
36	303	0
56	305	0
78	305	0
100	305	0
123	305	0
147	305	0
168	305	1
192	305	1
216	305	1
240	305	1
264	305	1
288	305	1
312	305	1
335	305	1
358	305	1
382	305	1
406	305	1
428	305	0
451	305	0
474	305	0
499	305	0
522	305	0
547	305	0
569	305	0
593	305	1
616	305	1
645	305	1
668	305	1
692	305	1
715	305	1
738	305	1
762	305	0
788	304	0
816	305	0
844	305	0
868	305	0
891	305	0
912	305	0
936	305	1
958	305	1
981	305	1
1005	305	1
1027	305	1
10	325	1
33	325	1
56	325	0
78	325	0
101	324	0
124	325	0
147	325	0
168	325	0
192	325	0
216	325	0
240	325	1
264	325	1
288	325	1
312	325	1
335	325	1
358	325	1
382	325	1
406	325	1
428	325	1
451	325	1
474	325	1
499	325	0
522	325	0
547	325	0
569	325	0
593	325	0
616	325	0
645	325	1
668	325	1
692	325	1
715	325	1
738	325	1
762	325	1
786	325	1
816	325	1
844	324	0
867	322	0
891	325	0
912	325	0
936	325	0
958	325	0
981	325	1
1005	325	1
1027	325	1
10	346	1
33	346	1
56	346	1
78	346	1
100	346	1
123	346	1
147	346	1
168	346	1
191	344	0
216	346	0
240	346	0
264	346	0
288	346	0
312	346	1
335	346	1
358	346	1
382	346	1
406	346	1
428	346	1
451	346	1
474	346	1
499	346	1
522	346	1
547	346	1
569	346	0
593	346	0
616	346	0
645	346	1
668	346	1
692	346	0
715	346	0
738	346	1
762	346	1
786	346	1
816	346	1
844	346	1
868	346	1
891	342	0
912	346	0
936	346	0
958	346	0
981	346	0
1005	346	0
1027	346	0
10	361	1
33	361	1
56	361	1
78	361	1
100	361	1
123	361	1
147	361	1
168	361	1
192	361	1
216	361	1
240	361	0
264	361	0
288	361	0
312	361	0
335	361	0
358	361	0
382	361	1
406	361	1
428	361	1
451	361	1
474	361	1
499	361	1
522	361	1
547	361	1
569	361	1
593	361	1
616	361	0
645	361	0
668	361	0
692	361	0
715	361	0
739	363	0
764	366	0
786	361	1
816	361	1
844	361	1
868	361	1
891	361	1
912	361	1
936	361	1
958	361	1
983	361	0
1008	358	0
1027	361	0
10	385	0
33	385	0
56	385	0
80	386	0
100	385	1
123	385	1
147	385	1
168	385	1
192	385	1
216	385	1
240	385	1
264	385	1
288	385	1
312	385	1
335	385	1
360	386	0
382	385	0
406	385	0
428	385	0
451	385	1
474	385	1
499	385	1
522	385	1
547	385	1
569	385	1
593	385	1
616	385	1
645	385	1
668	385	1
692	385	0
715	385	0
738	385	0
762	385	0
786	385	0
816	385	0
844	385	1
868	385	1
891	385	1
912	385	1
936	385	1
958	385	1
981	385	1
1005	385	1
1027	385	1
10	409	1
33	409	1
56	409	1
78	409	0
100	409	0
123	409	0
147	409	1
168	409	1
192	409	1
216	409	1
240	409	1
264	409	1
288	409	1
312	409	1
335	409	1
358	409	1
382	409	1
406	409	0
428	409	0
451	409	0
474	409	0
499	409	1
522	409	1
547	409	1
569	409	1
593	409	1
616	409	1
645	409	1
668	409	1
692	409	1
715	409	1
738	409	1
762	409	0
786	409	0
816	409	0
843	410	0
868	409	0
891	409	0
912	409	1
936	409	1
958	409	1
981	409	1
1005	409	1
1027	409	1
10	429	1
33	429	1
56	429	1
78	426	0
102	426	0
122	428	0
147	429	0
168	429	0
192	429	0
216	429	1
240	429	1
264	429	1
288	429	1
312	429	1
335	429	1
358	429	1
382	429	1
406	429	1
428	429	1
451	429	1
474	429	0
499	429	0
522	429	0
547	429	0
569	429	1
593	429	1
616	429	1
645	429	1
668	429	1
692	429	1
715	429	1
738	429	1
762	429	1
786	429	1
816	429	0
844	429	0
868	429	0
891	429	0
912	429	0
936	429	0
958	429	0
981	429	1
1005	429	1
1027	429	1
10	450	1
33	450	1
56	450	1
78	450	1
100	450	1
123	450	1
147	450	1
168	450	0
192	450	0
216	450	0
240	450	0
264	450	0
288	450	1
312	450	1
335	450	1
358	450	1
382	450	1
406	450	1
428	450	1
451	450	1
474	450	1
499	450	1
522	450	1
547	450	0
569	450	0
593	450	0
616	450	0
645	450	0
668	451	0
692	450	0
715	450	1
738	450	1
762	450	1
786	450	1
816	450	1
844	450	1
870	447	0
892	449	0
915	450	0
936	450	0
958	450	0
981	450	0
1005	450	0
1029	452	0
10	472	1
33	472	1
56	472	1
78	472	1
100	472	1
123	472	1
147	472	1
168	472	1
192	472	1
216	472	0
240	472	0
264	472	0
288	472	0
312	472	0
335	472	0
358	472	1
382	472	1
406	472	1
428	472	1
451	472	1
474	472	1
499	472	1
522	472	1
547	472	1
569	472	1
593	472	0
616	472	0
645	472	0
668	472	0
692	472	0
715	472	0
738	472	0
762	472	1
786	472	1
816	472	1
844	472	1
868	472	1
891	472	1
912	472	1
936	472	1
958	472	1
981	472	1
1005	472	0
1027	472	0
10	492	0
33	492	0
56	492	0
78	492	1
100	492	1
123	492	1
147	492	1
168	492	1
192	492	1
216	492	1
240	492	1
264	492	0
288	492	0
312	492	0
335	492	0
358	492	0
382	492	0
406	492	0
428	492	0
451	492	1
474	492	1
499	492	1
522	492	1
547	492	1
569	492	1
593	492	1
616	492	1
645	492	1
668	492	1
692	492	0
715	492	0
738	492	0
762	492	0
786	492	0
816	492	1
844	492	1
868	492	1
891	492	1
912	492	1
936	492	1
958	492	1
981	492	1
1005	492	0
1027	492	0
9	514	0
33	515	0
56	515	0
78	515	0
100	515	0
123	515	0
147	515	1
168	515	1
192	515	1
216	515	1
240	515	1
264	515	1
288	515	1
312	515	1
334	514	0
357	514	0
386	515	0
406	515	0
428	515	0
451	515	0
474	515	0
499	515	1
522	515	1
547	515	1
569	515	1
593	515	1
616	515	1
645	515	1
668	515	1
692	515	1
715	515	1
738	515	1
762	515	1
786	515	0
816	515	0
844	515	0
868	515	1
891	515	1
912	515	1
936	515	1
958	515	1
981	515	1
1005	515	1
1027	515	1
10	538	1
33	538	1
56	538	1
78	538	1
100	538	1
123	538	1
147	538	0
168	538	0
192	538	0
216	538	1
240	538	1
264	538	1
288	538	1
312	538	1
335	538	1
358	538	1
382	538	1
406	538	1
428	538	1
451	538	0
474	538	0
499	538	0
522	538	0
547	538	0
569	538	0
593	538	0
616	538	0
645	538	1
668	538	1
692	538	1
715	538	1
738	538	1
762	538	1
785	537	0
816	535	0
844	538	0
868	538	0
891	538	0
912	538	0
936	538	1
958	538	1
981	538	1
1005	538	1
1027	538	1
10	556	1
33	556	1
56	556	1
78	556	1
100	556	1
123	556	1
147	556	0
168	556	0
192	556	0
216	556	0
240	556	0
264	556	0
288	556	1
312	556	1
335	556	1
358	556	1
382	556	1
406	556	1
428	556	1
451	556	1
474	556	1
499	556	1
522	556	0
547	556	0
569	556	0
593	556	0
616	556	0
645	556	0
668	556	1
692	556	1
715	556	1
738	556	1
762	556	1
786	556	1
816	556	1
844	556	1
867	553	0
892	556	0
912	553	0
932	551	0
960	562	0
983	563	0
1003	562	0
1028	563	0
10	579	1
33	579	1
56	579	1
78	579	1
100	579	1
123	579	1
147	579	1
168	579	1
192	579	0
216	579	0
240	579	0
264	579	0
288	579	1
312	579	1
335	579	1
358	579	1
382	579	1
406	579	1
428	579	1
451	579	1
474	579	1
499	579	1
522	579	1
547	579	1
569	579	1
593	579	0
616	579	0
645	579	0
668	579	0
692	579	0
715	579	0
738	579	1
762	579	1
786	579	1
816	579	1
844	579	1
868	579	1
891	579	1
912	579	1
936	579	1
958	579	1
981	579	1
1005	579	1
1027	579	1
10	596	1
33	596	1
56	596	1
78	596	1
100	596	1
123	596	1
147	596	1
168	596	1
192	596	1
216	596	1
240	596	1
264	596	0
288	596	0
312	596	0
335	596	0
358	596	0
382	596	0
406	596	1
428	596	1
451	596	1
474	596	1
499	596	1
522	596	1
547	596	1
569	596	1
593	596	1
616	596	1
646	595	0
664	594	0
692	596	0
715	596	0
738	596	0
762	596	0
785	596	0
816	597	0
839	595	0
868	596	0
891	596	0
912	596	1
936	596	1
958	596	1
981	596	1
1005	596	1
1027	596	1
10	617	0
33	617	0
56	617	1
78	617	1
100	617	1
123	617	1
147	617	1
168	617	1
192	617	1
216	617	1
240	617	1
264	617	1
288	617	1
312	617	0
335	617	0
358	617	0
382	617	0
405	618	0
426	618	0
449	618	0
474	617	1
499	617	1
522	617	1
547	617	1
569	617	1
593	617	1
616	617	1
645	617	1
668	617	1
692	617	1
715	617	0
738	617	0
762	617	0
786	617	1
816	617	1
844	617	1
868	617	1
891	617	1
918	617	0
936	617	0
958	617	0
982	617	0
1002	613	0
1027	617	1
10	636	1
33	636	0
56	636	0
78	636	0
100	636	0
123	636	1
147	636	1
168	636	1
192	636	1
216	636	1
240	636	1
264	636	1
288	636	1
312	636	1
335	636	1
358	636	1
382	636	0
408	635	0
424	634	0
451	636	0
474	636	0
499	636	0
522	636	1
547	636	1
569	636	1
593	636	1
616	636	1
645	636	1
668	636	1
692	636	1
715	636	1
738	636	1
762	636	0
786	636	0
817	637	0
847	638	0
868	636	1
891	636	1
912	636	1
936	636	1
958	636	1
981	636	1
1005	636	1
1027	636	0
10	662	1
33	662	1
56	662	1
78	662	1
100	662	1
123	662	0
147	662	0
168	662	0
192	662	1
216	662	1
240	662	1
264	662	1
288	662	1
312	662	1
335	662	1
358	662	1
382	662	1
406	662	1
428	662	1
451	662	1
474	662	0
499	662	0
522	662	0
547	662	0
569	662	0
593	662	0
616	662	1
645	662	1
668	662	1
692	662	1
712	670	0
738	662	1
762	662	1
786	662	1
816	662	1
844	662	1
868	662	1
891	662	0
912	662	0
936	662	0
960	662	0
981	662	1
1005	662	1
1027	662	1
10	683	1
33	683	1
56	683	1
78	683	1
100	683	1
123	683	1
147	683	0
168	683	0
192	683	0
216	683	0
240	683	0
264	683	1
288	683	1
312	683	1
335	683	1
358	683	1
382	683	1
406	683	1
428	683	1
451	683	1
474	683	1
499	683	1
522	683	1
547	683	1
569	683	0
593	683	0
616	683	0
645	683	1
668	683	1
692	683	1
715	683	1
737	683	0
762	683	0
785	684	0
816	683	1
844	683	1
868	683	1
891	683	1
912	683	1
936	683	1
958	683	1
981	683	1
1005	683	1
1027	683	1
