8	19	0
31	19	0
55	19	0
81	19	0
106	19	1
131	19	1
157	19	1
181	19	1
206	19	1
230	19	1
255	19	1
278	19	1
302	19	1
326	19	0
352	19	0
375	19	0
399	19	0
422	19	0
447	19	0
467	18	0
491	14	1
515	11	1
542	10	1
571	10	1
595	10	1
621	6	1
651	6	1
668	7	1
703	10	0
730	11	0
754	13	0
779	15	0
800	8	1
825	9	1
849	11	1
877	19	1
903	19	1
927	19	1
953	19	1
978	19	1
1003	19	1
1030	19	1
11	44	0
31	46	0
55	46	0
81	46	0
106	46	0
131	46	0
157	46	1
181	46	1
206	46	1
230	46	1
255	46	1
278	46	1
302	46	1
326	46	1
352	46	1
378	47	0
396	43	0
425	43	0
447	46	0
475	43	0
497	46	0
521	46	0
544	39	1
571	34	1
594	33	1
623	36	1
651	36	1
673	35	1
708	47	1
729	47	1
756	42	1
775	46	1
799	46	1
829	36	0
851	37	0
877	46	0
903	46	0
927	46	1
953	46	1
978	46	1
1003	46	1
1030	46	1
8	65	1
31	65	1
55	65	0
81	65	0
106	65	0
131	65	0
157	65	0
181	65	0
200	65	0
234	67	0
255	66	0
278	65	0
302	65	1
326	65	1
352	65	1
375	65	1
399	65	1
422	65	1
447	65	1
472	65	1
497	65	0
521	65	0
547	65	0
572	65	0
596	65	1
622	59	1
647	56	1
677	52	1
703	70	1
729	65	1
750	65	1
775	65	1
799	65	1
827	65	1
852	65	1
877	65	0
903	67	0
927	65	0
953	65	0
978	65	0
1003	65	1
1030	65	1
8	92	1
31	92	1
55	92	1
81	92	1
106	92	1
131	92	1
157	92	1
181	92	1
206	92	0
230	92	0
255	92	0
278	92	0
302	92	0
326	92	0
352	92	1
375	92	1
399	92	1
422	92	1
447	92	1
472	92	1
497	92	1
521	92	1
547	92	1
572	92	1
596	92	1
621	92	0
647	92	0
674	92	0
702	92	0
727	92	1
750	92	1
775	92	1
799	92	1
827	92	1
852	92	1
877	92	1
903	92	1
927	92	1
954	90	0
976	89	0
1003	92	0
1030	92	0
8	116	1
31	116	1
55	116	1
81	116	1
106	116	1
131	116	1
157	116	1
181	116	1
206	116	1
230	116	0
255	116	0
278	116	0
302	116	0
326	116	0
352	116	0
375	116	0
399	116	1
422	116	1
447	116	1
472	116	1
497	116	1
521	116	1
547	116	1
572	116	1
596	116	1
621	116	1
647	116	1
674	116	1
702	116	0
727	116	0
750	116	0
775	116	0
799	116	1
827	116	1
852	116	1
877	116	1
903	116	1
927	116	1
953	116	1
978	116	1
1006	114	0
1030	116	0
8	142	0
31	142	0
55	142	0
81	142	0
106	142	0
131	142	0
157	142	1
181	142	1
206	142	1
230	142	1
255	142	1
278	142	1
302	142	1
326	142	1
352	142	0
375	142	0
399	142	0
422	142	0
447	142	1
472	142	1
497	142	1
521	142	1
547	142	1
572	142	1
596	142	1
621	142	1
647	142	1
674	142	1
702	142	1
727	140	0
750	142	0
775	142	0
807	145	0
827	141	0
852	142	0
877	142	1
903	142	1
927	142	1
953	142	1
978	142	1
1003	142	1
1030	142	1
8	161	0
31	161	0
55	161	0
81	161	0
106	161	0
131	161	0
157	161	1
181	161	1
206	161	1
230	161	1
255	161	1
278	161	1
302	161	1
326	161	1
352	161	1
375	161	1
399	161	0
422	161	0
451	161	0
472	161	0
497	161	0
521	161	1
547	161	1
572	161	1
596	161	1
621	161	1
647	161	1
674	161	1
702	161	1
727	161	1
750	161	1
775	161	1
799	161	0
827	161	0
852	161	0
877	161	0
903	161	0
927	161	1
953	161	1
978	161	1
1003	161	1
1030	161	1
8	180	1
31	180	0
56	179	0
81	180	0
106	180	0
131	180	0
157	180	0
181	180	0
206	180	0
230	180	1
255	180	1
278	180	1
302	180	1
326	180	1
352	180	1
375	180	1
399	180	1
422	180	1
447	180	1
472	180	0
492	177	0
521	180	0
547	180	0
572	180	0
596	180	1
621	180	1
647	180	1
674	180	1
702	180	1
727	180	1
750	180	1
775	180	1
799	180	1
827	180	1
852	180	1
877	180	1
903	180	1
927	180	0
953	180	0
978	180	1
1003	180	1
1030	180	1
8	195	1
31	195	1
55	195	1
81	195	1
106	195	0
131	195	0
157	195	0
181	195	0
206	195	0
230	195	0
255	195	1
278	195	1
302	195	1
326	195	1
352	195	1
375	195	1
399	195	1
422	195	1
447	195	1
472	195	1
497	195	1
523	194	0
549	194	0
569	192	0
596	195	0
621	195	0
647	195	1
674	195	1
702	195	1
727	195	1
750	195	1
775	195	1
799	195	1
827	195	1
852	195	1
877	195	1
903	195	1
927	195	0
953	195	0
978	195	0
1003	195	0
1030	195	0
8	220	1
31	220	1
55	220	1
81	220	1
106	220	1
131	220	1
157	220	1
181	220	1
206	220	1
230	220	1
255	220	0
278	220	0
302	220	0
326	220	0
352	220	0
375	220	1
399	220	1
422	220	1
447	220	1
472	220	1
497	220	1
521	220	1
547	220	1
572	220	1
596	220	0
621	220	0
647	220	0
674	220	0
699	221	0
723	220	1
750	220	1
775	220	1
799	220	1
827	220	1
852	220	1
877	220	1
903	220	1
927	220	1
953	220	1
978	220	1
1003	220	0
1029	219	0
8	238	1
31	238	1
57	236	1
81	238	1
106	238	1
131	238	1
157	238	1
181	238	1
206	238	1
230	238	1
255	238	0
278	238	0
302	238	0
326	238	0
352	238	0
375	238	1
399	238	1
422	238	1
447	243	1
475	244	1
497	238	1
521	238	1
547	238	1
572	238	1
596	238	1
621	238	1
647	238	1
674	238	0
702	238	0
727	240	0
749	238	0
775	238	1
799	238	1
827	238	1
852	238	1
877	238	1
903	238	1
927	238	1
953	238	1
978	238	1
1003	238	1
1030	238	1
8	261	0
31	261	0
55	261	0
81	261	1
106	261	1
128	259	1
157	261	1
181	261	1
206	261	1
230	261	1
255	261	1
278	261	1
302	261	1
326	261	1
352	261	1
375	261	1
399	261	0
422	261	0
449	264	0
472	261	0
497	261	0
521	261	1
547	261	1
572	261	1
596	261	1
621	261	1
647	261	1
674	261	1
702	261	1
727	261	1
750	261	1
775	261	1
799	261	0
827	261	0
852	261	0
879	265	0
907	262	0
927	261	1
953	261	1
978	261	1
1003	261	1
1030	261	1
8	279	0
31	279	0
55	279	0
81	279	0
106	279	0
131	279	0
157	279	0
181	279	1
206	279	1
230	279	1
255	279	1
278	279	1
302	279	1
326	279	1
352	279	1
375	279	1
399	279	1
422	279	1
447	279	0
472	279	0
497	279	0
521	279	0
547	279	0
572	279	0
596	279	1
621	279	1
647	279	1
674	279	1
702	279	1
727	279	1
750	279	1
775	279	1
799	279	1
827	279	1
852	279	0
877	279	0
903	279	0
927	279	0
953	279	0
975	287	1
1000	287	1
1029	290	1
8	305	1
31	305	1
55	305	1
81	305	1
106	305	0
131	305	0
157	305	0
181	305	0
206	305	0
230	305	0
255	305	1
278	305	1
302	305	1
326	305	1
352	305	1
375	305	1
399	305	1
422	305	1
447	305	1
472	305	1
497	305	1
521	305	0
547	305	0
572	305	0
596	305	0
621	305	0
647	305	1
674	305	1
702	305	1
727	305	1
750	305	1
775	305	1
799	305	1
827	305	1
852	305	1
879	305	0
905	304	0
927	305	0
953	305	0
979	310	0
1003	305	0
1033	306	0
8	325	0
31	325	1
55	325	1
81	325	1
106	325	1
131	325	1
157	325	1
181	325	0
206	325	0
230	325	0
255	325	0
278	325	0
302	325	0
326	325	1
352	325	1
375	325	1
399	325	1
422	325	1
447	325	1
472	325	1
497	325	1
521	325	1
547	325	1
572	325	1
596	325	0
621	325	0
647	325	0
674	325	0
702	325	0
727	325	1
750	325	1
775	325	1
799	325	1
827	325	1
852	325	1
877	325	1
903	325	1
927	325	1
953	325	1
978	325	1
1003	325	1
1030	325	0
8	347	0
31	347	1
55	347	1
81	347	1
106	347	1
131	347	1
157	347	1
181	347	1
206	347	1
230	347	1
255	347	0
278	347	0
302	347	0
326	347	0
352	347	0
375	347	1
399	347	1
422	347	1
447	347	1
472	347	1
497	347	1
521	347	1
547	347	1
572	347	1
596	347	1
621	347	1
647	347	0
674	347	0
702	347	0
727	347	0
750	347	0
775	347	1
799	347	1
827	347	1
852	347	1
877	347	1
903	347	1
927	347	1
953	347	1
978	347	1
1003	347	1
1030	347	1
8	368	0
31	368	0
55	368	1
81	368	1
109	375	1
131	374	1
157	368	1
181	368	1
206	368	1
230	368	1
255	368	1
278	368	1
302	368	1
321	369	0
352	368	0
375	368	0
399	368	0
422	368	0
447	368	1
472	368	1
497	368	1
519	374	1
549	371	1
572	368	1
596	368	1
621	368	1
647	368	1
674	368	1
702	368	1
727	368	0
753	375	1
775	368	0
799	368	0
827	368	1
852	368	1
877	368	1
903	368	1
927	368	1
953	368	1
978	368	1
1003	368	1
1030	368	1
8	391	1
31	391	0
55	391	0
81	391	0
106	395	0
131	391	0
157	391	1
181	391	1
206	391	1
230	391	1
255	391	1
278	391	1
302	391	1
326	391	1
352	391	1
375	391	1
399	391	1
422	391	1
447	391	0
472	391	0
497	391	0
522	395	0
547	391	0
566	405	1
595	401	1
621	391	1
647	391	1
674	391	1
702	391	1
727	391	1
750	391	1
775	391	1
799	391	0
827	391	0
852	391	0
877	391	0
903	391	1
927	391	1
953	391	1
978	391	1
1003	391	1
1030	391	1
8	416	1
31	416	1
55	416	1
81	416	1
106	416	0
131	416	0
157	416	0
181	416	0
206	416	0
230	416	1
255	416	1
278	416	1
302	416	1
326	416	1
352	416	1
375	416	1
399	416	1
422	416	1
447	416	1
472	416	1
497	416	0
521	416	0
547	416	0
576	419	0
596	416	0
621	416	0
647	416	1
674	416	1
702	416	1
727	416	1
750	416	1
775	416	1
799	416	1
827	416	1
852	416	1
877	416	1
903	416	0
927	416	0
953	416	0
978	416	0
1003	416	0
1030	416	1
8	438	1
31	438	1
55	438	1
81	438	1
106	438	1
131	438	1
157	438	1
181	438	0
206	438	0
230	438	0
255	438	0
278	438	0
302	438	1
326	438	1
352	438	1
375	438	1
399	438	1
422	438	1
447	438	1
472	438	1
497	438	1
521	438	1
547	438	1
572	438	0
596	438	0
621	438	0
647	438	0
674	438	0
702	438	1
727	438	1
750	438	1
775	438	1
799	438	1
827	438	1
852	438	1
877	438	1
903	438	1
927	438	1
953	438	1
978	438	0
1003	438	0
1030	438	1
8	462	0
31	462	1
55	462	1
81	462	1
106	462	1
131	462	1
157	462	1
181	462	1
208	457	1
230	462	0
251	461	0
275	459	0
302	462	0
326	462	0
352	462	0
375	462	1
399	462	1
422	462	1
447	462	1
472	462	1
497	462	1
521	462	1
547	462	1
572	462	1
596	462	1
621	462	1
647	462	0
674	462	0
702	462	0
727	462	0
750	462	1
775	462	1
799	462	1
827	462	1
852	462	1
877	462	1
903	462	1
927	462	1
953	462	1
978	462	0
1003	462	1
1030	462	0
8	483	0
31	483	0
55	483	0
81	483	1
106	483	1
131	483	1
157	483	1
181	483	1
206	483	1
230	483	1
255	477	1
285	479	1
302	483	0
326	483	0
352	483	0
375	483	0
399	483	0
422	483	0
447	483	1
472	483	1
497	483	1
521	483	1
547	483	1
572	483	1
596	483	1
621	483	1
647	483	1
674	483	1
702	483	0
727	483	0
750	483	0
775	483	0
799	483	0
827	483	1
852	483	1
877	483	1
903	483	1
927	483	1
953	483	1
978	483	1
1003	483	1
1030	483	1
8	500	0
31	500	0
55	500	0
81	500	1
106	500	1
131	500	1
157	500	1
181	500	1
206	500	1
230	500	1
255	500	1
278	500	1
302	500	1
326	500	1
352	500	1
375	500	0
399	500	0
422	500	0
447	500	0
472	500	0
497	500	1
521	500	1
547	500	1
572	500	1
596	500	1
621	500	1
647	500	1
674	500	1
702	500	1
727	500	1
750	500	1
775	500	0
799	500	0
827	500	0
852	500	0
877	500	0
903	500	1
927	500	1
953	500	1
978	500	1
1003	500	1
1030	500	1
8	519	1
31	519	0
55	519	0
81	519	0
106	519	0
131	519	0
157	519	0
181	519	1
206	519	1
230	519	1
255	519	1
278	519	1
302	519	1
326	519	1
352	519	1
375	519	1
399	519	1
422	519	0
447	522	0
472	519	0
497	519	0
521	519	0
547	519	0
572	519	1
596	519	1
621	519	1
647	519	1
674	519	1
702	519	1
727	519	1
750	519	1
775	519	1
799	519	1
827	519	1
852	519	0
877	519	0
903	519	0
927	519	0
953	519	1
978	519	1
1003	519	1
1030	519	1
8	539	1
31	539	1
55	539	1
81	539	0
106	539	0
131	539	0
157	539	0
181	539	0
206	539	0
231	543	0
255	539	0
278	539	0
305	550	1
327	547	1
352	539	1
375	539	1
399	539	1
422	539	1
447	539	1
472	539	1
497	539	0
521	539	0
547	539	0
572	539	0
596	539	0
621	539	1
647	539	1
674	539	1
705	547	1
727	545	1
753	546	1
775	539	1
799	539	1
827	539	1
852	539	1
877	539	1
903	539	0
927	539	0
953	539	0
978	539	0
1003	539	1
1030	539	1
8	567	1
31	567	1
55	567	1
80	563	1
113	557	1
131	567	1
157	567	1
181	567	1
206	567	1
230	567	0
255	567	0
278	567	0
302	567	0
326	567	0
352	567	1
375	567	1
399	567	1
422	567	1
447	567	1
472	567	1
497	567	1
519	559	1
542	560	1
566	562	0
591	559	0
621	567	0
647	567	0
674	567	0
702	567	0
727	567	0
750	567	1
775	567	1
799	567	1
827	567	1
852	567	1
877	567	1
903	567	1
927	567	1
953	567	1
979	563	0
1000	563	0
1030	567	0
8	583	1
31	583	1
55	583	1
81	583	1
106	583	1
131	583	1
157	583	1
181	583	1
206	583	1
230	583	0
255	583	0
278	583	0
302	583	0
326	583	0
352	583	0
375	583	0
399	583	0
422	583	1
447	583	1
472	583	1
497	583	1
521	583	1
547	583	1
572	583	1
596	583	1
621	583	1
648	583	1
674	583	0
702	583	0
727	583	0
750	583	1
775	583	1
803	583	1
827	583	1
852	583	1
877	583	1
903	583	1
927	583	1
953	583	1
978	583	1
1003	583	1
1030	583	0
8	600	0
31	600	0
55	600	0
81	600	0
106	600	1
131	600	1
157	600	1
181	600	1
206	600	1
230	600	1
255	600	1
278	600	0
302	600	0
326	600	0
352	600	0
375	600	0
399	600	0
422	600	1
447	600	1
476	607	1
497	608	1
521	600	1
547	600	1
572	600	1
596	600	1
621	600	1
647	600	1
674	600	1
701	601	0
723	600	1
750	600	0
775	600	0
799	600	1
827	600	1
852	600	1
877	600	1
903	600	1
927	600	1
953	600	1
978	600	1
1003	600	1
1030	600	1
8	623	0
31	623	0
55	623	0
82	626	0
106	623	0
131	623	0
157	623	1
181	623	1
206	623	1
230	623	1
255	623	1
278	623	1
299	618	1
326	618	1
344	619	0
377	620	0
403	620	0
422	623	0
447	623	0
474	629	0
497	629	0
521	623	1
547	623	1
572	623	1
596	623	1
621	623	1
647	623	1
674	623	1
702	623	1
727	623	1
750	623	1
775	623	0
799	623	0
827	623	0
852	623	0
877	623	1
903	623	1
927	623	1
953	623	1
978	623	1
1003	623	1
1030	623	1
8	643	1
31	643	1
55	643	0
81	643	0
106	643	0
131	643	0
157	643	0
181	643	0
206	643	0
230	643	1
255	643	1
278	643	1
302	643	1
326	643	1
352	643	1
375	643	1
399	643	1
422	643	0
444	643	0
472	643	0
497	643	0
521	643	0
549	646	0
574	648	0
600	648	0
621	643	1
647	643	1
674	643	1
702	643	1
727	643	1
750	643	1
775	643	1
799	643	1
827	643	1
851	642	0
877	643	0
903	643	0
927	643	0
953	643	1
978	643	1
1003	643	1
1030	643	1
8	661	1
31	661	1
55	663	0
82	659	0
106	661	0
131	661	0
157	661	0
181	661	0
206	661	0
230	661	0
256	664	0
278	661	1
302	661	1
326	661	1
352	661	1
375	661	1
399	661	1
422	661	1
447	661	1
472	661	1
497	661	1
521	661	1
547	661	0
572	661	0
596	661	0
621	661	0
647	661	0
674	661	0
702	661	1
727	661	1
750	661	1
775	661	1
799	661	1
827	661	1
852	661	1
877	661	1
901	660	0
927	661	0
953	661	0
978	661	0
1003	661	0
1030	661	1
8	683	1
31	683	1
55	683	1
81	683	1
106	683	1
131	683	1
157	683	1
181	683	0
206	683	0
230	683	0
255	683	0
278	683	0
302	683	0
326	683	0
352	683	1
375	683	1
399	683	1
422	683	1
447	683	1
472	683	1
497	683	1
521	683	1
547	683	1
572	683	1
596	683	1
621	683	0
647	683	0
674	683	0
702	683	0
727	683	0
750	683	1
775	683	1
799	683	1
827	683	1
852	683	1
877	683	1
903	683	1
927	683	1
961	683	1
987	686	0
1003	683	0
1030	683	0
