5	7	1
34	7	1
63	7	1
86	7	1
118	7	1
147	7	0
166	7	0
190	7	0
217	7	1
236	7	1
262	7	1
295	7	1
318	7	1
345	7	1
369	7	0
395	7	0
423	7	0
450	7	0
471	7	0
497	7	0
521	7	0
548	7	0
574	7	0
602	7	0
634	18	1
666	15	1
697	13	1
726	7	1
753	7	1
780	7	1
813	7	0
837	7	0
858	7	0
887	7	0
914	7	0
935	7	0
960	7	0
981	7	0
1003	7	0
1029	7	0
4	39	0
35	39	0
63	43	0
85	42	0
118	39	1
143	39	1
166	39	1
190	39	1
217	39	1
236	39	1
262	39	1
295	39	1
318	39	1
345	39	1
369	39	1
395	39	0
423	39	0
450	39	0
471	39	0
497	39	0
521	39	0
548	39	0
574	39	0
602	39	0
625	39	0
665	43	0
698	39	0
725	41	0
753	39	1
780	39	1
813	39	1
837	39	1
858	39	1
887	39	1
914	39	1
935	35	0
959	35	0
984	33	0
1004	29	0
1029	31	0
5	69	1
34	69	1
63	69	1
86	69	1
119	71	0
143	66	0
171	67	0
191	73	0
217	69	1
236	69	1
262	69	1
295	69	1
318	69	1
345	69	1
369	69	1
395	67	0
426	67	0
458	61	0
481	60	0
507	66	0
521	69	0
548	69	0
574	69	0
602	69	0
625	69	0
667	69	0
698	69	0
726	69	0
753	69	0
780	69	0
813	69	0
837	69	0
857	71	0
887	69	1
914	69	1
935	69	1
958	63	1
986	63	1
1002	60	1
1024	61	1
5	91	1
34	91	1
63	91	1
86	91	1
118	91	1
143	91	1
166	91	1
190	91	1
223	97	0
243	95	0
263	95	0
297	91	0
327	91	0
345	91	1
369	91	1
395	91	1
423	91	1
450	91	1
471	91	1
497	91	1
524	92	0
548	91	0
574	91	0
602	91	0
625	91	0
667	91	0
698	91	0
726	91	0
753	91	0
780	91	0
813	91	0
837	91	0
858	91	0
887	91	0
914	91	0
935	91	0
960	91	1
981	91	1
1003	91	1
1029	91	1
10	118	0
39	119	0
62	123	0
86	118	1
118	118	1
143	118	1
166	118	1
190	118	1
217	118	1
236	118	1
262	118	1
295	118	1
318	118	1
345	118	1
369	120	0
395	119	0
428	121	0
447	121	0
475	125	1
497	118	1
521	118	1
548	118	1
574	118	1
602	118	1
625	118	1
667	118	0
698	118	0
726	118	0
753	118	0
780	118	0
813	118	0
837	118	0
858	118	0
887	118	0
914	118	0
935	118	0
960	118	0
981	118	0
1003	118	0
1030	119	0
5	158	1
34	158	1
63	158	1
86	158	1
118	158	1
143	158	1
166	158	1
190	158	1
213	159	0
233	159	0
262	158	0
290	158	0
318	158	1
345	158	1
369	158	1
395	158	1
423	158	0
450	158	0
471	158	0
497	158	0
521	158	0
548	158	0
574	158	0
602	158	1
625	158	1
667	153	1
699	151	1
726	147	1
750	147	1
785	151	0
815	145	0
838	147	0
859	146	0
890	143	0
915	144	0
935	158	0
960	158	0
981	158	0
1003	158	0
1029	158	0
2	192	0
31	192	0
63	183	1
86	183	1
118	183	1
143	183	1
166	183	1
190	183	1
217	183	1
236	183	1
262	183	1
295	183	1
318	183	0
345	183	1
369	183	1
395	183	1
423	183	0
450	183	0
471	183	0
497	183	0
521	183	0
548	183	0
574	183	0
602	183	0
625	183	0
667	183	0
698	183	0
726	183	1
753	183	1
780	178	1
812	179	1
835	177	1
858	173	1
890	175	1
913	174	1
934	180	0
963	179	0
981	181	0
1001	182	0
1029	183	0
7	223	1
45	221	1
67	219	0
86	210	0
119	216	0
145	216	0
166	210	1
190	210	1
217	210	1
236	210	1
262	210	1
295	210	1
318	210	1
345	210	1
369	210	1
395	210	1
423	210	0
450	210	0
471	210	0
497	210	0
521	210	0
548	210	0
574	210	0
602	210	0
625	210	0
667	210	0
698	210	0
726	210	0
753	210	0
780	210	0
813	210	1
837	210	1
858	210	1
887	210	1
914	210	1
935	210	1
960	210	1
981	210	1
1003	210	1
1029	210	1
9	254	1
33	252	1
64	249	1
87	252	1
115	249	1
140	249	1
169	249	1
195	250	0
227	251	0
242	248	0
267	248	0
295	238	1
318	238	1
345	238	1
369	238	1
395	238	1
423	238	1
450	238	1
471	238	1
497	238	0
521	238	0
548	238	0
574	238	0
602	238	0
625	238	0
667	238	0
698	238	0
726	238	0
753	238	0
780	238	0
813	238	0
837	238	0
858	238	0
887	238	0
914	238	1
935	238	1
960	238	1
981	238	1
1003	238	1
1029	238	1
4	289	0
30	283	0
63	280	1
86	280	1
118	280	1
143	280	1
166	280	1
190	280	1
217	280	1
236	280	1
262	280	1
295	280	1
318	280	0
345	280	0
369	280	0
395	280	0
423	280	0
450	280	0
471	280	1
497	280	1
521	280	1
548	280	1
574	280	1
602	280	1
625	280	0
667	280	0
698	280	0
726	280	0
753	280	0
780	280	0
813	280	0
837	280	0
858	280	0
887	280	0
914	280	0
935	280	0
960	280	0
981	280	0
1003	280	0
1029	280	0
5	316	1
34	316	1
62	317	0
86	316	0
118	316	0
143	316	0
166	316	1
190	316	1
217	316	1
236	316	1
262	316	1
295	316	1
318	316	1
345	316	1
369	316	1
395	316	1
423	316	1
450	316	0
471	316	0
497	316	0
521	316	0
548	316	0
574	316	1
602	316	1
625	316	1
667	316	1
698	316	1
726	316	1
753	316	0
780	316	0
813	316	0
837	316	0
858	316	0
887	316	0
914	316	0
935	316	0
960	316	0
981	316	0
1003	316	0
1029	316	0
5	356	1
34	356	1
63	356	1
86	356	1
118	356	1
143	356	1
166	356	1
192	355	0
219	358	0
236	356	0
265	353	0
295	356	1
318	356	1
345	356	1
369	356	1
395	356	1
423	356	1
450	356	1
471	356	1
497	356	0
521	356	0
548	356	0
574	356	0
602	356	0
625	356	0
667	356	0
698	356	1
726	356	1
753	356	1
780	356	1
813	356	1
837	356	1
858	356	1
887	356	0
914	356	0
935	356	0
960	356	0
981	356	0
1003	356	0
1029	356	0
5	389	0
34	389	0
63	389	1
86	389	1
118	389	1
143	389	1
166	389	1
190	389	1
217	389	1
236	389	1
262	389	1
295	389	0
318	389	0
345	389	0
369	389	0
390	391	0
423	389	1
450	389	1
471	389	1
497	389	0
521	389	0
548	389	0
574	389	0
602	389	0
625	389	0
667	389	0
698	389	0
726	389	0
753	389	0
780	389	0
813	389	1
837	389	1
858	389	1
887	389	1
914	389	1
935	389	1
960	389	1
981	389	1
1003	389	1
1029	389	0
5	423	1
34	423	0
63	423	0
86	423	0
118	423	0
143	423	0
166	423	1
190	423	1
217	423	1
236	423	1
262	423	1
295	423	1
318	423	1
345	423	1
369	423	1
395	423	1
423	423	1
450	423	0
471	423	0
497	423	0
521	423	0
548	423	0
574	423	0
602	423	0
625	423	0
667	423	0
698	423	0
726	423	0
753	423	0
780	423	0
813	423	0
837	423	0
858	423	0
887	423	0
914	423	1
935	423	1
960	423	1
981	423	1
1003	423	1
1029	423	1
7	476	1
32	475	1
57	474	1
87	473	1
120	471	1
143	471	1
169	471	1
190	463	0
217	463	0
236	463	0
262	463	0
295	463	1
318	463	1
345	463	1
369	463	1
395	463	1
423	463	1
450	463	1
471	463	1
497	463	0
521	463	0
551	459	0
578	458	0
598	456	0
631	456	0
660	457	0
698	463	0
726	463	0
753	463	0
780	463	0
813	463	0
837	463	0
858	463	0
887	463	0
914	463	0
935	463	0
960	463	0
981	463	0
1003	463	1
1029	463	1
4	522	1
34	523	1
63	519	1
87	519	1
118	519	1
147	515	1
164	519	1
193	516	0
219	512	0
242	514	0
268	510	0
297	507	0
326	508	0
353	501	0
369	493	1
395	493	1
423	493	1
450	493	1
471	493	1
497	493	1
521	493	1
548	493	1
574	493	1
603	489	1
627	487	1
664	481	1
698	493	0
726	493	0
753	493	0
780	493	0
813	493	1
837	493	1
858	493	1
887	493	0
914	493	0
935	493	0
960	493	0
981	493	0
1003	493	1
1029	493	1
5	554	0
37	550	1
66	555	1
93	555	1
117	552	1
144	554	1
173	552	1
192	547	1
219	545	1
239	541	1
267	540	1
299	540	1
331	539	1
354	535	1
375	533	1
395	528	0
423	528	0
450	528	0
471	528	0
497	528	0
521	528	0
548	528	0
574	528	0
602	528	1
625	528	1
667	528	1
698	528	1
726	528	1
753	528	1
780	528	1
813	528	1
837	528	1
858	528	1
887	528	1
914	528	1
935	528	1
960	528	1
981	528	1
1003	528	1
1029	528	1
5	572	0
28	568	0
60	571	0
91	571	0
119	573	0
143	572	0
165	571	0
188	573	0
217	572	0
244	569	0
271	571	1
293	568	1
320	569	1
346	569	1
368	569	1
395	568	1
423	556	1
450	556	1
471	556	1
497	556	1
521	556	1
548	556	1
574	556	1
602	556	0
625	556	0
663	554	0
698	556	0
724	557	0
753	556	0
780	556	1
813	556	1
837	556	1
858	556	1
887	556	1
914	556	1
935	556	1
960	556	1
981	556	1
1003	556	1
1029	556	1
5	591	1
34	591	1
58	590	1
87	589	0
118	591	0
144	591	0
166	591	0
190	591	0
217	591	0
236	591	0
268	593	0
299	598	0
321	599	0
346	599	0
373	599	0
395	591	0
423	591	0
450	591	0
471	591	1
497	591	1
521	591	1
548	591	1
574	591	1
602	591	1
625	591	1
667	591	1
698	591	1
726	591	1
753	591	1
780	591	1
813	580	0
841	581	0
859	581	0
888	581	0
913	577	0
941	577	0
961	579	0
982	575	1
1011	575	1
1036	575	1
5	622	1
34	622	1
63	622	1
86	622	1
118	622	1
143	622	1
166	622	1
190	622	1
217	622	1
236	622	1
262	622	1
295	622	0
318	622	1
345	622	1
369	622	1
395	622	1
423	622	1
450	622	1
471	622	1
497	622	0
521	622	0
548	622	0
574	622	0
602	622	0
625	622	0
670	619	1
698	622	1
726	622	1
753	622	1
780	619	1
812	614	1
834	614	1
856	613	1
883	612	1
913	608	1
935	608	1
960	605	1
982	605	1
1004	605	1
1028	606	1
5	639	1
34	639	1
63	639	1
86	639	1
118	639	1
143	639	1
166	639	1
190	639	1
217	639	1
236	639	1
262	639	1
295	639	1
318	639	1
345	639	1
369	639	1
395	639	1
423	639	1
450	639	1
471	639	1
497	639	1
518	639	0
545	638	0
571	633	0
602	639	1
625	639	1
667	639	1
695	642	1
727	645	0
756	645	0
785	641	0
813	639	0
837	639	0
861	639	0
887	639	1
914	639	1
935	639	1
960	639	1
983	635	1
1007	635	1
1030	633	1
5	660	0
34	660	0
63	660	0
86	660	0
118	660	0
143	660	0
166	660	0
190	660	1
217	660	1
236	660	1
262	660	1
295	660	1
318	660	1
345	660	1
370	668	1
395	668	1
417	667	1
443	667	1
471	660	1
497	660	1
521	660	1
548	660	1
574	660	1
602	660	1
625	660	1
667	660	1
704	659	0
727	657	0
753	657	0
777	655	0
807	658	0
829	651	0
856	651	0
887	660	1
914	660	0
935	660	0
963	663	0
980	665	0
1003	660	0
1030	660	0
5	681	0
34	681	1
63	681	0
86	681	0
118	681	0
143	681	0
166	681	0
190	681	0
217	681	0
236	681	0
262	681	0
295	681	0
318	681	0
343	683	0
367	687	0
391	685	0
419	686	0
450	686	0
473	688	0
497	686	0
521	686	0
548	681	0
574	682	0
602	681	1
625	681	1
667	681	1
698	681	1
726	681	1
753	681	1
780	681	1
813	681	1
837	681	1
858	681	1
887	681	1
914	681	0
935	681	0
963	680	0
982	682	0
1003	681	1
1029	681	1
