9	5	1
29	5	1
52	5	1
73	5	1
95	5	1
118	5	1
142	5	1
168	5	0
189	5	0
211	5	0
234	5	0
254	5	0
275	5	0
299	5	0
321	5	0
347	5	1
368	5	1
394	5	1
419	5	1
442	5	1
470	5	1
495	5	1
520	5	0
545	5	0
572	5	0
598	5	0
625	5	0
648	5	0
674	5	0
699	5	0
723	5	1
751	5	1
779	5	1
807	5	1
833	5	1
859	5	1
882	5	1
907	5	1
933	6	0
956	5	0
980	5	0
1003	5	0
1029	5	0
9	25	1
29	25	1
52	25	1
73	25	1
95	25	1
118	25	1
142	25	1
168	25	1
189	25	1
211	25	0
235	23	0
254	25	0
275	25	0
299	25	0
321	25	0
347	25	0
368	25	0
394	25	0
419	25	1
442	25	1
470	25	1
495	25	1
520	25	0
544	21	0
572	25	0
598	25	0
625	25	0
648	25	0
674	25	0
699	25	0
723	25	0
751	25	1
779	25	1
807	25	1
833	25	1
859	25	1
882	25	1
907	25	1
930	25	1
956	25	1
980	25	1
1003	25	1
1029	25	0
9	48	0
29	48	0
52	48	0
73	48	0
95	48	0
118	48	1
142	48	1
168	48	1
189	48	1
211	48	1
234	48	1
254	48	1
275	48	1
299	48	1
321	48	0
347	48	0
368	48	0
394	48	0
419	48	0
442	48	0
470	48	0
495	48	1
520	48	1
545	48	1
572	48	1
598	48	1
625	48	1
648	48	1
674	48	1
699	48	0
723	48	0
751	48	0
779	48	0
807	48	0
835	48	0
859	48	1
882	48	1
907	48	1
930	48	1
956	48	1
980	48	1
1003	48	1
1029	48	1
9	71	1
29	71	1
52	71	0
73	71	0
95	71	0
118	71	0
142	71	0
168	71	0
189	71	1
211	71	1
234	71	1
254	71	1
275	71	1
299	71	1
321	71	1
347	71	1
368	71	1
394	71	0
419	71	0
442	71	0
470	71	0
495	71	0
520	71	0
545	71	1
572	71	1
598	71	1
625	71	1
648	71	1
674	71	1
699	71	1
723	71	1
751	71	1
779	71	0
807	71	0
833	71	0
859	71	0
882	71	1
907	71	1
930	71	1
956	71	1
980	71	1
1003	71	1
1029	71	1
9	94	1
29	94	1
52	94	0
73	94	0
95	94	0
118	94	0
142	94	0
168	94	0
189	94	0
211	94	0
234	94	0
254	94	0
275	94	1
299	94	1
321	94	1
347	94	1
368	94	1
394	94	1
419	94	1
442	94	1
470	94	0
495	94	0
520	94	0
545	94	0
572	94	0
598	94	0
625	94	1
648	94	1
674	94	1
699	94	1
723	94	1
751	94	1
779	94	1
807	94	1
833	94	0
859	94	0
882	94	0
907	94	1
930	94	1
956	94	1
980	94	1
1003	94	1
1029	94	1
9	123	1
29	123	1
52	123	1
73	123	1
95	123	1
118	123	0
142	123	0
168	123	0
189	123	0
211	123	0
234	123	0
254	123	0
275	123	0
299	123	0
321	123	0
347	123	1
368	123	1
394	123	1
419	123	1
442	123	1
470	123	1
495	123	0
520	123	0
545	123	0
572	123	0
598	123	0
625	123	0
648	123	0
674	123	1
699	123	1
723	123	1
751	123	1
779	123	1
807	123	1
833	123	1
859	123	1
882	123	1
907	123	0
930	123	0
956	123	0
980	123	0
1003	123	0
1029	123	1
2	148	0
29	146	0
52	146	1
73	146	1
95	146	1
118	146	1
142	146	1
168	146	1
189	146	0
211	146	0
234	146	0
254	146	0
275	146	0
299	146	0
321	146	0
347	146	0
368	146	0
394	146	1
419	146	1
442	146	1
470	146	1
495	146	1
520	146	1
545	146	1
572	146	1
598	146	1
625	146	0
648	146	0
674	146	0
699	146	0
723	146	0
751	146	1
779	146	1
807	146	1
833	146	1
859	146	1
882	146	1
907	146	1
930	146	1
956	146	1
980	146	0
1000	147	0
1031	145	0
9	166	0
29	166	0
52	166	0
73	166	1
95	166	1
118	166	1
142	166	1
168	166	1
189	166	1
211	166	1
234	166	1
253	163	0
273	163	0
295	162	0
321	166	0
347	166	0
368	166	0
394	166	0
419	166	0
442	166	0
470	166	1
495	166	1
520	166	1
545	166	1
572	166	1
598	166	1
625	166	1
648	166	1
674	166	1
699	166	0
723	166	0
751	166	0
779	166	1
807	166	1
833	166	1
859	166	1
882	166	1
907	166	1
930	166	1
956	166	1
980	166	1
1003	166	1
1029	166	1
9	188	0
29	188	0
52	188	0
73	188	0
95	188	0
118	188	0
142	188	0
168	188	0
189	188	1
211	188	1
234	188	1
254	188	1
275	188	1
299	188	1
321	188	0
347	188	0
368	188	0
394	188	0
419	188	0
442	188	0
470	188	0
495	188	0
520	188	0
545	188	1
572	188	1
598	188	1
625	188	1
648	188	1
674	188	1
699	188	1
723	188	1
751	188	0
779	188	0
807	188	0
833	188	0
860	189	0
881	189	0
907	188	0
930	188	1
956	188	1
980	188	1
1003	188	1
1029	188	1
9	217	0
29	217	0
49	214	0
76	213	0
95	217	0
118	217	0
142	217	0
168	217	0
189	217	0
211	217	0
234	217	0
254	217	1
275	217	1
299	217	1
321	217	1
347	217	1
368	217	1
394	217	1
419	217	0
442	217	0
470	217	0
495	217	0
520	217	0
545	217	0
572	217	1
598	217	1
625	217	1
648	217	1
674	217	1
699	217	1
723	217	1
751	217	1
779	217	1
807	217	1
833	217	0
859	217	0
882	217	0
907	217	0
930	217	0
956	217	0
980	217	1
1003	217	1
1029	217	1
9	237	1
29	237	1
52	237	1
73	237	1
95	237	1
115	232	0
143	235	0
168	237	0
189	237	0
211	237	0
234	237	0
254	237	0
275	237	0
299	237	0
321	237	1
347	237	1
368	237	1
394	237	1
419	237	1
442	237	1
470	237	1
495	237	1
520	237	1
545	237	0
572	237	0
598	237	0
625	237	1
648	237	1
674	237	1
699	237	1
723	237	1
751	237	1
779	237	1
807	237	1
833	237	1
859	237	1
882	237	0
907	237	0
930	237	0
956	237	0
980	237	0
1003	237	0
1029	237	0
9	259	0
29	259	0
52	259	1
73	259	1
95	259	1
118	259	1
142	259	1
170	258	0
191	255	0
213	253	0
234	259	0
254	259	0
275	259	0
299	259	0
321	259	0
347	259	0
368	259	0
394	259	1
419	259	1
442	259	1
470	259	1
495	259	1
520	259	1
545	259	1
572	259	1
598	259	1
625	259	0
648	259	0
674	259	0
699	259	1
723	259	1
751	259	1
779	259	1
807	259	1
833	259	1
859	259	1
882	259	1
907	259	1
930	259	1
956	259	0
980	259	0
1003	259	0
1029	259	0
9	287	0
29	287	0
52	287	0
73	287	0
95	287	1
118	287	1
142	287	1
168	287	1
189	287	1
211	287	1
234	287	0
254	287	0
275	287	0
299	287	0
321	287	0
347	287	0
368	287	0
394	287	0
419	287	0
442	287	0
470	287	1
495	287	1
520	287	1
545	287	1
572	287	1
598	287	1
625	287	1
648	287	1
674	287	0
699	287	0
723	287	0
751	287	1
779	287	1
807	287	1
833	287	1
859	287	1
882	287	1
907	287	1
930	287	1
956	287	1
980	287	1
1003	287	1
1029	287	0
9	314	0
29	314	0
52	314	0
73	314	0
95	314	0
118	314	0
142	314	0
168	314	1
189	314	1
211	314	1
234	314	1
254	314	1
275	314	0
295	312	0
324	310	0
347	314	0
368	314	0
394	314	0
419	314	0
442	314	0
470	314	0
495	314	0
520	314	1
545	314	1
572	314	1
598	314	1
625	314	1
648	314	1
674	314	1
699	314	1
723	314	0
751	314	0
777	311	0
803	315	0
833	313	0
859	314	0
882	314	0
907	314	0
930	314	1
956	314	1
980	314	1
1003	314	1
1029	314	1
9	333	1
29	333	0
52	333	0
73	333	0
95	333	0
118	333	0
142	333	0
168	333	0
189	333	0
211	333	0
234	333	1
254	333	1
275	333	1
299	333	1
321	333	1
347	333	1
368	333	1
394	333	1
419	333	1
442	333	1
470	333	0
495	333	0
520	333	0
545	333	1
572	333	1
598	333	1
625	333	1
648	333	1
674	333	1
699	333	1
723	333	1
751	333	1
779	333	1
807	333	1
833	333	0
859	333	0
882	333	0
907	333	0
930	333	0
956	333	1
980	333	1
1003	333	1
1029	333	1
9	353	1
29	353	1
52	353	1
73	353	0
95	353	0
118	353	0
142	353	0
168	353	0
189	353	0
211	353	0
234	353	0
254	353	0
275	353	0
299	353	0
321	353	1
347	353	1
368	353	1
394	353	1
419	353	1
442	353	1
472	351	0
495	353	0
520	353	0
545	353	0
572	353	0
598	353	0
625	353	1
648	353	1
674	353	1
699	353	1
723	353	1
751	353	1
779	353	1
807	353	1
833	353	1
859	353	0
882	353	0
907	353	0
930	353	0
956	353	1
980	353	1
1003	353	1
1029	353	1
9	375	1
29	375	1
52	375	1
73	375	1
95	375	1
118	375	1
142	375	1
168	375	0
189	375	0
211	375	0
234	375	0
254	375	0
275	375	0
299	375	0
321	375	1
347	375	1
368	375	1
394	375	1
419	375	1
442	375	1
470	375	1
495	375	1
520	375	0
545	375	0
572	375	0
598	375	0
625	375	0
648	375	0
674	375	0
699	375	1
723	375	1
751	375	1
779	375	1
807	375	1
833	375	1
859	375	1
882	375	1
907	375	1
930	375	1
956	375	0
980	375	0
1003	375	0
1029	375	0
9	395	0
29	395	1
52	395	1
73	395	1
95	395	1
118	395	1
142	395	1
168	395	1
189	395	1
211	395	0
234	395	0
254	395	0
275	395	0
299	395	0
321	395	0
347	395	0
368	395	0
394	395	1
419	395	1
442	395	1
470	395	1
495	395	1
520	395	1
545	395	1
572	392	0
598	395	0
624	394	0
648	395	0
674	395	0
699	395	0
723	395	0
751	395	1
779	395	1
807	395	1
833	395	1
859	395	1
882	395	1
907	395	1
930	395	1
956	395	1
980	395	1
1003	395	0
1029	395	0
9	418	0
29	418	0
52	418	0
73	418	1
95	418	1
118	418	1
144	415	1
168	418	1
189	418	1
211	418	1
234	418	1
254	418	1
275	418	0
299	418	0
321	418	0
347	418	0
368	418	0
394	418	0
419	418	0
442	418	0
470	418	1
495	418	1
520	418	1
545	418	1
572	418	1
598	418	1
625	418	1
648	418	0
675	416	0
703	413	0
723	418	0
751	418	0
779	418	0
807	418	0
833	418	1
859	418	1
882	418	1
907	418	1
930	418	1
956	418	1
980	418	1
1003	418	1
1029	418	1
9	450	0
29	450	0
52	450	0
73	450	0
95	450	0
118	450	0
142	450	0
168	450	0
189	450	0
211	450	0
234	450	1
254	450	1
275	450	1
299	450	1
321	450	1
347	450	1
368	450	1
394	450	1
419	450	1
442	450	0
470	450	0
495	450	0
520	450	0
545	450	0
572	450	1
598	450	1
626	444	1
645	442	1
678	439	1
703	431	1
727	435	0
756	433	0
779	450	0
807	450	0
833	450	0
859	450	0
880	442	1
907	439	1
933	439	1
957	440	1
983	439	1
1005	436	1
1027	439	1
9	469	1
29	469	1
52	469	0
73	469	0
95	469	0
118	469	0
142	469	0
168	469	0
189	469	0
211	469	0
234	469	0
254	469	0
275	469	1
299	469	1
321	469	1
347	469	1
368	469	1
394	469	1
419	469	1
442	469	0
470	469	0
495	469	0
520	469	0
545	469	0
572	469	0
598	469	0
625	469	1
648	469	1
674	469	1
697	463	1
723	463	1
751	457	1
779	469	1
807	469	1
833	469	1
859	469	0
882	469	0
907	469	0
930	469	0
955	459	1
979	460	1
1005	458	1
1033	460	1
9	489	1
29	489	1
52	489	1
73	489	1
95	489	1
118	489	0
142	489	0
168	489	0
189	489	0
211	489	0
234	489	0
254	489	0
281	490	0
301	492	0
321	489	1
347	489	1
368	489	1
394	489	1
419	489	1
442	489	1
470	489	1
495	489	1
520	489	1
545	489	1
572	489	0
598	489	0
625	489	0
648	489	0
674	489	0
699	489	0
723	489	1
751	489	1
779	489	1
807	489	1
833	489	1
859	489	1
882	489	1
907	489	1
930	489	0
956	489	0
980	489	0
1003	489	0
1029	489	0
9	512	1
29	512	1
52	512	1
73	512	1
95	512	1
118	512	1
142	512	1
168	512	1
189	512	0
209	509	0
232	509	0
257	510	0
272	511	0
299	512	0
321	512	0
347	512	0
368	512	0
394	512	0
419	512	1
442	512	1
470	512	1
495	512	1
520	512	1
545	512	1
572	512	1
598	512	1
625	512	0
648	512	0
674	512	0
699	512	0
723	512	0
751	512	1
779	512	1
807	512	1
833	512	1
859	512	1
882	512	1
907	512	1
930	512	1
956	512	1
980	512	1
1003	512	0
1029	512	0
9	532	0
29	532	0
52	532	0
73	532	0
95	532	1
118	532	1
142	532	1
168	532	1
189	532	1
211	532	1
234	532	1
254	532	1
275	532	1
299	532	0
321	533	0
347	532	0
368	532	0
394	532	0
419	532	0
442	532	0
470	532	1
495	532	1
520	532	1
545	532	1
572	532	1
598	532	1
625	532	1
648	532	1
674	532	0
699	532	0
723	532	0
751	532	0
779	532	0
807	532	1
833	532	1
859	532	1
882	532	1
907	532	1
930	532	1
956	532	1
980	532	1
1003	532	1
1029	532	1
9	557	0
29	557	0
52	557	0
73	557	0
95	557	0
118	557	0
142	557	0
168	557	1
189	557	1
211	557	1
234	557	1
254	557	1
275	557	1
299	557	1
321	557	1
347	557	0
368	557	0
394	557	0
419	557	0
442	557	0
470	557	0
495	557	0
520	557	1
545	557	1
572	557	1
598	557	1
625	557	1
648	557	1
674	557	1
699	557	1
723	557	1
751	557	1
779	557	0
807	557	0
833	557	0
859	557	1
882	557	1
907	557	1
930	557	1
956	557	1
980	557	1
1003	557	1
1029	557	1
9	586	1
29	586	0
52	586	0
73	586	0
95	586	0
118	586	0
142	586	0
168	586	0
189	586	0
211	586	0
234	586	0
254	586	1
275	586	1
299	586	1
321	586	1
347	586	1
368	586	1
394	586	1
422	584	0
440	585	0
470	582	0
495	586	0
520	586	0
545	586	0
572	586	0
598	586	0
625	586	1
648	586	1
674	586	1
699	586	1
723	586	1
751	586	1
779	586	1
807	586	1
833	586	1
859	586	0
882	586	0
907	586	0
930	586	1
956	586	1
980	586	1
1003	586	1
1029	586	1
9	610	1
29	610	1
52	610	1
73	610	1
95	610	1
118	610	0
142	610	0
168	610	0
189	610	0
211	610	0
234	610	0
254	610	0
275	610	0
299	610	0
321	610	1
347	610	1
368	610	1
394	610	1
419	610	1
442	610	1
470	610	1
499	610	0
520	610	0
545	610	0
572	610	0
598	610	0
625	610	0
648	610	0
674	610	1
699	610	1
723	610	1
751	610	1
779	610	1
807	610	1
833	610	1
859	610	1
882	610	1
907	610	0
934	612	0
956	610	0
980	610	0
1003	610	0
1029	610	1
9	635	1
29	635	1
55	636	1
73	635	1
95	635	1
118	635	1
142	635	1
168	635	1
189	635	1
211	635	0
237	635	0
254	635	0
275	635	0
299	635	0
321	635	0
347	635	0
368	635	0
394	635	1
419	635	1
442	635	1
470	635	1
495	635	1
520	635	1
545	635	1
572	635	1
598	635	0
625	635	0
648	635	0
674	635	0
699	635	0
723	635	1
751	635	1
779	635	1
807	635	1
833	635	1
859	635	1
882	635	1
907	635	1
930	635	1
956	635	1
980	635	0
1003	635	0
1029	635	0
9	659	0
29	659	0
52	659	0
73	659	1
95	659	1
118	659	1
142	659	1
168	659	1
189	659	1
211	659	1
234	659	1
254	659	1
275	659	0
298	660	0
321	659	0
347	659	0
368	659	0
394	659	0
419	659	0
442	659	0
470	659	1
495	659	1
520	659	1
545	659	1
572	659	1
598	659	0
625	659	0
650	658	0
674	659	0
699	659	0
723	659	0
751	659	0
779	659	0
807	659	1
833	659	1
859	659	1
882	659	1
907	659	1
930	659	1
956	659	1
980	659	1
1003	659	1
1029	659	1
9	684	0
29	684	0
52	684	0
73	684	0
95	684	0
118	684	1
142	684	1
168	684	1
189	684	1
211	684	1
234	684	1
254	684	1
275	684	1
299	684	1
321	684	1
347	684	0
368	684	0
394	684	0
419	684	0
442	684	0
470	684	0
495	684	0
520	684	1
545	684	1
572	684	1
598	684	1
625	684	1
648	684	1
674	684	0
699	684	1
723	684	1
751	684	0
779	684	0
807	684	0
833	684	0
859	684	0
882	684	1
907	684	1
930	684	1
956	684	1
980	684	1
1003	684	1
1029	684	1
