15	7	0
32	7	0
55	7	0
78	7	0
102	7	1
127	7	1
152	7	1
175	7	1
199	7	1
225	7	1
250	7	1
275	7	1
305	6	0
327	7	0
353	5	0
378	6	0
401	7	0
427	7	0
455	7	0
479	7	0
505	7	0
537	7	0
562	7	0
587	7	0
616	7	0
642	7	0
668	7	0
696	7	0
723	7	0
744	7	0
774	7	0
800	7	0
827	7	1
856	7	1
878	7	1
901	7	1
928	7	1
955	7	1
981	7	0
1006	4	0
1024	7	0
15	22	0
32	22	0
55	22	0
78	22	0
102	22	0
127	25	0
151	25	0
175	22	0
199	22	1
225	22	1
250	22	1
275	22	1
301	22	1
327	22	1
352	22	1
377	22	1
405	22	0
427	22	0
455	22	0
475	19	0
511	20	0
537	22	0
562	22	0
587	22	0
616	22	0
642	22	0
668	22	0
696	22	0
723	22	0
744	22	0
774	22	0
800	22	0
827	22	1
856	22	1
878	22	1
901	22	1
928	22	1
955	22	1
981	22	1
1003	22	1
1024	22	1
15	43	0
32	43	0
55	43	0
78	43	0
102	43	0
127	43	0
152	43	0
175	43	0
199	43	0
225	43	1
250	43	1
275	43	1
301	43	1
327	43	1
352	43	1
377	43	1
401	43	1
427	43	1
455	43	1
483	35	1
505	43	0
537	43	0
562	40	0
583	38	0
612	39	0
642	43	0
668	43	0
696	43	0
723	43	0
744	43	0
774	43	0
800	43	0
828	43	0
856	43	0
878	43	1
901	43	1
928	43	1
955	43	1
981	43	1
1003	43	1
1024	43	1
15	62	0
32	62	0
55	62	0
78	62	0
102	62	0
127	62	0
152	62	0
175	62	0
199	62	0
225	62	0
250	62	0
275	62	0
301	62	0
327	62	1
352	62	1
377	62	1
401	62	1
427	62	1
455	62	1
479	62	1
505	62	1
537	62	1
562	62	1
587	62	1
616	62	1
646	64	0
671	64	0
698	59	0
725	55	0
744	62	0
774	62	0
800	62	0
827	62	0
856	62	0
878	62	1
901	62	1
928	62	1
955	62	1
981	62	1
1003	62	1
1024	62	1
8	91	1
32	87	0
55	87	0
78	87	0
102	87	0
127	87	0
152	87	0
175	87	0
199	87	0
225	87	0
250	87	0
275	87	0
301	87	0
327	87	0
352	87	0
377	87	0
401	87	0
427	87	0
455	87	0
479	87	0
505	87	0
537	87	0
562	87	1
587	87	1
616	87	1
642	87	1
668	87	1
696	87	1
723	87	1
744	87	0
775	84	0
803	83	0
832	82	0
856	87	0
878	87	0
901	87	1
928	87	1
955	87	1
981	87	1
1003	87	1
1024	87	1
15	120	1
32	120	1
55	120	1
78	120	1
102	120	1
127	120	1
152	120	0
175	120	0
199	120	0
223	117	0
250	120	0
275	120	0
301	120	0
327	120	0
352	120	0
377	120	0
401	120	0
427	120	0
455	120	0
479	120	0
505	120	0
537	120	0
562	120	0
587	120	0
616	120	0
642	120	0
668	120	1
696	120	1
723	120	1
742	115	1
777	112	1
803	107	1
827	120	1
856	120	1
878	120	1
901	120	1
930	119	0
955	120	0
981	120	0
1003	120	0
1024	120	0
15	149	0
32	149	0
55	149	0
78	149	1
102	149	1
127	149	1
152	149	1
175	149	1
199	149	1
225	143	1
241	138	1
276	141	0
299	147	0
328	146	0
356	145	0
377	149	0
401	149	0
427	149	0
455	149	0
479	149	0
505	149	0
537	149	0
562	149	0
587	149	0
616	149	0
642	149	0
668	149	0
696	149	0
723	149	0
744	149	0
774	149	0
800	149	0
827	149	1
856	149	1
878	149	1
901	149	1
931	143	1
955	149	1
981	149	1
1003	149	1
1024	149	0
15	170	0
32	170	0
55	170	0
77	173	0
97	172	0
126	175	0
151	175	0
175	170	0
199	170	1
225	170	1
250	170	1
275	170	1
301	170	1
327	170	1
352	170	1
377	170	0
401	170	0
427	170	0
455	170	0
479	170	0
505	170	0
537	170	0
562	170	0
587	170	0
616	170	0
642	170	0
668	170	0
696	170	0
723	170	0
744	170	0
774	170	0
800	170	0
827	170	0
856	170	1
878	170	1
901	170	1
928	170	1
955	170	1
981	170	1
1003	170	1
1024	170	1
15	191	0
32	191	0
55	191	0
78	191	0
102	191	0
127	191	0
152	191	0
175	191	0
199	191	0
225	191	0
250	191	0
275	191	0
301	191	1
327	191	1
352	191	1
377	191	1
401	191	1
427	191	1
455	191	1
479	191	0
505	191	0
530	190	0
557	190	0
593	187	0
616	191	0
642	191	0
668	191	0
696	191	0
723	191	0
744	191	0
774	191	0
800	191	0
827	191	0
856	191	1
878	191	1
901	191	1
928	191	1
955	191	1
981	191	1
1003	191	1
1024	191	1
15	222	0
32	222	0
55	222	0
78	222	0
102	222	0
127	222	0
152	222	0
175	222	0
199	222	0
225	222	0
250	222	0
275	222	0
301	222	0
327	222	0
352	222	0
377	222	0
401	222	1
427	222	1
455	222	1
479	222	1
506	215	1
541	212	1
563	209	1
587	222	1
616	222	1
642	222	1
668	222	1
696	222	1
723	222	0
747	223	0
768	222	0
799	219	0
830	219	0
856	222	0
878	222	1
903	224	0
928	222	0
955	222	1
981	222	1
1003	222	1
1024	222	1
15	240	0
32	240	0
55	240	0
78	240	0
102	240	0
127	240	0
152	240	0
175	240	0
199	240	0
225	240	0
250	240	0
275	240	0
301	240	0
327	240	0
352	240	0
377	240	0
401	240	0
429	245	0
455	244	0
479	240	0
505	240	1
537	240	1
562	240	1
587	240	1
616	240	1
643	251	1
667	251	1
695	245	1
723	240	1
744	240	1
774	240	1
800	240	1
827	240	1
856	240	1
878	240	1
903	237	0
927	237	0
955	240	0
981	240	0
1003	240	0
1024	240	0
15	266	1
32	266	1
55	266	1
78	266	1
102	266	1
127	266	1
152	266	1
175	266	1
199	266	1
225	266	0
250	266	0
275	266	0
301	266	0
327	266	0
352	266	0
377	266	0
401	266	0
427	266	0
455	266	0
479	266	0
505	266	0
537	266	0
562	266	0
587	266	0
616	266	0
636	272	0
670	267	0
698	269	0
723	266	0
744	266	0
774	266	1
800	266	1
827	266	1
856	266	1
878	266	1
901	266	1
928	266	1
955	266	1
977	260	0
1003	266	0
1024	266	0
15	283	1
32	283	1
55	283	1
78	283	1
102	283	1
127	283	1
152	283	1
175	283	1
199	283	1
223	285	0
250	283	0
273	280	0
302	281	0
327	283	0
352	283	0
377	283	0
401	283	0
427	283	0
455	283	0
479	283	0
505	283	0
537	283	0
562	283	0
587	283	0
616	283	0
642	283	0
668	283	0
696	283	0
723	283	0
744	283	0
774	283	1
800	283	1
827	283	1
856	283	1
878	283	1
901	283	1
928	283	1
955	283	1
981	283	1
1003	283	1
1024	283	1
15	304	1
32	304	1
55	304	1
78	304	1
102	304	1
127	304	1
152	304	1
175	304	1
199	304	1
225	304	1
250	304	1
275	304	1
301	304	1
328	309	0
352	304	0
375	304	0
400	304	0
427	304	0
455	304	0
479	304	0
505	304	0
537	304	0
562	304	0
587	304	0
616	304	0
642	304	0
668	304	0
696	304	0
723	304	0
744	304	0
774	304	0
800	304	0
827	304	0
856	304	1
878	304	1
901	304	1
928	304	1
955	304	1
981	304	1
1003	304	1
1024	304	1
15	330	0
32	330	0
55	330	0
78	330	0
102	330	0
127	330	1
152	330	1
175	330	1
199	330	1
225	330	1
250	330	1
275	330	1
301	330	1
327	330	1
352	330	1
377	330	1
401	330	1
427	330	1
455	330	1
479	330	1
505	330	1
541	327	0
562	330	0
587	330	0
616	330	0
642	330	0
668	330	0
696	330	0
723	330	0
744	330	0
774	330	0
800	330	0
827	330	0
855	332	0
879	334	0
901	330	1
928	330	1
955	330	1
981	330	1
1003	330	1
1024	330	1
15	347	0
32	347	0
55	347	0
78	347	0
102	347	0
127	347	0
152	347	0
175	347	0
199	347	0
225	347	0
250	347	1
275	347	1
301	347	1
327	347	1
352	347	1
377	347	1
401	347	1
427	347	1
455	347	1
479	347	1
505	347	1
537	347	1
562	347	1
587	347	1
616	347	1
642	347	1
668	347	0
696	347	0
723	347	0
744	347	0
774	347	0
800	347	0
827	347	0
856	347	0
879	346	0
899	346	0
928	347	0
955	347	0
981	347	0
1003	347	1
1024	347	1
15	367	0
32	367	0
55	367	0
78	367	0
102	367	0
127	367	0
152	367	0
175	367	0
199	367	0
225	367	0
250	367	0
275	367	0
301	367	0
327	367	0
352	367	1
377	367	1
401	367	1
427	367	1
455	367	1
479	367	1
505	367	1
537	367	1
562	367	1
587	367	1
616	367	1
642	367	1
668	367	1
696	367	1
723	367	1
744	367	1
774	367	1
800	367	0
827	367	0
856	367	1
878	367	1
901	367	1
934	366	0
954	367	0
981	367	0
1003	367	0
1024	367	0
15	384	1
32	384	1
55	384	0
78	386	0
102	384	0
125	385	0
152	384	0
175	384	0
199	384	0
225	384	0
250	384	0
275	384	0
301	384	0
327	384	0
352	384	0
377	384	0
401	384	0
427	384	0
455	384	0
479	384	0
505	390	0
537	385	0
558	387	0
588	384	0
616	384	1
642	384	1
668	384	1
696	384	1
723	384	1
744	384	1
774	384	1
800	384	1
827	384	0
856	384	1
878	384	1
901	384	1
928	384	1
955	384	1
982	386	0
1002	384	0
1026	383	0
15	415	1
32	415	1
55	415	1
78	415	1
102	415	1
130	408	1
151	406	1
175	410	0
195	408	0
223	408	0
248	409	0
275	415	0
301	415	0
327	415	0
352	415	0
377	415	0
401	415	0
427	415	0
455	415	0
479	415	0
505	415	0
537	415	0
562	415	0
587	415	0
616	415	0
642	415	0
668	415	0
696	415	1
723	415	1
744	415	1
774	415	1
800	415	0
827	415	0
856	415	1
878	415	1
901	415	1
928	415	1
955	415	1
981	415	1
1003	415	1
1024	415	1
15	435	1
32	435	1
55	435	1
78	436	1
102	435	1
127	435	1
152	435	1
175	435	1
199	435	1
225	435	1
250	435	1
275	435	0
301	435	0
327	435	0
351	435	0
377	435	0
401	435	0
427	435	0
455	435	0
479	435	0
505	435	0
537	435	0
562	435	0
587	435	0
616	435	0
642	435	0
668	435	0
696	435	0
723	435	0
744	435	0
774	435	0
800	435	0
827	435	0
856	435	0
879	439	0
901	435	1
928	435	1
955	435	1
981	435	1
1003	435	1
1024	435	1
15	455	0
32	455	0
55	455	0
78	455	0
102	455	1
127	455	1
152	455	1
175	455	1
199	455	1
225	455	1
250	455	1
275	455	1
301	455	1
327	455	1
352	455	1
377	455	1
401	455	1
427	455	1
455	455	1
479	455	1
505	455	0
537	455	0
562	455	0
591	453	0
616	455	0
642	455	0
668	455	0
696	455	0
723	455	0
744	455	0
774	455	0
800	455	1
827	455	1
856	455	1
878	455	1
899	456	0
928	455	1
955	455	1
981	455	1
1003	455	1
1024	455	1
15	472	0
32	472	0
55	472	0
78	472	0
102	472	0
127	472	0
152	472	0
175	472	0
199	472	1
225	472	1
250	472	1
275	472	1
301	472	1
327	472	1
352	472	1
377	472	1
401	472	1
427	472	1
455	472	1
479	472	1
505	472	1
537	472	1
562	472	1
587	472	1
616	472	0
642	472	0
668	472	0
696	470	0
723	472	0
744	472	0
774	472	0
800	472	1
827	472	1
856	472	1
878	472	1
901	472	1
926	472	0
955	472	0
981	472	0
1005	476	0
1029	476	0
15	496	0
32	496	0
55	496	0
78	496	0
102	496	0
127	496	0
152	496	0
175	496	0
199	496	0
225	496	0
250	496	0
275	496	0
301	496	0
327	496	1
352	496	1
377	496	1
401	496	1
427	496	1
455	496	1
479	496	1
505	496	1
537	496	1
562	496	1
587	496	1
616	496	1
642	496	1
668	496	1
696	496	1
723	496	0
744	496	0
774	496	0
800	496	1
827	496	1
856	496	1
878	496	1
901	496	1
928	496	1
955	496	0
983	496	0
1003	496	0
1024	496	0
15	516	0
32	516	0
55	516	0
78	516	0
102	516	0
127	516	0
152	516	0
175	516	0
199	516	0
225	516	0
250	516	0
275	516	0
301	516	0
327	516	0
352	516	0
377	516	0
401	516	0
427	516	1
455	516	1
479	516	1
505	516	1
542	531	1
569	527	1
587	526	1
616	516	1
642	516	1
668	516	1
696	516	1
723	517	0
744	516	0
774	516	0
800	516	0
827	516	0
856	516	1
878	516	1
901	516	1
928	516	1
955	516	1
981	516	1
1003	516	1
1024	516	0
13	543	0
32	543	0
55	544	0
77	541	0
101	541	0
127	543	0
152	543	0
175	543	0
199	543	0
225	543	0
250	543	0
275	543	0
301	543	0
327	543	0
352	543	0
377	543	0
401	543	0
427	543	0
455	543	0
479	543	0
505	543	0
535	550	0
563	548	0
583	547	0
616	543	0
642	543	0
668	543	1
696	543	1
723	543	1
744	543	1
774	543	1
800	543	1
827	543	0
856	543	1
878	543	1
901	543	1
928	543	1
955	543	1
981	543	1
1003	543	1
1024	543	1
15	566	1
32	566	1
55	566	1
78	566	1
102	566	1
127	566	0
151	569	0
176	566	0
196	563	0
225	566	0
250	566	0
275	566	0
301	566	0
327	566	0
352	566	0
377	566	0
401	566	0
427	566	0
455	566	0
479	566	0
505	566	0
537	566	0
562	566	0
587	566	0
616	566	0
642	566	0
668	566	0
699	567	0
719	569	0
744	569	0
773	566	0
800	566	0
827	566	0
856	566	0
878	566	0
901	566	1
928	566	1
955	566	1
981	566	1
1003	566	1
1024	566	1
15	589	1
32	589	1
55	589	1
78	589	1
102	589	1
127	589	1
152	589	1
175	589	1
199	589	1
225	589	1
250	589	0
271	587	0
296	587	0
327	588	0
352	589	0
377	589	0
402	587	0
428	589	0
455	589	0
479	589	0
505	589	0
537	589	0
562	589	0
587	589	0
616	589	0
642	589	0
668	589	0
696	589	0
723	589	0
744	589	0
774	589	0
800	589	1
827	589	1
856	589	1
878	589	1
901	589	0
928	589	0
955	589	0
981	589	1
1003	589	1
1024	589	1
15	607	0
32	607	0
55	607	1
78	607	1
102	607	1
127	607	1
152	607	1
175	607	1
199	607	1
225	607	1
250	607	1
275	607	1
301	607	1
327	607	1
352	607	1
377	607	1
401	607	1
427	607	1
455	607	0
479	607	0
505	607	0
537	607	0
562	607	0
587	607	0
616	607	0
642	607	0
668	607	0
696	607	0
723	607	0
744	607	0
774	607	0
800	607	1
827	607	1
856	607	1
878	607	1
901	607	1
928	607	1
955	607	0
981	607	0
1003	607	0
1024	607	0
15	625	0
32	625	0
55	625	0
78	625	0
102	625	0
127	625	0
152	625	0
175	625	1
199	625	1
225	625	1
250	625	1
275	625	1
301	625	1
327	625	1
352	625	1
377	625	1
401	625	1
427	625	1
455	625	1
479	625	1
505	625	1
537	625	1
562	625	1
587	625	0
616	625	0
642	625	0
668	625	0
696	625	0
723	625	0
744	625	0
774	625	0
800	625	1
827	625	1
856	625	1
878	625	1
901	625	1
928	625	1
955	625	1
981	625	1
1003	625	1
1024	625	0
15	643	0
32	643	0
55	643	0
78	643	0
102	643	0
127	643	0
152	643	0
175	643	0
199	643	0
225	643	0
250	643	0
275	643	0
301	643	1
327	643	1
352	643	1
379	655	1
401	655	1
427	652	1
455	643	1
479	643	1
505	643	1
537	643	1
562	643	1
587	643	1
616	643	1
642	643	1
668	643	1
696	643	0
723	643	0
744	643	0
774	643	0
800	643	1
827	643	1
856	643	1
878	643	1
901	643	1
928	643	1
955	643	1
981	643	1
1003	643	1
1027	639	0
15	666	0
32	666	0
55	666	0
78	666	0
102	666	0
127	666	0
152	666	0
175	666	0
199	666	0
225	666	0
250	666	0
275	666	0
301	666	0
327	666	0
352	666	0
376	669	0
407	670	0
427	668	0
455	666	0
479	666	0
505	666	1
537	666	1
562	666	1
587	666	1
616	666	1
642	666	1
668	666	1
696	666	1
723	666	1
744	666	1
774	666	0
800	666	0
827	666	0
856	666	1
878	666	1
901	666	1
928	666	1
955	666	1
981	666	1
1003	666	1
1024	666	1
15	683	0
32	683	0
55	683	0
78	683	0
102	683	0
127	683	0
152	683	0
175	683	0
199	683	0
225	683	0
250	683	0
275	683	0
301	683	0
327	683	0
352	683	0
377	683	0
401	683	0
427	683	0
455	683	0
479	683	0
505	683	0
537	683	1
562	683	1
587	683	1
616	683	1
642	683	1
668	683	1
696	683	1
723	683	1
744	683	1
774	683	0
800	683	0
827	683	0
856	683	0
878	683	1
901	683	1
928	683	1
955	683	1
981	683	1
1003	683	1
1024	683	1
