7	10	0
37	10	0
59	10	0
88	10	0
115	10	1
145	10	0
171	10	0
198	10	0
224	10	0
247	10	0
272	10	0
297	10	0
314	10	0
339	10	0
364	10	1
388	10	0
415	10	0
435	10	0
458	10	0
487	10	0
510	10	1
534	10	1
558	10	0
582	10	0
605	9	0
630	8	1
662	10	0
693	10	0
719	18	1
739	10	0
759	18	1
784	13	0
814	10	1
842	10	1
864	10	1
890	10	1
916	10	0
937	14	1
966	10	0
995	10	1
1020	10	0
7	51	0
37	51	1
59	51	1
88	51	0
115	51	0
145	51	0
171	51	0
198	51	0
224	51	0
247	51	0
272	51	0
297	51	0
311	42	1
339	51	0
363	36	1
388	51	0
415	51	0
435	51	0
458	51	0
487	51	0
510	51	1
534	51	1
558	51	0
582	51	0
609	51	0
634	51	0
662	51	0
693	51	0
719	51	0
737	54	0
764	51	1
786	51	1
814	51	0
842	51	0
864	51	0
892	63	1
925	59	0
943	51	0
966	51	0
995	51	0
1020	51	0
7	93	1
37	93	0
59	93	0
88	93	0
115	93	0
141	88	1
171	93	0
198	93	0
224	93	0
247	93	0
272	93	0
295	80	1
314	93	0
339	93	0
364	93	0
389	88	1
415	93	0
435	93	1
458	93	0
487	93	0
510	93	0
534	93	1
558	93	0
583	90	1
609	93	0
634	93	0
666	89	1
693	93	0
719	89	1
739	93	1
764	93	1
786	93	0
813	105	1
838	105	1
867	105	1
898	103	0
916	93	0
951	90	1
979	89	0
995	93	0
1020	93	0
7	137	1
37	137	0
59	137	0
88	137	1
115	137	0
145	137	0
171	137	1
198	137	0
224	137	1
247	137	0
272	137	0
297	137	0
314	137	0
339	137	0
364	137	0
388	137	0
415	137	0
435	137	0
458	137	1
487	137	0
510	137	0
534	137	0
558	137	0
582	137	0
609	137	0
634	137	0
662	137	1
693	137	1
719	137	0
739	137	0
761	147	1
787	147	1
815	146	1
842	137	0
874	139	1
901	139	0
916	137	0
943	137	1
966	137	1
995	137	1
1020	137	0
5	176	1
37	182	0
59	182	0
88	182	1
127	179	0
145	182	1
165	166	1
198	182	0
224	182	0
247	182	0
272	182	0
297	182	0
314	182	0
339	182	0
364	182	0
396	191	1
419	189	0
435	182	0
458	182	0
487	182	1
510	182	0
534	182	1
558	182	0
582	182	0
609	182	1
634	182	1
662	182	1
693	182	0
719	182	1
739	182	1
764	182	0
786	182	0
814	182	0
842	195	1
864	182	1
890	182	0
917	178	1
943	182	0
969	185	1
995	182	0
1020	182	1
5	223	0
35	219	1
59	232	0
92	222	1
115	232	0
145	232	0
166	234	0
192	234	1
224	232	0
247	232	0
275	243	1
297	232	0
314	232	0
339	232	1
364	232	0
388	232	0
415	232	0
435	232	0
458	232	0
487	232	1
509	232	0
534	232	1
558	232	1
582	232	1
609	232	0
638	245	1
663	243	1
692	243	1
725	244	1
739	232	0
768	247	1
791	244	1
823	248	1
842	232	0
864	232	0
890	232	0
916	232	0
943	232	0
966	232	0
995	232	1
1020	232	0
7	291	0
37	291	0
59	291	1
88	291	0
115	291	1
145	291	1
171	291	0
198	291	0
224	291	1
247	291	0
272	291	0
297	291	0
314	291	0
339	291	0
364	291	1
388	291	0
415	291	1
435	291	1
458	291	1
487	291	1
510	291	0
534	291	0
558	291	0
582	291	0
609	291	0
634	291	0
662	291	0
693	291	0
719	291	0
739	291	1
764	291	0
786	291	0
814	291	1
842	291	1
864	291	0
887	297	1
916	291	0
943	291	1
966	291	0
995	291	0
1020	291	0
7	327	0
37	327	0
59	327	0
88	327	1
115	327	0
145	327	0
171	327	1
198	327	0
224	327	0
247	327	0
272	327	0
297	327	0
314	327	0
339	327	0
364	327	0
388	327	0
415	327	0
435	327	0
458	327	0
487	327	1
510	327	1
534	327	1
558	327	1
582	327	0
609	327	1
627	320	1
662	327	0
693	327	0
719	327	0
739	327	0
764	327	0
786	327	0
814	327	0
842	327	0
864	327	0
890	327	0
916	327	0
943	327	1
966	327	1
995	327	0
1020	327	1
7	366	1
37	366	0
59	366	0
86	358	1
112	358	1
145	366	0
167	354	1
199	362	1
224	366	0
247	366	0
272	366	0
297	366	0
314	366	0
339	366	0
364	366	0
388	366	1
415	366	0
435	366	0
463	372	1
487	366	1
511	362	1
536	359	1
557	355	1
582	366	0
606	359	1
632	361	1
662	366	0
693	366	1
719	366	1
739	366	0
764	366	1
786	366	0
814	366	0
842	366	1
864	366	1
886	371	0
908	382	1
935	379	0
960	385	1
1001	383	1
1032	376	0
7	411	0
37	411	0
59	411	0
88	411	0
115	411	0
138	420	1
171	411	0
198	411	1
224	411	1
247	411	0
272	411	1
297	411	0
314	411	0
339	411	0
364	411	0
388	411	0
415	411	0
435	411	0
458	411	0
487	411	0
510	411	0
534	411	0
558	411	0
582	411	0
609	411	0
634	411	0
662	411	0
693	411	0
719	411	0
739	411	0
764	411	0
786	411	0
814	411	0
842	411	0
864	411	0
890	411	0
916	411	0
945	415	0
973	418	0
996	417	0
1020	411	0
10	467	1
33	461	1
59	452	1
88	452	0
115	452	0
143	455	0
171	452	0
198	452	0
224	452	0
247	452	0
272	452	0
297	452	0
314	452	0
340	448	1
364	452	1
388	452	0
409	459	1
439	453	1
470	451	1
493	451	0
513	453	0
537	452	0
563	451	0
583	451	0
615	451	0
634	452	0
659	455	0
687	452	0
719	452	0
742	452	0
763	452	0
786	451	0
814	452	1
846	451	0
864	452	0
898	451	1
922	450	0
943	452	0
966	452	0
995	452	0
1020	452	0
8	508	0
36	508	1
59	508	1
86	508	1
115	504	1
143	503	1
168	505	1
197	499	1
225	502	0
247	503	0
265	505	0
289	508	1
311	509	1
339	504	1
363	501	1
388	493	0
415	493	0
435	493	0
458	493	0
487	493	0
510	493	1
534	493	1
558	493	1
582	493	1
609	493	1
634	493	1
662	493	1
693	493	1
719	493	1
739	493	1
764	493	1
786	493	1
816	494	0
842	493	0
864	493	0
890	493	0
916	493	0
943	493	0
966	493	0
996	496	0
1020	493	1
7	535	0
32	539	0
64	541	0
88	541	0
115	537	0
148	543	1
173	543	1
197	540	1
224	535	1
247	535	1
272	535	1
297	535	1
314	535	1
339	535	1
364	535	1
388	535	1
415	535	1
435	535	1
458	535	1
486	537	0
506	536	0
534	535	0
558	535	0
582	535	0
608	536	0
631	536	0
662	535	0
693	535	0
719	535	0
739	535	0
764	535	0
795	534	0
814	535	0
842	535	1
864	535	1
891	527	1
916	527	1
939	527	1
964	528	0
991	522	0
1027	529	0
7	566	0
35	564	0
60	568	0
88	566	0
115	566	0
145	566	0
171	566	1
198	566	1
224	566	1
247	566	1
272	566	1
297	566	1
314	566	1
339	566	1
364	566	1
388	566	1
415	566	1
435	566	1
458	566	1
487	566	1
510	566	1
534	566	0
558	566	0
582	566	0
609	566	0
634	566	0
662	566	0
693	566	0
719	566	0
739	566	0
764	566	0
786	566	0
814	566	0
842	566	0
864	566	0
890	566	0
916	566	1
943	561	1
965	561	1
991	558	1
1023	559	1
7	595	1
36	596	0
55	594	0
87	593	0
115	595	0
145	595	0
171	595	0
198	595	0
224	595	0
247	595	0
272	595	1
297	595	1
314	595	1
339	595	1
364	595	1
388	595	1
415	595	1
435	595	1
458	595	1
487	595	1
510	595	1
534	595	1
558	595	1
585	593	0
607	592	0
633	592	0
661	591	0
693	595	0
719	595	0
739	595	0
764	595	0
786	595	0
814	595	0
842	595	0
864	595	0
890	595	0
916	595	0
943	595	0
966	595	0
995	595	0
1020	595	1
7	627	1
37	627	1
59	627	1
76	625	0
110	624	0
145	622	0
171	627	0
198	627	0
224	627	0
247	627	0
272	627	0
297	627	0
314	627	0
339	627	0
362	629	0
388	627	1
415	627	1
435	627	1
458	627	1
487	627	1
510	627	1
534	627	1
558	627	1
583	623	1
606	623	1
633	615	1
669	615	0
687	615	0
717	614	0
742	607	0
767	610	0
791	610	0
814	627	0
842	627	0
864	627	0
890	627	0
916	627	0
943	627	0
966	627	0
995	627	0
1020	627	0
7	658	1
37	658	1
59	658	1
87	652	1
114	651	1
147	647	1
185	652	0
205	651	0
230	648	0
253	645	0
277	646	0
303	642	0
322	649	0
339	658	0
365	661	0
387	661	0
408	659	0
431	660	0
451	659	0
484	660	0
503	659	0
531	659	0
558	658	0
582	658	0
609	658	0
634	658	1
658	652	1
691	648	1
718	643	1
741	635	1
763	633	1
774	663	1
812	661	1
842	658	1
864	658	1
882	658	1
916	658	0
943	658	0
966	656	0
995	658	0
1020	658	0
7	682	0
36	683	0
62	683	0
88	682	1
115	682	1
145	682	1
171	682	1
198	682	1
225	676	1
248	676	1
274	671	1
297	663	1
316	664	1
336	684	0
363	684	0
390	684	0
413	684	0
435	681	0
459	683	0
487	682	0
515	685	0
529	683	0
558	682	0
582	682	0
609	682	0
634	682	0
662	682	0
693	682	0
719	682	0
744	675	1
763	684	0
791	687	0
813	684	0
839	683	0
864	682	1
890	682	1
916	682	1
943	682	1
971	677	1
995	682	1
1020	682	0
