8	15	1
28	15	1
49	15	1
72	15	0
96	15	0
117	12	1
143	10	1
166	10	1
188	15	0
212	15	1
234	15	1
256	15	1
278	15	1
300	15	1
324	15	1
344	15	1
367	15	1
385	14	1
407	13	0
430	12	0
460	21	0
484	23	0
512	15	1
540	15	1
564	15	1
584	15	1
608	15	1
632	15	1
653	15	1
677	15	1
699	15	1
723	15	1
746	12	0
768	11	0
798	15	0
821	15	0
844	15	0
867	15	1
892	15	1
916	15	1
938	15	1
961	15	1
984	15	1
1008	15	1
1030	15	1
8	42	1
28	42	1
49	42	1
72	42	1
96	42	1
120	42	0
144	39	0
165	40	0
188	42	0
212	42	0
234	42	0
256	42	1
278	42	1
300	42	1
324	42	1
344	42	1
367	42	1
391	42	1
415	42	1
440	42	1
464	42	1
487	42	1
512	42	1
538	44	0
564	42	0
584	42	1
608	42	1
632	42	1
653	42	1
677	42	1
699	42	1
723	42	1
746	42	1
772	42	1
798	42	1
821	42	1
844	42	1
867	42	0
892	42	0
916	42	0
938	42	1
961	42	1
984	42	1
1008	42	1
1030	42	1
8	67	1
28	67	1
49	67	1
72	67	1
96	67	1
120	67	1
144	67	1
165	67	1
188	67	1
212	67	0
234	67	0
256	67	0
278	67	0
300	67	1
324	67	1
344	67	1
367	67	1
391	67	1
415	67	1
440	67	1
464	67	1
487	67	1
512	67	1
540	67	1
564	67	1
584	67	0
608	67	0
632	67	0
653	67	0
677	67	1
699	67	1
723	67	1
746	67	1
772	67	1
798	67	1
821	67	1
844	67	1
867	67	1
892	67	1
916	67	1
938	67	0
961	67	0
982	66	0
1008	67	1
1030	67	1
8	86	1
28	86	1
49	86	1
72	86	1
96	86	1
120	86	1
144	86	1
165	86	1
188	86	1
212	86	1
234	86	1
257	86	0
279	86	0
300	86	0
324	86	0
345	87	0
367	86	1
391	86	1
415	86	1
440	86	1
464	86	1
487	86	1
512	86	1
540	86	1
564	86	1
584	86	1
608	86	0
632	86	0
653	86	0
677	86	1
699	86	1
723	86	1
746	86	1
772	86	1
798	86	1
821	86	1
844	86	1
867	86	1
892	86	1
916	86	1
938	86	1
961	86	1
984	86	1
1008	86	1
1030	86	0
8	109	0
28	109	0
49	109	0
72	107	0
96	109	0
120	109	1
144	109	1
165	109	1
188	109	1
212	109	1
234	109	1
256	109	1
278	109	1
300	109	1
324	108	0
344	109	0
367	109	0
392	108	0
414	108	0
440	109	1
464	109	1
487	109	1
512	109	1
540	109	1
564	109	1
584	109	1
608	109	1
632	109	1
655	110	0
676	109	0
703	109	0
723	109	0
746	109	0
772	109	0
798	109	1
821	109	1
844	109	1
867	109	1
892	109	1
916	109	1
938	109	1
961	109	1
984	109	1
1008	109	1
1030	109	0
8	133	1
28	133	1
49	133	1
72	133	1
92	134	0
120	133	0
140	132	0
165	133	1
188	133	1
212	133	1
234	133	1
256	133	1
278	133	1
300	133	1
324	133	1
344	133	1
367	133	1
391	133	1
415	133	1
444	135	0
464	133	0
487	133	0
512	133	1
540	133	1
564	133	1
584	133	1
608	133	1
632	133	1
653	133	1
677	133	1
699	133	1
723	133	1
746	133	1
772	133	1
798	133	0
821	133	0
844	133	1
867	133	1
892	133	1
916	133	1
938	133	1
961	133	1
984	133	1
1008	133	1
1030	133	1
8	154	1
28	154	1
49	154	1
72	154	1
96	154	1
120	154	1
144	154	1
167	153	0
188	154	0
212	154	0
234	154	1
256	154	1
278	154	1
300	154	1
324	154	1
344	154	1
367	154	1
391	154	1
415	154	1
440	154	1
464	154	1
487	154	1
512	154	0
540	154	0
564	154	0
584	154	1
608	154	1
632	154	1
653	154	1
677	154	1
699	154	1
723	154	1
746	154	1
772	154	1
798	154	1
821	154	1
847	155	0
867	154	0
892	154	0
916	154	1
938	154	1
961	154	1
984	154	1
1008	154	1
1030	154	1
8	174	1
28	174	1
49	174	1
72	174	1
96	174	1
120	174	1
144	174	1
165	174	1
188	173	0
215	173	0
234	174	0
256	174	0
277	174	0
300	174	1
324	174	1
344	174	1
367	174	1
391	174	1
415	174	1
440	174	1
464	174	1
487	174	1
512	174	1
540	174	0
564	174	0
584	174	0
608	174	0
632	174	0
653	174	1
677	174	1
699	174	1
723	174	1
746	174	1
772	174	1
798	174	1
821	174	1
844	174	1
867	174	1
892	174	1
916	174	0
938	174	0
961	174	0
984	174	1
1008	174	1
1030	174	1
8	192	0
25	191	0
49	192	1
72	192	1
96	192	1
120	192	1
144	192	1
165	192	1
188	192	1
212	192	1
234	192	1
255	190	0
276	190	0
300	192	0
324	192	0
344	192	0
367	192	1
391	192	1
415	192	1
440	192	1
464	192	1
487	192	1
512	192	1
540	192	1
564	192	1
582	192	0
607	192	0
632	192	0
653	192	0
677	192	0
699	192	0
723	192	1
746	192	1
772	192	1
798	192	1
821	192	1
844	192	1
867	192	1
892	192	1
916	192	1
938	193	0
963	190	0
984	192	0
1008	192	0
1030	192	0
8	214	0
28	214	0
49	216	0
70	216	0
96	214	1
120	214	1
144	214	1
165	214	1
188	214	1
212	214	1
234	214	1
256	214	1
278	214	1
303	214	0
324	213	0
343	212	0
367	214	0
391	214	0
415	214	0
440	214	1
464	214	1
487	214	1
512	214	1
540	214	1
564	214	1
584	214	1
608	214	1
632	214	1
653	214	0
677	214	0
699	214	0
723	214	0
746	214	0
769	214	0
798	214	1
821	214	1
844	214	1
867	214	1
892	214	1
916	214	1
938	214	1
961	214	1
984	214	1
1009	214	0
1030	214	0
8	242	1
28	242	1
49	242	1
72	242	1
96	242	0
120	242	0
144	242	1
165	242	1
188	242	1
212	242	1
234	242	1
256	242	1
278	242	1
300	242	1
324	242	1
344	242	1
377	242	0
396	241	0
415	242	0
440	242	0
464	242	0
487	242	0
512	242	1
540	242	1
564	242	1
584	242	1
608	242	1
632	242	1
653	242	1
677	242	1
699	242	1
723	242	1
746	242	1
772	242	0
798	242	0
821	242	0
844	242	1
867	242	1
892	242	1
916	242	1
938	242	1
961	242	1
984	242	1
1008	242	1
1030	242	1
8	266	1
28	266	1
49	266	1
72	266	1
96	266	1
120	265	0
144	266	0
165	266	0
188	266	0
212	266	0
234	266	1
256	266	1
278	266	1
300	266	1
324	266	1
344	266	1
367	266	1
391	266	1
415	266	1
440	266	0
464	266	0
487	266	0
512	266	0
540	266	0
560	266	0
584	266	1
608	266	1
632	266	1
653	266	1
677	266	1
699	266	1
723	266	1
746	266	1
772	266	1
798	266	0
821	266	0
844	266	0
867	266	0
892	266	0
916	266	1
938	266	1
961	266	1
984	266	1
1008	266	1
1030	266	1
8	291	1
28	291	1
49	291	1
72	291	1
96	291	1
120	291	1
144	291	1
168	288	0
189	290	0
212	291	0
234	291	0
256	291	0
278	291	0
300	291	1
324	291	1
344	291	1
367	291	1
391	291	1
415	291	1
440	291	1
464	291	1
487	291	1
512	291	0
540	291	0
564	291	0
584	291	0
608	291	0
632	291	1
653	291	1
677	291	1
699	291	1
723	291	1
746	291	1
772	291	1
798	291	1
821	291	1
846	286	0
869	286	0
891	285	0
916	291	0
938	291	0
961	291	1
984	291	1
1008	291	1
1030	291	1
8	315	0
28	315	1
49	315	1
72	315	1
96	315	1
120	315	1
144	315	1
165	315	1
188	315	1
212	315	1
233	310	0
259	310	0
278	315	0
300	315	0
324	315	0
344	315	0
367	315	1
391	315	1
415	315	1
440	315	1
464	315	1
487	315	1
512	315	1
540	315	1
564	315	1
584	315	0
608	315	0
632	315	0
653	315	0
677	315	0
699	315	1
723	315	1
746	315	1
772	315	1
798	315	1
821	315	1
844	315	1
867	315	1
892	315	1
916	315	1
938	315	1
961	315	0
984	315	0
1008	315	0
1030	315	1
8	338	0
28	338	0
49	338	0
72	338	0
96	338	1
120	338	1
144	338	1
165	338	1
188	338	1
212	338	1
234	338	1
256	338	1
278	338	1
303	334	0
322	334	0
342	338	0
367	338	0
391	338	0
415	338	0
440	338	1
464	338	1
487	338	1
512	338	1
540	338	1
564	338	1
584	338	1
608	338	1
632	338	1
646	337	0
673	341	0
699	338	0
723	338	0
746	338	1
772	338	1
798	338	1
821	338	1
844	338	1
867	338	1
892	338	1
916	338	1
938	338	1
961	338	1
984	338	1
1008	338	1
1030	338	1
8	357	1
28	357	0
49	357	0
72	357	0
96	357	0
120	360	0
144	357	0
165	357	1
188	357	1
212	357	1
234	357	1
256	357	1
278	357	1
300	357	1
324	357	1
344	357	1
367	357	0
391	357	0
415	357	0
440	357	0
464	357	0
487	357	1
512	357	1
540	357	1
564	357	1
584	357	1
608	357	1
632	357	1
653	357	1
677	357	1
702	358	0
723	357	0
746	357	0
772	357	0
798	357	0
821	357	0
844	357	1
867	357	1
892	357	1
916	357	1
938	357	1
961	357	1
984	357	1
1008	357	1
1030	357	1
8	376	1
28	376	1
49	376	1
72	376	0
96	376	0
120	376	0
144	376	0
165	376	0
187	378	0
212	376	0
234	376	1
256	376	1
278	376	1
300	376	1
324	376	1
344	376	1
367	376	1
391	376	1
415	376	1
438	375	0
464	376	0
487	376	0
511	378	0
541	379	0
564	376	1
584	376	1
608	376	1
632	376	1
653	376	1
677	376	1
699	376	1
723	376	1
746	376	1
772	376	0
798	376	0
821	376	0
846	375	0
867	376	0
892	376	0
916	376	1
938	376	1
961	376	1
984	376	1
1008	376	1
1030	376	1
8	401	1
28	401	1
49	401	1
72	401	1
96	401	1
120	401	1
144	401	1
165	401	0
188	401	0
212	401	0
234	401	0
256	401	0
278	401	0
300	401	1
324	401	1
344	401	1
367	401	1
391	401	1
415	401	1
440	401	1
464	401	1
487	401	1
512	401	0
540	401	0
564	401	0
584	401	0
608	401	0
632	401	1
653	401	1
677	401	1
699	401	1
723	401	1
746	401	1
772	401	1
798	401	1
821	401	1
844	401	0
867	401	0
892	401	0
916	401	0
938	401	0
961	401	1
984	401	1
1008	401	1
1030	401	1
6	427	0
28	426	1
49	426	1
72	426	1
96	426	1
120	426	1
144	426	1
165	426	1
188	426	1
212	426	0
234	426	0
256	426	0
278	426	0
300	426	0
324	426	0
344	426	0
367	426	1
391	426	1
415	426	1
440	426	1
464	426	1
487	426	1
512	426	1
540	426	1
564	426	0
584	426	0
608	426	0
635	427	0
653	426	0
677	426	1
699	426	1
723	426	1
746	426	1
772	426	1
798	426	1
821	426	1
844	426	1
867	426	1
892	426	1
918	424	0
938	422	0
963	426	0
985	426	0
1008	426	0
1030	426	1
8	449	0
28	449	0
49	449	0
72	449	0
96	449	1
120	449	1
144	449	1
165	449	1
188	449	1
212	449	1
234	449	1
256	449	1
278	449	1
300	449	0
324	449	0
344	449	0
367	449	0
396	450	0
415	449	1
440	449	1
464	449	1
487	449	1
512	449	1
540	449	1
564	449	1
584	449	1
608	449	1
632	449	0
653	449	0
677	449	0
699	449	0
723	449	0
746	449	1
772	449	1
798	449	1
821	449	1
844	449	1
867	449	1
892	449	1
916	449	1
938	449	1
961	449	1
984	449	0
1008	449	0
1030	449	0
8	476	1
28	476	0
49	476	0
72	476	0
92	476	0
120	476	0
144	476	1
165	476	1
188	476	1
212	476	1
234	476	1
256	476	1
278	476	1
300	476	1
324	476	1
344	476	1
367	476	0
391	476	0
415	476	0
440	476	0
464	476	0
487	476	1
512	476	1
540	476	1
564	476	1
584	476	1
608	476	1
632	476	1
653	476	1
677	476	1
700	476	0
717	476	0
746	476	0
772	476	0
798	476	0
821	476	1
844	476	1
867	476	1
892	476	1
916	476	1
938	476	1
961	476	1
984	476	1
1008	476	1
1030	476	1
8	498	1
28	498	1
49	498	1
72	498	1
96	498	0
120	498	0
144	498	0
165	498	0
188	498	0
212	498	1
234	498	1
256	498	1
278	498	1
300	498	1
324	498	1
344	498	1
367	498	1
391	498	1
415	498	1
440	498	0
464	498	0
487	498	0
512	498	0
540	498	1
564	498	1
584	498	1
608	498	1
632	498	1
653	498	1
677	498	1
699	498	1
723	498	1
746	498	1
772	498	0
798	498	0
821	498	0
844	498	0
867	501	0
892	498	1
916	498	1
938	498	1
961	498	1
984	498	1
1008	498	1
1030	498	1
8	518	1
28	518	1
49	518	1
72	518	1
96	518	1
120	518	1
144	518	0
165	518	0
188	518	0
212	521	0
231	519	0
256	518	0
278	518	1
300	518	1
324	518	1
344	518	1
367	518	1
391	518	1
415	518	1
440	518	1
464	518	1
487	518	0
512	518	0
539	520	0
566	521	0
588	520	0
608	518	0
632	518	1
653	518	1
677	518	1
699	518	1
723	518	1
746	518	1
772	518	1
798	518	1
821	518	1
846	517	0
868	516	0
892	518	0
916	518	0
938	518	0
961	518	1
984	518	1
1008	518	1
1030	518	1
8	542	1
28	542	1
49	542	1
72	542	1
96	542	1
120	542	1
144	542	1
165	542	1
188	542	1
212	542	0
234	542	0
256	542	0
278	542	0
300	542	0
324	542	0
344	542	1
367	542	1
391	542	1
415	542	1
440	542	1
464	542	1
487	542	1
512	542	1
540	542	1
564	542	0
584	542	0
608	542	0
632	542	0
653	542	0
677	542	1
699	542	1
723	542	1
746	542	1
772	542	1
798	542	1
821	542	1
844	542	1
867	542	1
892	542	1
916	542	1
938	542	1
961	542	0
984	542	0
1008	542	0
1030	542	1
5	565	0
28	565	0
45	565	0
72	562	1
96	562	1
120	562	1
144	562	1
165	562	1
188	562	1
212	562	1
234	562	1
256	562	1
278	562	0
300	562	0
324	562	0
344	562	0
367	562	0
391	562	1
415	562	1
440	562	1
464	562	1
487	562	1
512	562	1
540	562	1
564	562	1
584	562	1
608	562	1
632	562	0
653	562	0
677	562	1
699	562	0
723	562	0
746	562	1
772	562	1
798	562	1
821	562	1
844	562	1
867	562	1
892	562	1
916	562	1
938	562	1
963	562	0
984	562	0
1008	562	0
1030	562	0
8	582	0
28	582	0
49	582	0
72	582	1
96	582	0
121	586	0
144	582	1
165	582	1
188	582	1
212	582	1
234	582	1
256	582	1
278	582	1
300	582	1
324	582	1
344	582	0
367	582	0
388	585	0
417	584	0
440	582	0
463	585	0
487	582	1
512	582	1
540	582	1
564	582	1
584	582	1
608	582	1
632	582	1
653	582	1
680	582	0
699	582	0
723	582	0
746	582	0
772	582	0
798	582	0
821	582	1
844	582	1
867	582	1
892	582	1
916	582	1
938	582	1
961	582	1
988	583	0
1008	582	0
1030	582	0
8	611	1
28	611	1
49	611	1
72	611	0
96	611	0
120	611	0
144	611	0
165	611	0
188	611	0
212	611	1
234	611	1
256	611	1
278	611	1
300	611	1
324	611	1
344	611	1
367	611	1
391	611	1
415	611	0
440	611	0
464	611	0
487	611	0
512	611	0
540	611	1
564	611	1
584	611	1
608	611	1
632	611	1
653	611	1
677	611	1
699	611	1
723	611	1
746	611	0
772	611	0
798	611	0
821	611	0
844	611	0
867	611	1
892	611	1
916	611	0
938	611	1
961	611	1
984	611	1
1008	611	1
1030	611	1
8	631	1
28	631	1
49	631	1
72	631	1
96	631	1
120	631	1
144	631	0
165	631	0
188	631	0
212	631	1
234	631	1
256	631	1
278	631	1
300	631	1
324	631	1
344	631	1
367	631	1
391	631	1
415	631	1
440	631	1
464	631	1
487	631	0
512	631	0
544	633	0
564	631	0
584	631	1
608	631	1
632	631	1
653	631	1
677	631	1
699	631	1
723	631	1
746	631	1
772	631	1
798	631	1
821	631	0
844	631	0
867	631	0
892	631	0
916	631	0
938	631	0
961	631	0
984	631	0
1008	631	0
1030	631	1
8	657	1
28	657	1
49	657	1
72	657	1
96	657	1
120	657	1
144	657	1
165	657	1
188	657	1
212	657	0
234	657	0
256	657	0
278	657	0
300	657	0
322	659	0
344	657	1
367	657	1
391	657	1
415	657	1
440	657	1
464	657	1
487	657	1
512	657	1
540	658	0
564	657	0
584	657	0
608	657	0
632	657	0
653	657	1
677	657	1
699	657	1
723	657	1
746	657	1
772	657	1
798	657	1
821	657	1
844	657	0
867	657	0
892	657	0
916	657	0
938	657	0
961	657	0
984	657	0
1008	657	0
1030	657	0
8	683	0
28	683	0
49	683	0
72	683	1
96	683	1
120	683	1
144	683	1
165	683	1
188	683	1
212	683	1
234	683	1
256	683	1
278	683	0
292	682	1
324	683	0
344	683	0
367	683	0
391	683	1
415	683	1
440	683	1
464	683	1
487	683	1
512	683	1
540	683	1
564	683	1
584	683	1
608	683	0
632	683	0
653	683	0
677	683	0
699	683	0
723	683	1
746	683	1
772	683	1
798	683	1
821	683	1
844	683	1
867	683	1
892	683	0
916	683	0
938	683	0
961	683	0
984	683	0
1008	683	0
1030	683	0
