8	9	0
30	9	0
53	9	1
76	9	1
101	9	1
124	9	1
147	9	1
173	9	1
197	9	1
221	9	1
246	9	1
268	9	1
292	9	1
316	9	1
339	9	0
365	9	0
390	8	0
418	8	0
440	9	0
462	9	0
490	9	0
515	9	0
538	9	0
561	9	0
584	9	0
607	9	0
630	9	0
658	9	0
686	9	0
714	9	1
739	9	1
765	9	1
788	9	1
814	9	1
837	9	1
862	9	1
886	9	1
910	9	1
932	9	1
956	9	1
979	9	1
1003	9	1
1026	9	1
8	28	0
30	28	0
53	28	0
76	28	0
101	28	0
124	28	0
147	28	0
173	28	1
197	28	1
221	28	1
246	28	1
268	28	1
292	28	1
316	28	1
339	28	1
363	28	1
390	28	1
417	28	1
440	28	0
462	28	0
490	29	0
515	28	0
538	28	0
561	28	0
584	28	0
607	28	0
630	28	0
658	28	0
686	28	0
714	28	0
739	28	0
765	28	1
788	28	1
814	28	1
837	28	1
862	28	1
886	28	1
910	28	1
932	28	1
956	28	1
979	28	1
1003	28	1
1026	28	1
5	71	1
27	63	0
53	58	0
76	58	0
101	58	0
124	58	0
147	58	0
173	58	0
197	58	0
221	58	0
246	58	0
268	58	1
292	58	1
316	58	1
339	58	1
363	58	1
390	58	1
417	58	1
440	58	1
462	58	1
490	58	1
515	58	1
538	58	1
561	58	1
584	58	1
607	58	0
630	58	0
658	58	0
686	58	0
714	58	0
739	58	0
765	58	0
788	58	0
814	58	0
837	58	0
862	58	0
886	58	1
910	58	1
932	58	1
956	58	1
979	58	1
1003	58	1
1026	58	1
8	91	1
30	91	1
53	91	1
76	91	0
101	91	0
124	91	0
147	91	0
173	91	0
197	91	0
221	91	0
246	91	0
268	91	0
292	91	0
316	91	0
339	91	0
363	91	0
390	91	1
417	91	1
440	91	1
462	91	1
490	91	1
515	91	1
538	91	1
561	91	1
584	91	1
607	91	1
630	91	1
658	91	0
685	83	0
710	85	0
734	85	0
768	87	0
788	91	0
814	91	0
837	91	0
862	91	0
886	91	0
910	91	0
932	91	0
956	91	0
978	87	0
1003	81	1
1024	81	1
8	118	1
30	118	1
53	118	1
76	118	1
101	118	1
124	118	1
147	118	1
173	118	1
197	118	0
221	118	0
246	118	0
268	118	0
292	118	0
316	118	0
339	118	0
363	118	0
390	118	0
417	118	0
439	120	0
462	118	0
493	123	1
515	118	1
538	118	1
561	118	1
584	118	1
607	118	1
630	118	1
658	118	1
686	118	1
714	118	1
739	118	1
765	118	1
788	118	0
814	118	0
837	118	0
862	118	0
886	118	0
910	118	0
932	118	0
956	118	0
979	118	0
1003	118	0
1026	118	0
11	153	1
29	157	1
53	157	1
76	154	1
100	155	1
121	153	1
148	152	1
173	143	1
197	143	1
221	143	1
246	143	1
268	143	1
292	143	0
316	143	0
339	143	0
363	143	0
390	143	0
417	143	0
440	143	0
462	143	0
490	143	0
515	143	0
542	143	0
562	143	0
584	143	0
607	143	0
630	143	1
658	143	1
686	143	1
714	143	1
739	143	1
765	143	1
788	143	1
814	143	1
837	143	1
862	143	1
886	143	0
910	143	0
932	143	0
956	143	0
979	143	0
1003	143	0
1026	143	0
8	179	0
28	179	0
56	179	0
82	181	0
109	179	0
128	177	1
151	175	1
173	177	1
193	175	1
219	179	1
245	174	1
271	173	1
292	173	1
317	173	1
340	176	1
369	175	1
392	175	1
417	167	0
440	167	0
462	167	0
490	167	0
515	167	0
538	167	0
561	167	0
584	167	0
607	167	0
630	167	0
658	167	0
686	167	0
714	167	0
739	167	1
765	167	1
788	167	1
814	167	1
837	167	1
862	167	1
886	167	1
910	167	1
932	167	1
956	167	1
979	167	1
1003	167	0
1026	167	0
8	205	0
30	205	0
53	205	0
76	205	0
101	205	0
124	205	0
147	205	0
173	205	0
197	205	0
221	205	0
246	205	1
268	205	1
292	205	1
316	205	1
339	205	1
363	205	1
390	205	1
417	205	1
440	205	1
462	205	1
490	205	1
515	205	0
536	205	0
561	205	0
584	205	0
607	205	0
630	205	0
658	205	0
686	205	0
714	205	0
739	205	0
765	205	0
788	205	0
814	205	0
837	205	1
862	205	1
886	205	1
910	205	1
932	205	1
956	205	1
979	205	1
1003	205	1
1026	205	1
4	251	1
28	248	0
56	245	0
74	245	0
101	244	0
126	240	0
147	236	0
173	236	0
197	236	0
221	236	0
246	236	0
268	236	0
292	236	0
316	236	0
339	236	0
363	236	1
390	236	1
417	236	1
440	236	1
462	236	1
490	236	1
515	236	1
538	236	1
561	236	1
584	236	1
607	236	1
630	236	0
658	236	0
686	236	0
714	236	0
739	236	0
765	236	0
788	236	0
814	236	0
837	236	0
862	236	0
886	236	0
910	236	0
932	236	0
956	236	1
979	236	1
1003	236	1
1026	236	1
6	283	1
28	283	1
54	281	1
78	280	1
100	280	1
131	278	0
154	275	0
177	270	0
197	266	0
221	266	0
246	261	0
268	261	0
292	261	0
316	261	0
339	261	0
363	261	0
390	261	0
417	261	0
440	261	0
462	261	1
490	261	1
515	261	1
538	261	1
561	261	1
584	261	1
607	261	1
630	261	1
658	261	1
686	261	1
714	261	1
739	261	0
765	261	0
788	261	0
814	261	0
837	261	0
862	261	0
886	261	0
910	261	0
932	261	0
956	261	0
979	261	0
1003	261	0
1026	261	0
8	311	1
32	310	1
54	306	1
76	300	1
101	300	1
124	300	1
147	300	1
173	300	1
197	300	1
221	300	1
246	300	1
268	300	0
292	300	0
316	300	0
339	300	0
363	300	0
390	300	0
417	300	0
440	300	0
462	300	0
490	300	0
515	300	0
538	300	0
561	300	0
584	300	1
607	300	1
630	300	1
658	300	1
686	300	1
714	300	1
739	300	1
765	300	1
788	300	1
812	294	1
836	295	1
861	295	0
881	291	0
905	291	0
927	290	0
957	291	0
973	288	0
993	288	0
1020	287	0
9	331	0
33	331	0
55	331	0
78	333	0
101	334	1
131	333	1
151	331	1
179	327	1
203	328	1
225	326	1
246	321	1
268	321	1
292	321	1
316	321	1
339	321	1
363	321	0
390	321	0
417	321	0
440	321	0
462	321	0
490	321	0
515	321	0
538	321	0
561	321	0
584	321	0
607	321	0
630	321	0
658	321	0
696	325	1
714	321	1
739	321	1
765	321	1
788	321	1
814	321	1
837	321	1
862	321	1
886	321	1
910	321	1
931	315	1
964	313	0
978	312	0
1002	311	0
1025	310	0
6	354	0
29	353	0
52	350	0
76	351	0
94	357	0
123	356	0
146	359	0
175	354	0
201	355	1
223	356	1
249	357	1
269	357	1
296	357	1
319	353	1
340	351	1
363	355	1
390	353	1
414	354	1
440	346	1
462	346	1
490	346	0
515	346	0
538	346	0
561	346	0
584	346	0
607	346	0
630	346	0
658	346	0
686	346	0
714	346	0
739	346	0
765	346	0
788	346	1
814	346	1
837	346	1
862	346	1
886	346	1
910	346	1
932	346	1
956	346	1
979	346	1
1003	346	1
1026	346	1
8	380	0
30	380	0
53	380	0
76	380	0
101	380	0
124	380	0
147	380	0
173	380	0
197	380	0
221	380	0
246	380	0
268	380	0
292	380	0
316	380	1
339	380	1
363	380	1
390	380	1
417	380	1
440	380	1
462	380	1
490	380	1
515	380	1
538	380	1
561	380	1
584	380	0
609	378	0
631	377	0
658	380	0
686	380	0
714	380	0
739	380	0
765	380	0
788	380	0
814	380	0
837	380	0
862	380	0
886	380	0
910	380	0
932	380	1
956	380	1
979	380	1
1003	380	1
1026	380	1
8	414	1
30	414	1
53	414	1
76	414	0
103	413	0
124	414	0
147	414	0
173	414	0
197	414	0
221	414	0
246	414	0
268	414	0
292	414	0
316	414	0
339	414	0
363	414	0
390	414	0
417	414	0
440	414	1
462	414	1
490	414	1
515	414	1
538	414	1
561	414	1
584	414	1
607	414	1
630	414	1
658	414	1
686	414	1
714	414	0
739	414	0
765	414	0
788	414	0
814	414	0
837	414	0
862	414	0
886	414	0
910	414	0
932	414	0
956	414	0
979	414	0
1003	414	0
1026	414	0
8	437	1
30	437	1
53	437	1
76	437	1
101	437	1
124	437	1
147	437	1
173	437	1
197	437	1
221	437	0
246	437	0
268	437	0
292	437	0
316	437	0
339	437	0
363	437	0
390	437	0
417	437	0
440	437	0
462	437	0
490	436	0
515	437	0
538	437	0
561	437	1
584	437	1
607	437	1
630	437	1
658	437	1
686	437	1
714	437	1
739	437	1
765	437	1
788	437	1
817	437	0
837	437	0
856	438	0
886	437	0
910	437	0
932	437	0
956	437	0
979	437	0
1003	437	0
1026	437	0
7	474	0
33	470	0
57	469	1
77	473	1
98	472	1
122	472	1
144	471	1
171	467	1
198	467	1
225	465	1
246	460	1
268	460	1
292	460	1
316	460	1
339	460	0
363	460	0
390	460	0
417	460	0
440	460	0
462	460	0
490	460	0
515	460	0
538	460	0
561	460	0
584	460	0
607	460	0
630	460	0
658	460	1
686	460	1
714	460	1
739	460	1
765	460	1
788	460	1
814	460	1
837	460	1
862	460	1
886	460	1
910	460	1
932	460	0
956	460	0
979	460	0
1003	460	0
1026	460	0
8	500	0
30	500	0
53	500	0
76	500	0
101	500	0
124	500	0
148	499	0
173	500	1
197	500	1
221	500	1
246	500	1
268	500	1
292	500	1
316	500	1
339	500	1
363	500	1
390	500	1
417	500	1
440	500	0
462	500	0
490	500	0
515	500	0
538	500	0
561	500	0
584	500	0
607	500	0
630	500	0
658	500	0
686	500	0
714	500	0
739	500	0
765	500	0
788	500	1
814	500	1
837	500	1
862	500	1
886	500	1
910	500	1
932	500	1
956	500	1
979	500	1
1003	500	1
1026	500	1
8	531	0
30	531	0
53	531	0
76	531	0
101	531	0
124	531	0
147	531	0
173	531	0
197	531	0
221	531	0
246	531	0
268	531	0
292	531	1
316	531	1
339	531	1
363	531	1
390	531	1
417	531	1
440	531	1
462	531	1
490	531	1
515	531	1
538	531	0
561	531	0
584	531	0
608	530	0
630	531	0
658	531	0
686	531	0
714	531	0
739	531	0
765	531	0
788	531	0
814	531	0
837	531	0
862	531	0
886	531	1
910	531	1
932	531	1
956	531	1
979	531	1
1003	531	1
1026	531	1
8	566	1
33	560	0
53	557	0
76	557	0
101	557	0
124	557	0
147	557	0
173	557	0
197	557	0
221	557	0
246	557	0
268	557	0
292	557	0
316	557	0
339	557	0
363	557	0
390	557	1
417	557	1
440	557	1
462	557	1
490	557	1
515	557	1
538	557	1
561	557	1
584	557	1
607	557	1
630	557	1
658	557	1
686	557	0
714	557	0
739	557	0
765	557	0
788	557	0
814	557	0
837	557	0
862	557	0
886	557	0
910	557	0
932	557	0
956	557	0
979	557	0
1003	557	0
1026	557	1
8	588	1
30	588	1
53	588	1
76	588	1
101	588	1
124	588	1
147	588	0
173	588	0
197	588	0
221	587	0
246	588	0
268	588	0
292	588	0
316	588	0
339	588	0
363	588	0
390	588	0
417	588	0
440	588	0
462	588	0
490	588	0
515	588	1
538	588	1
561	588	1
584	588	1
607	588	1
630	588	1
658	588	1
686	588	1
714	588	1
738	584	1
764	584	0
789	579	0
805	580	0
837	580	0
862	588	0
886	588	0
910	588	0
932	588	0
956	588	0
979	588	0
1003	588	0
1026	588	0
8	616	0
30	616	1
53	616	1
76	616	1
101	616	1
124	616	1
147	616	1
173	616	1
197	616	1
221	616	1
246	616	1
268	616	1
292	616	0
316	616	0
339	616	0
365	613	0
390	616	0
417	616	0
440	616	0
462	616	0
490	616	0
515	616	0
538	616	0
561	616	0
584	616	0
607	616	0
630	616	1
658	616	1
686	616	1
714	616	1
739	616	1
763	612	1
789	609	1
813	611	1
835	609	1
864	609	1
886	616	0
910	616	0
932	616	0
954	610	0
977	611	0
1003	616	0
1026	616	0
8	643	0
30	643	0
53	643	0
76	643	0
101	647	0
124	643	1
147	643	1
173	643	1
197	643	1
221	643	1
246	643	1
268	643	1
292	643	1
316	643	1
339	643	1
363	643	1
390	643	1
417	643	0
440	643	0
462	643	0
489	639	0
515	643	0
538	643	0
561	643	0
584	643	0
607	643	0
630	643	0
658	643	0
686	643	0
714	643	0
739	643	1
765	643	1
788	643	1
814	643	1
837	643	1
862	643	1
886	643	1
910	643	1
931	638	1
953	637	1
976	634	1
997	633	1
1019	634	1
8	667	0
30	667	0
53	667	0
76	667	0
101	667	0
124	667	0
146	669	0
173	667	0
197	673	0
221	667	0
246	667	1
268	667	1
292	667	1
316	667	1
339	667	1
363	667	1
390	667	1
417	667	1
440	667	1
462	667	1
490	667	1
515	667	1
538	667	0
561	667	0
584	667	0
607	667	0
630	667	0
658	667	0
686	667	0
714	667	0
739	667	0
765	667	0
788	667	0
814	667	0
837	667	0
862	667	1
886	667	1
910	667	1
932	667	1
956	667	1
979	667	1
1003	667	1
1026	667	1
