9	14	1
32	14	1
57	14	1
79	14	1
101	14	1
126	14	1
151	14	0
177	14	0
201	14	0
226	14	0
250	14	0
276	14	0
301	14	0
327	14	1
353	14	1
379	14	1
403	14	1
427	14	1
451	14	1
472	14	1
494	14	1
518	14	1
541	14	0
562	15	0
590	14	0
613	13	0
637	14	0
661	14	0
684	14	0
708	14	0
732	14	0
754	14	0
777	14	0
801	14	0
823	14	0
844	14	0
864	14	0
889	14	0
911	14	1
933	14	1
963	14	1
985	14	1
1005	14	1
1026	14	1
9	39	1
32	39	1
57	39	1
79	39	1
101	39	1
126	39	1
151	39	1
177	39	0
201	39	0
226	39	0
250	39	0
276	39	0
301	39	0
327	39	0
353	39	0
379	39	0
403	39	1
427	39	1
451	39	1
472	39	1
494	39	1
518	39	1
541	39	1
565	39	1
590	39	1
614	39	1
637	39	1
661	39	0
684	39	0
708	39	0
732	39	0
754	39	0
777	39	0
801	39	0
823	39	0
844	39	0
864	39	0
889	39	0
911	39	0
933	39	0
963	39	0
985	39	0
1005	39	1
1026	39	1
9	72	1
32	72	1
57	72	1
79	72	1
101	72	1
126	72	1
151	72	1
177	72	1
201	72	1
226	72	1
250	72	0
276	72	0
301	72	0
327	72	0
353	72	0
379	72	0
403	72	0
427	72	0
451	72	0
472	72	0
494	72	0
518	72	1
541	72	1
565	72	1
590	72	1
614	72	1
637	72	1
661	72	1
684	72	1
708	72	1
732	72	1
754	72	1
777	72	0
801	72	0
823	72	0
844	72	0
864	72	0
889	72	0
911	72	0
933	72	0
963	72	0
985	72	0
1005	72	0
1026	72	0
7	108	0
29	107	0
53	110	0
75	109	0
100	111	0
126	111	0
152	112	0
172	114	1
196	112	1
222	110	1
245	110	1
274	111	1
297	111	1
327	110	1
357	111	0
379	110	0
403	112	0
429	113	0
452	112	0
474	108	0
498	106	0
519	104	0
544	102	0
565	99	0
590	99	0
614	99	0
637	99	0
661	99	1
684	99	1
708	99	1
732	99	1
754	99	1
777	99	1
801	99	1
823	99	1
844	99	1
864	99	1
889	99	0
911	99	0
933	99	0
963	99	0
985	99	0
1005	99	0
1026	99	0
9	136	1
32	135	1
58	133	1
79	136	1
100	135	1
127	140	0
149	137	0
176	140	0
201	139	0
223	143	0
251	143	0
277	148	1
299	147	1
322	150	1
349	148	1
402	149	1
377	148	1
425	151	1
449	152	1
469	151	1
500	151	0
521	147	0
544	148	0
565	143	0
593	143	0
617	142	0
639	137	0
659	136	0
691	135	0
715	134	0
740	135	0
761	132	1
781	131	1
801	125	1
823	125	1
844	125	1
864	125	1
889	125	1
911	125	1
933	125	1
963	125	1
985	125	1
1005	125	0
1026	125	0
9	161	1
32	161	1
57	161	1
79	161	1
101	161	1
126	161	1
151	161	1
177	161	1
201	161	0
226	161	0
250	161	0
277	167	0
301	169	0
324	170	0
353	171	0
378	172	0
403	173	0
425	175	0
452	174	0
473	174	0
489	171	0
517	169	0
541	168	0
565	164	0
590	161	0
614	161	0
637	161	0
661	161	0
684	161	0
708	161	0
732	161	0
754	161	0
777	161	0
801	161	0
823	161	0
844	161	0
864	161	1
889	161	1
911	161	1
933	161	1
963	161	1
985	161	1
1005	161	1
1026	161	1
9	184	1
32	184	1
57	184	1
79	184	1
101	184	1
126	184	1
151	184	1
177	184	1
201	184	0
221	189	0
251	188	0
277	192	0
301	194	0
323	195	0
353	193	0
377	193	0
399	194	1
421	194	1
444	191	1
472	191	1
498	188	1
518	184	1
541	184	1
565	184	1
590	184	1
614	184	0
637	184	0
661	184	0
684	184	0
708	184	0
732	184	0
754	184	0
777	184	0
801	184	0
823	184	0
844	184	0
864	184	0
889	184	0
911	184	0
933	184	0
963	184	0
985	184	1
1005	184	1
1026	184	1
9	217	1
32	217	1
57	217	1
79	217	1
101	217	1
126	217	1
151	217	1
177	217	1
201	217	1
226	217	1
250	217	0
276	217	0
301	217	0
327	217	0
353	217	0
379	217	0
403	217	0
427	217	0
451	217	0
472	217	0
501	231	1
521	228	1
541	224	1
561	223	1
590	217	1
614	217	1
637	217	1
661	217	1
681	218	1
702	211	1
732	217	0
754	217	0
777	217	0
801	217	0
823	217	0
844	217	0
864	217	0
889	217	0
911	217	0
933	217	0
963	217	0
985	217	0
1005	217	0
1026	217	0
9	256	1
32	256	1
57	256	1
79	256	1
101	256	1
126	256	1
151	256	1
177	256	1
201	256	1
226	256	1
250	256	1
276	256	1
301	256	0
327	256	0
353	256	0
379	256	0
403	256	0
427	256	0
451	256	0
472	256	0
494	256	0
518	256	0
541	256	0
565	256	0
590	256	1
614	256	1
637	256	1
661	256	1
684	256	1
708	256	1
732	256	1
754	256	1
777	256	1
801	256	1
823	256	1
844	256	0
864	256	0
889	256	0
911	256	0
933	256	0
963	256	0
985	256	0
1005	256	0
1026	256	0
9	287	1
32	287	1
57	287	1
79	287	1
101	287	1
126	287	1
151	287	1
177	287	1
201	287	1
226	287	1
250	287	1
276	287	1
301	287	1
327	287	1
353	287	1
379	287	1
403	287	1
427	287	1
451	287	0
472	287	0
494	287	0
518	287	0
541	287	0
565	287	0
590	287	0
614	287	0
637	287	0
661	287	0
684	287	0
708	287	0
732	287	1
754	287	1
777	287	1
801	287	1
823	287	1
844	287	1
864	287	1
889	287	1
911	287	1
933	287	1
963	287	0
985	287	0
1005	287	0
1026	287	0
9	325	1
32	325	1
57	325	1
79	325	1
101	325	1
126	325	1
151	325	1
177	325	1
201	325	1
226	325	1
250	325	0
276	325	0
301	325	0
327	325	0
353	325	1
379	325	1
403	325	1
427	325	1
451	325	1
472	325	1
494	325	1
518	325	1
541	325	1
565	325	1
590	325	0
614	325	0
637	325	0
661	325	0
684	325	0
708	325	0
732	325	0
754	325	0
777	325	0
801	325	0
823	325	1
844	325	1
864	325	1
889	325	1
911	325	1
933	325	1
963	325	1
985	325	1
1005	325	1
1026	325	1
11	357	1
33	357	1
58	360	1
80	362	1
99	361	1
128	366	1
151	371	1
177	371	1
201	371	1
226	371	1
250	371	1
276	371	1
301	371	1
327	371	1
353	371	1
379	371	0
403	371	0
427	371	0
451	371	0
472	371	1
494	371	1
518	371	1
541	371	1
565	371	1
590	371	1
614	371	1
637	371	1
661	371	1
681	368	1
708	371	0
732	371	0
754	371	0
777	371	0
801	371	0
823	371	0
844	371	0
864	371	0
885	364	0
917	354	0
938	348	1
963	349	1
989	349	1
1009	349	1
1030	354	1
10	383	0
35	383	0
53	386	0
79	387	0
100	392	0
125	394	0
150	401	0
175	401	0
198	402	1
226	407	1
250	407	1
276	407	1
301	407	1
327	407	1
353	407	1
379	407	1
403	407	0
427	407	0
451	407	0
472	407	0
494	407	0
518	407	0
541	407	0
565	407	1
590	407	1
614	407	1
637	407	1
661	407	1
684	407	1
708	407	1
732	407	1
754	401	1
775	399	1
792	396	1
815	398	0
838	395	0
863	396	0
885	395	0
915	397	0
940	398	0
960	396	0
986	395	0
1006	395	0
1029	397	0
5	408	1
25	410	1
50	411	1
76	414	1
101	414	1
128	419	1
153	419	1
174	423	1
200	423	0
228	427	0
250	431	0
282	432	0
305	435	0
335	439	0
352	433	0
379	431	0
403	431	0
427	431	0
451	431	0
472	431	0
494	431	0
518	431	0
541	431	0
565	431	0
590	431	0
614	431	0
637	431	0
661	431	0
684	431	0
708	431	1
732	431	1
754	431	1
777	431	1
801	431	1
823	431	1
844	431	1
864	431	1
889	431	1
911	431	0
933	431	0
963	431	0
985	431	0
1005	431	0
1026	431	0
9	470	1
32	470	1
57	473	0
81	471	0
101	470	1
126	470	1
151	470	1
177	470	1
201	470	1
226	470	1
250	470	1
276	470	1
301	470	1
327	470	1
353	470	1
379	470	1
403	470	1
427	470	1
451	470	1
472	470	1
494	470	1
518	470	1
541	470	0
565	470	0
590	470	0
614	470	0
637	470	0
661	470	0
684	470	0
708	470	0
732	470	0
754	470	0
777	470	0
801	470	1
823	470	1
844	470	1
864	470	1
889	470	1
911	470	1
933	470	1
963	470	1
985	470	1
1005	470	1
1026	470	1
9	505	1
32	505	1
57	505	1
79	505	1
101	505	1
126	505	1
151	505	1
177	505	1
201	505	1
224	509	1
247	511	1
276	505	1
301	505	1
327	505	1
353	505	1
379	505	1
403	505	1
427	505	1
451	505	1
472	505	1
494	505	1
518	505	1
541	505	1
565	505	1
590	505	1
614	505	1
637	505	1
661	505	0
684	505	0
708	505	0
732	505	0
754	505	0
777	505	0
801	505	0
823	505	0
844	505	0
864	505	0
889	505	0
911	505	1
933	505	1
963	505	1
985	505	1
1005	505	1
1026	505	1
9	538	0
32	538	0
57	538	1
79	538	1
101	538	1
126	538	1
151	538	1
177	538	1
201	538	1
226	538	1
250	538	1
276	538	1
301	538	1
327	538	1
353	538	1
379	538	1
403	538	1
427	538	0
451	538	0
472	538	0
494	538	0
518	538	0
541	538	0
565	538	0
590	538	1
614	538	1
637	538	1
661	538	1
684	538	1
708	538	1
732	538	1
754	538	1
777	538	0
801	538	0
823	538	0
844	538	0
864	538	0
889	538	0
911	538	0
933	538	0
963	538	0
985	538	0
1005	538	0
1026	538	1
9	577	1
32	577	1
57	577	1
79	577	1
101	577	1
126	577	1
151	577	1
177	577	0
201	577	0
225	578	0
251	575	1
276	577	1
301	577	1
327	577	1
353	577	1
384	580	1
404	588	1
433	586	1
452	587	1
472	577	1
494	577	0
518	577	0
541	577	0
565	577	0
590	577	0
614	577	0
637	577	0
661	577	1
684	577	1
708	577	1
732	577	1
754	577	1
777	577	1
801	577	1
823	577	1
844	577	1
864	577	1
889	577	0
911	577	0
933	577	0
963	577	0
985	577	0
1005	577	0
1026	577	0
9	612	1
32	612	1
57	612	1
79	612	1
101	612	1
126	612	1
151	612	1
177	612	1
201	612	1
226	612	1
250	612	1
276	612	1
301	612	1
326	611	0
353	611	0
383	611	0
403	612	1
427	612	1
451	612	1
472	612	1
494	612	0
518	612	0
542	620	1
567	623	1
594	625	1
616	623	0
637	612	0
661	612	0
684	612	0
708	612	0
732	612	0
754	612	1
777	612	1
801	612	1
823	612	1
844	612	1
864	612	1
889	612	1
911	612	1
933	612	1
963	612	1
985	612	1
1005	612	0
1026	612	0
9	648	0
32	648	0
57	648	0
79	648	0
101	648	0
125	639	1
153	643	1
177	648	1
201	648	1
226	648	1
250	648	1
276	648	1
301	648	1
327	648	1
353	648	1
379	648	1
403	641	1
427	648	0
451	648	0
472	648	0
494	648	0
518	648	0
541	648	0
565	648	0
590	648	0
614	648	0
637	648	0
661	648	0
684	648	0
708	648	0
732	648	0
754	648	0
777	648	0
801	648	0
823	648	0
844	648	0
864	648	0
889	648	1
911	648	1
933	648	1
963	648	1
985	648	1
1005	648	1
1026	648	1
9	677	1
32	677	1
57	677	1
79	677	1
101	677	1
126	677	1
151	677	1
177	677	1
201	677	1
226	677	1
250	677	1
276	677	1
301	677	1
327	677	1
353	677	1
379	677	1
403	677	1
427	677	1
451	677	1
472	677	1
494	677	1
518	677	1
541	677	1
565	677	1
590	677	1
614	677	1
637	677	1
661	677	1
684	677	1
708	677	1
732	677	1
754	677	0
777	677	0
801	677	0
823	677	0
844	677	0
864	677	0
889	677	0
911	677	0
933	677	0
963	677	0
985	677	0
1005	677	1
1026	677	1
