5	13	1
31	13	1
47	13	1
75	13	1
91	13	1
112	13	1
136	13	1
161	13	0
187	13	0
200	13	0
226	11	1
256	13	1
275	13	1
305	13	1
338	13	1
367	13	1
406	13	1
427	13	1
455	13	1
485	13	0
521	13	0
540	13	0
572	13	0
590	13	0
627	13	0
651	13	0
668	13	1
696	13	1
733	13	1
749	13	1
774	13	1
808	13	1
841	13	1
857	13	1
900	13	1
931	13	1
946	13	1
983	13	1
998	13	0
1030	13	0
5	47	0
31	47	0
47	47	0
75	47	0
91	47	0
112	47	1
136	47	1
161	47	1
187	47	1
204	27	0
231	35	0
259	35	0
284	40	0
305	47	0
338	47	0
367	47	1
406	47	1
427	47	1
455	47	1
485	47	1
521	47	1
540	47	1
572	47	1
590	47	1
627	47	1
651	47	1
668	47	1
696	47	0
733	47	0
749	47	0
774	47	0
808	47	0
841	47	0
857	47	1
900	47	1
931	47	1
946	47	1
983	47	1
998	47	1
1030	47	1
5	84	0
31	84	0
47	84	0
75	84	0
91	84	0
112	84	0
136	84	0
161	84	0
187	84	0
200	84	0
218	62	1
247	69	1
276	71	1
311	72	1
343	77	1
367	84	1
406	84	0
427	84	0
455	84	0
485	84	0
521	84	0
540	84	0
572	84	1
590	84	1
627	84	1
651	84	1
668	84	1
696	84	1
733	84	1
749	84	1
774	84	1
808	84	1
841	84	1
857	84	1
900	84	0
931	84	0
946	84	0
983	84	0
998	84	0
1030	84	0
5	115	1
31	113	0
47	115	0
75	115	0
91	115	0
112	115	0
136	115	0
161	115	0
187	115	0
200	115	0
226	115	0
259	109	1
282	110	1
305	115	1
338	115	1
367	115	1
406	115	1
427	115	1
455	115	1
485	115	1
521	115	1
540	115	1
572	115	1
590	115	0
627	115	0
651	115	0
668	115	0
696	115	0
733	115	0
749	115	0
774	115	1
808	115	1
841	115	1
857	115	1
900	115	1
931	115	1
946	115	1
983	115	1
998	115	1
1030	115	1
5	146	1
31	146	1
47	146	1
75	146	1
91	146	1
112	146	1
136	146	1
161	146	1
187	146	1
200	146	1
226	146	1
256	146	1
275	146	0
305	146	0
338	146	0
367	146	0
406	146	0
427	146	0
455	146	1
485	146	1
521	146	1
540	146	1
572	146	1
590	146	1
627	146	1
651	146	1
668	146	1
696	146	1
733	146	1
749	146	1
774	146	0
808	146	0
841	146	0
857	146	0
900	146	0
931	146	0
946	146	0
986	159	1
1001	165	1
1027	163	1
7	177	0
35	175	0
53	175	0
76	174	0
96	174	0
115	175	0
140	179	0
162	181	0
191	179	1
210	180	1
231	179	1
255	180	1
275	180	1
308	179	1
338	186	1
367	189	1
406	189	1
427	189	1
455	189	1
485	189	0
521	189	0
540	189	0
572	189	0
590	189	0
627	189	0
651	189	1
668	189	1
696	189	1
733	189	1
749	189	1
774	189	1
808	189	1
841	189	1
857	189	1
900	189	1
931	189	1
946	189	1
983	189	1
998	189	0
1030	189	0
8	205	0
33	203	1
54	203	1
75	202	1
95	202	1
113	206	1
146	207	0
164	211	0
187	213	0
205	215	0
230	215	0
254	216	0
279	219	0
305	223	0
331	221	0
367	223	1
406	223	1
427	223	1
455	223	1
485	223	1
521	223	1
540	223	1
572	223	1
590	223	1
627	223	1
651	223	1
668	223	1
696	223	0
733	223	0
749	223	0
774	223	0
808	223	0
841	223	0
857	223	1
900	223	1
931	223	1
946	223	1
983	223	1
998	223	1
1030	223	1
5	263	1
31	263	1
47	263	0
75	263	0
91	263	0
120	246	1
138	243	1
162	243	1
184	243	1
207	244	1
237	243	1
260	247	1
287	252	1
314	248	1
344	249	1
376	255	0
406	263	0
427	263	0
455	263	0
485	263	0
521	263	0
540	263	0
572	263	1
590	263	1
627	263	1
651	263	1
668	263	1
696	263	1
733	263	1
749	263	1
774	263	1
808	263	1
841	263	1
857	263	1
900	263	0
931	263	0
946	263	0
983	263	0
998	263	0
1030	263	0
5	296	1
31	296	1
47	296	1
75	296	1
91	296	0
112	296	0
136	296	0
161	296	0
187	296	0
203	289	0
227	285	0
260	279	1
280	279	1
311	280	1
339	287	1
367	296	1
406	296	1
427	296	1
455	296	1
485	296	1
521	296	1
540	296	1
572	296	1
602	297	0
627	296	0
651	296	0
668	296	0
696	296	0
733	296	0
756	303	1
777	303	1
805	306	1
843	306	1
872	305	1
907	305	1
932	307	1
957	304	1
983	308	1
999	310	1
1021	309	1
5	322	0
31	322	0
47	322	0
75	322	1
91	322	1
112	322	1
136	322	1
161	322	1
187	322	1
200	322	1
226	322	1
256	322	1
275	322	0
305	322	0
338	322	0
367	322	0
406	322	0
427	322	0
455	322	1
485	322	1
525	327	1
537	327	1
573	331	1
587	330	1
635	332	1
649	331	1
667	331	1
699	335	1
730	334	1
751	334	1
772	335	1
803	331	0
829	333	0
855	337	0
893	338	0
923	339	0
951	338	1
976	337	1
999	339	1
1029	339	1
5	353	0
31	353	0
47	353	0
75	353	0
91	353	0
112	353	0
136	353	0
161	353	0
187	353	0
200	353	1
226	353	1
256	353	1
275	353	1
305	353	1
338	353	1
367	353	1
406	353	1
427	353	1
455	353	1
485	353	0
521	353	0
540	353	0
572	353	0
590	353	0
627	353	0
651	353	1
668	353	1
696	353	1
733	353	1
749	353	1
774	353	1
815	362	1
841	366	1
875	368	1
907	371	1
931	373	1
948	368	1
983	371	0
1001	373	0
1027	374	0
5	391	0
31	391	0
47	391	0
75	391	0
91	391	0
112	391	0
136	391	1
161	391	1
187	391	1
200	391	1
226	391	1
256	391	1
275	391	1
305	391	1
338	391	1
367	391	1
406	391	1
427	391	1
455	391	1
485	391	1
521	391	1
540	391	1
572	391	1
590	391	1
627	391	1
651	391	1
668	391	0
696	391	0
733	391	0
749	391	0
774	391	0
808	391	0
841	391	1
863	397	1
895	399	1
927	403	1
950	405	1
980	405	1
1003	407	1
1027	403	1
5	423	1
31	423	1
47	423	1
75	423	1
91	423	1
112	423	1
136	423	1
161	423	0
187	423	0
200	423	0
226	423	0
256	423	0
275	423	1
305	423	1
338	423	1
367	423	0
406	423	0
427	423	0
455	423	0
485	423	0
521	423	0
540	423	1
572	423	1
590	423	1
627	423	1
651	423	1
668	423	1
696	423	1
733	423	1
749	423	1
774	423	1
808	423	1
841	423	1
857	423	1
900	423	0
931	423	0
946	423	0
983	423	0
998	423	0
1030	423	0
5	449	0
31	449	0
47	449	1
75	449	1
91	449	1
112	449	1
136	449	1
161	449	0
187	449	0
200	449	0
226	449	0
256	449	0
278	438	1
307	443	1
343	446	1
367	443	1
406	449	1
427	449	1
455	449	1
485	449	1
521	449	1
540	449	1
572	449	0
590	449	0
627	449	0
655	454	0
679	453	0
703	455	0
739	460	1
762	458	1
783	463	1
814	457	1
839	462	1
871	465	1
903	464	1
929	465	1
954	470	1
975	470	1
1000	471	1
1025	471	1
5	494	0
31	494	0
47	494	0
75	494	0
91	494	0
112	494	0
136	494	1
161	494	0
187	494	0
200	494	0
226	494	0
256	494	0
275	494	0
305	494	0
338	494	0
367	494	0
406	494	0
433	479	1
458	482	1
491	485	1
521	486	1
544	492	1
572	494	1
590	494	1
627	494	1
651	494	1
668	494	1
699	499	1
727	499	1
748	503	1
774	494	0
808	494	0
841	494	0
857	494	0
896	497	0
925	500	1
951	502	1
975	499	1
999	501	1
1030	500	1
7	521	0
28	519	0
44	519	0
69	521	0
87	520	0
115	519	0
136	520	1
159	519	0
191	516	1
203	519	1
231	519	1
259	517	1
279	517	1
307	515	1
343	521	1
376	523	1
401	522	1
427	524	1
467	519	0
495	523	0
519	527	0
540	533	0
572	533	0
590	533	0
627	533	1
651	533	1
668	533	1
696	533	1
733	533	1
749	533	1
774	533	1
808	533	1
841	533	1
857	533	1
900	533	1
931	533	1
946	533	1
983	533	0
998	533	0
1030	533	0
5	564	1
31	564	1
47	564	1
67	560	1
91	564	0
112	564	0
136	564	1
161	564	1
187	564	1
200	564	1
226	564	1
251	569	1
277	574	1
302	571	1
338	564	0
365	559	1
403	555	1
431	555	1
460	555	1
490	556	1
521	564	1
540	564	1
572	564	1
590	564	1
627	564	1
651	564	0
668	564	0
696	564	0
733	564	0
749	564	0
774	564	0
808	564	0
841	564	1
857	564	1
900	564	1
931	564	1
946	564	1
983	564	1
998	564	1
1030	564	1
4	625	0
28	622	1
47	620	1
67	616	1
92	611	1
112	603	1
137	601	1
164	604	0
187	606	0
209	606	0
226	611	0
253	603	0
279	593	0
311	590	0
341	588	0
371	587	0
410	591	0
434	595	0
458	602	0
487	596	0
528	605	1
551	607	1
572	611	1
590	611	1
627	611	1
651	611	1
668	611	1
696	611	1
733	611	1
749	611	1
774	611	1
808	611	1
841	611	1
857	611	1
900	611	0
931	611	0
946	611	0
983	611	0
998	611	0
1030	611	0
6	648	0
30	647	0
50	648	0
73	643	0
91	640	0
112	640	1
136	640	1
161	634	0
180	629	0
195	630	0
221	631	0
254	624	0
279	620	1
302	619	1
341	619	1
370	620	1
403	624	1
431	628	1
457	632	1
484	634	1
521	640	1
540	640	1
572	643	0
590	640	0
627	640	0
650	638	0
667	641	0
696	640	0
733	640	1
749	640	1
774	640	1
808	640	1
841	640	1
857	640	1
900	640	1
931	640	1
946	640	1
983	640	1
998	640	1
1030	640	1
5	667	0
31	667	0
47	667	0
75	667	0
91	667	0
112	667	0
136	667	1
161	667	1
187	667	1
200	667	1
226	667	0
256	667	0
275	667	0
305	667	0
338	667	0
367	667	0
406	667	0
427	662	1
455	667	1
485	667	1
521	667	1
540	667	1
572	667	1
590	667	1
627	667	1
651	667	1
668	667	1
696	667	1
733	667	1
749	667	1
774	667	0
808	667	0
841	667	0
857	667	0
900	667	0
931	667	1
946	667	1
983	667	1
998	667	1
1030	667	1
