14	18	1
40	18	1
66	18	1
93	18	1
113	18	1
137	18	1
160	18	1
187	18	0
213	18	0
232	18	0
257	18	0
285	16	1
299	14	1
326	14	1
357	18	0
379	18	1
404	18	1
437	18	1
470	18	1
502	18	1
524	18	1
548	18	1
576	18	1
602	18	1
628	18	0
663	18	0
692	18	0
712	18	0
732	18	1
760	18	1
797	18	1
836	18	1
871	18	1
896	18	1
924	18	1
941	18	1
971	18	0
1006	18	0
1031	18	0
14	41	1
40	41	1
66	41	1
93	41	1
113	41	1
137	41	1
160	41	1
187	41	1
213	41	1
232	41	1
257	41	0
280	41	0
299	41	0
324	41	0
357	41	0
379	41	0
404	41	0
437	41	1
470	41	1
502	41	1
524	41	1
548	41	1
576	41	1
602	41	1
628	41	1
663	41	0
692	41	0
712	41	0
732	41	0
760	41	0
796	40	1
837	38	1
871	41	1
896	41	1
924	41	1
941	41	1
971	41	1
1006	41	1
1031	41	1
14	67	0
40	67	0
66	67	0
93	67	1
113	67	1
137	67	1
160	67	1
187	67	1
213	67	1
232	67	1
257	67	1
280	67	1
299	67	1
324	67	1
357	67	1
379	67	1
404	67	0
437	67	0
470	67	0
502	67	0
525	68	0
548	70	0
576	67	1
602	67	1
628	67	1
663	67	1
692	67	1
712	67	1
732	67	1
760	67	0
797	67	0
836	67	0
871	67	0
896	68	0
924	67	1
941	67	1
971	67	1
1006	67	1
1031	67	1
14	85	1
42	87	0
66	85	0
93	85	0
113	85	0
137	85	0
160	85	1
187	85	1
213	85	0
232	85	1
257	85	1
280	85	1
299	85	1
324	85	1
357	85	1
379	85	1
404	85	1
437	85	1
470	85	0
502	85	0
524	85	0
548	85	0
576	85	1
602	85	1
628	85	1
663	85	1
692	85	1
712	85	1
732	85	1
760	85	1
797	85	1
836	87	0
871	85	0
896	85	0
921	87	0
941	85	0
972	96	1
1006	85	1
1031	85	1
14	106	1
40	106	1
66	106	1
93	106	1
113	106	0
133	107	0
163	104	0
187	106	0
213	106	0
232	109	0
256	108	0
279	108	0
299	106	1
324	106	1
357	106	1
379	106	1
404	106	1
437	106	1
470	106	1
502	106	1
524	106	0
552	107	0
576	106	0
602	106	0
628	106	1
663	106	1
692	106	1
712	106	1
732	106	1
760	106	1
797	106	1
836	106	1
870	106	0
890	106	0
924	106	0
941	106	0
972	115	0
1006	106	0
1031	106	0
14	131	1
40	131	1
66	131	1
93	131	1
113	131	1
137	131	1
160	131	1
189	129	0
215	130	0
230	130	0
257	131	0
280	131	0
299	131	0
324	131	0
357	131	1
379	131	1
404	131	1
437	131	1
470	131	1
502	131	1
524	131	1
548	131	1
576	131	1
602	131	0
628	131	0
663	131	0
692	131	1
712	131	1
732	131	1
760	131	0
797	131	1
836	131	1
871	131	1
896	131	1
924	131	1
941	131	1
971	131	1
1006	131	0
1031	131	0
14	153	1
40	153	1
66	153	1
93	153	1
113	153	1
137	153	1
160	153	1
187	153	1
213	153	1
232	153	1
257	153	1
280	153	1
299	153	1
324	153	0
357	153	0
379	153	0
404	153	0
437	153	1
470	153	1
502	153	1
524	153	1
548	153	1
576	153	1
602	153	1
628	153	1
663	153	1
692	153	1
712	153	1
732	153	0
760	153	0
797	153	0
836	155	0
871	153	1
896	153	1
924	153	1
941	153	1
971	153	1
1006	153	1
1031	153	1
14	177	0
40	177	0
66	177	0
93	177	1
113	177	0
137	177	0
160	177	1
187	177	1
213	177	1
232	177	1
257	177	1
280	177	1
299	177	1
324	177	1
357	177	1
379	177	1
404	177	1
437	177	1
470	177	0
502	177	0
524	177	0
548	177	1
576	177	1
602	177	1
628	177	1
663	177	1
692	177	1
712	177	1
732	177	1
760	177	1
797	177	0
835	177	0
871	177	0
896	177	1
924	177	1
941	177	1
971	177	1
1006	177	1
1031	177	1
14	198	1
40	198	1
66	198	1
96	198	0
113	198	0
133	199	0
160	198	0
187	198	0
216	201	0
229	200	0
257	198	0
280	198	1
299	198	1
324	198	1
357	198	1
379	198	1
404	198	1
437	198	1
470	198	1
502	198	0
524	198	0
548	198	0
576	198	0
602	198	0
628	198	1
663	198	1
692	198	1
712	198	1
732	198	1
760	198	1
797	198	1
836	198	1
871	198	0
896	198	0
924	198	0
940	202	0
968	200	0
1006	198	1
1031	198	1
14	218	1
40	218	1
66	218	1
93	218	1
113	218	1
137	218	1
164	217	0
184	219	0
213	218	0
232	218	0
256	218	0
279	218	0
295	218	0
324	218	0
357	218	1
379	218	1
404	218	1
437	218	1
470	218	1
502	218	1
524	218	1
548	218	1
576	218	1
602	218	1
628	218	1
663	218	0
692	218	1
712	218	1
732	218	1
760	218	1
797	218	1
836	218	1
871	218	1
896	218	1
924	218	1
941	218	1
971	218	1
1006	218	0
1031	218	1
14	244	1
40	244	1
66	244	1
93	244	1
113	244	1
137	244	1
160	244	1
187	244	1
213	244	1
232	244	1
257	244	1
280	244	1
299	244	1
324	244	1
357	244	1
379	244	0
404	244	0
437	244	0
470	246	0
502	244	1
524	244	1
548	244	1
576	244	1
602	244	1
628	244	1
663	244	1
692	244	1
712	244	1
732	244	1
760	244	1
797	244	0
836	244	1
871	244	1
896	244	1
924	244	1
941	244	1
971	244	1
1006	244	1
1028	242	0
14	267	0
40	267	0
66	267	0
93	267	0
113	267	0
137	267	1
160	267	1
187	267	0
213	267	1
232	267	1
257	267	1
280	267	1
299	267	1
324	267	1
357	267	1
379	267	1
404	267	1
437	267	0
470	267	0
502	267	0
524	267	0
548	268	0
576	267	1
602	267	1
628	267	1
663	267	1
692	267	1
712	267	1
732	267	1
760	267	1
797	267	1
836	267	1
871	267	0
896	267	1
924	267	1
941	267	1
971	267	1
1006	267	1
1031	267	1
14	292	1
40	292	1
66	292	1
93	292	1
113	292	1
137	292	1
160	292	0
187	292	0
213	292	0
236	290	1
260	289	0
277	290	0
294	290	0
327	294	0
357	292	0
379	292	1
404	292	1
437	292	0
470	292	1
502	292	1
524	292	1
550	286	0
574	286	0
598	285	0
627	286	1
664	293	0
692	292	1
712	292	1
732	292	1
760	292	1
797	292	1
836	292	1
871	292	1
899	289	0
924	292	0
941	292	0
971	292	1
1006	292	1
1031	292	1
14	313	1
40	313	1
66	313	1
93	313	1
113	313	1
137	313	1
160	313	1
187	313	1
213	313	0
232	313	0
257	313	1
280	313	1
299	313	1
324	313	1
357	313	1
379	313	0
404	313	0
437	313	0
470	313	1
502	313	1
524	313	1
548	313	1
576	313	1
602	313	1
628	313	1
663	313	1
695	316	0
712	313	0
732	313	0
760	313	1
797	313	1
836	313	1
871	313	1
896	313	1
924	313	1
941	313	1
971	313	1
1006	313	0
1031	313	1
14	330	1
40	330	1
66	330	1
93	330	1
113	330	1
137	330	1
160	330	1
187	330	1
213	330	1
232	330	1
263	330	0
280	330	0
299	330	0
322	330	0
352	328	1
379	330	0
404	330	0
437	330	0
470	330	0
502	330	1
524	330	1
548	330	1
576	330	1
602	330	1
628	330	1
663	330	1
693	329	0
712	330	0
732	330	0
760	330	1
797	330	1
836	330	0
871	330	0
896	330	1
924	330	1
941	330	1
971	330	1
1006	330	1
1031	330	1
14	354	1
40	354	1
66	354	1
93	354	1
113	354	1
137	362	0
160	362	0
187	354	1
213	354	1
232	354	1
257	354	1
280	354	1
299	354	1
328	353	0
357	354	0
379	354	0
404	354	0
437	354	0
470	354	0
502	354	1
524	354	1
548	354	1
576	354	0
602	354	1
628	354	1
663	354	1
692	354	1
712	354	1
732	354	1
760	354	0
797	354	0
836	354	1
871	354	1
896	354	0
926	354	0
941	354	0
971	354	1
1006	354	1
1031	354	1
14	381	0
38	382	0
59	377	1
93	376	1
119	388	1
146	386	1
166	389	1
190	383	0
213	381	0
232	381	0
257	381	0
280	381	1
299	381	1
324	381	1
357	381	1
379	381	0
404	381	0
437	381	0
470	381	1
502	381	1
524	381	0
548	381	0
576	381	1
602	381	0
628	381	0
663	381	1
692	381	1
712	381	1
732	381	1
760	381	1
797	381	0
836	381	0
871	381	0
896	381	1
924	381	1
941	381	1
976	381	0
1006	381	0
1031	381	0
14	411	0
40	411	1
66	411	0
93	411	0
113	411	0
137	411	0
160	411	0
187	411	1
213	411	1
232	411	1
257	411	0
280	411	0
299	411	0
324	411	1
357	411	1
379	411	1
404	411	1
437	411	0
466	418	1
502	411	0
524	411	0
548	411	0
576	411	0
602	411	0
620	412	1
656	410	1
692	411	0
714	412	0
732	411	0
760	411	1
797	411	1
825	406	1
871	411	0
896	411	0
924	411	0
941	411	0
971	411	1
1006	411	1
1031	411	0
14	443	0
40	443	0
66	443	0
96	444	1
119	442	1
137	443	0
160	443	0
187	443	1
213	443	0
232	443	0
257	443	0
280	443	0
299	443	0
324	443	0
357	443	0
379	443	0
404	443	0
432	438	1
470	443	0
494	446	1
518	444	1
540	443	1
576	443	0
602	443	0
628	443	0
663	443	0
691	445	0
712	443	1
732	443	0
760	443	0
797	443	0
840	441	1
877	441	1
901	439	1
928	442	0
949	442	0
971	443	0
1006	443	0
1031	443	1
14	469	1
40	469	0
66	469	0
93	469	0
113	469	0
137	469	0
155	468	0
187	469	1
213	469	0
232	469	0
257	469	1
280	469	1
299	469	1
324	469	1
357	469	0
379	469	0
404	469	0
437	469	1
470	469	0
502	469	0
524	469	0
548	469	0
576	469	0
602	469	1
628	469	0
663	469	0
692	469	0
712	469	0
732	469	0
760	469	1
797	469	0
836	469	0
871	469	0
896	469	0
924	469	1
952	470	1
973	468	0
1006	469	0
1031	469	0
8	495	0
40	493	0
66	493	1
93	493	0
113	493	0
137	493	0
160	493	0
187	493	0
213	493	0
232	493	0
257	493	1
280	493	1
304	494	1
324	493	1
357	493	1
379	493	1
404	493	0
437	493	0
470	493	1
502	493	1
524	493	0
548	493	0
576	493	0
602	493	0
628	493	0
663	493	1
692	493	0
712	493	0
732	493	0
760	493	0
797	493	0
836	493	1
871	493	0
896	493	0
924	493	0
941	493	0
971	493	0
1006	493	1
1031	493	1
14	517	0
40	517	1
66	517	1
93	517	0
113	517	0
137	517	1
160	517	0
187	517	0
213	517	0
232	517	0
257	517	0
280	517	1
299	517	1
324	517	1
357	517	1
379	517	1
404	517	1
437	517	0
470	517	0
502	517	0
524	517	1
548	517	1
568	521	1
602	517	0
628	517	0
663	517	0
692	517	0
712	517	0
732	517	1
760	517	0
797	517	0
836	517	0
871	517	0
896	517	1
924	517	1
941	517	0
971	517	0
1006	517	0
1031	517	0
14	541	1
40	541	1
66	541	0
93	541	0
113	541	0
137	541	0
160	541	0
187	541	0
213	541	0
232	541	0
253	549	1
280	546	1
299	541	1
324	541	1
357	541	1
379	541	0
404	541	0
424	545	1
458	539	1
502	541	0
524	541	0
548	541	0
576	541	0
602	541	0
628	541	1
663	541	0
693	538	0
712	541	0
732	541	0
760	541	0
797	541	1
836	541	0
871	541	0
896	541	0
924	541	0
941	541	0
971	541	1
1006	541	0
1031	541	0
14	565	0
40	565	0
66	565	0
93	565	1
116	564	0
137	565	0
160	565	1
187	565	0
213	565	0
232	565	0
255	566	0
281	566	0
299	565	1
324	565	1
357	565	1
379	565	0
404	565	0
437	565	0
470	565	0
488	564	1
519	563	1
548	565	0
576	565	0
602	565	0
628	565	0
663	565	0
687	566	1
712	565	1
732	565	0
760	565	0
797	565	0
836	565	0
871	565	1
896	565	0
924	565	0
941	565	0
971	565	0
1006	565	0
1031	565	0
14	591	0
40	591	0
66	591	0
93	591	0
113	591	0
137	591	0
160	591	1
187	591	0
213	591	0
232	591	1
257	591	0
280	591	0
299	591	0
324	591	0
357	591	0
379	591	1
404	591	1
437	591	0
470	591	0
502	591	0
524	591	0
548	591	0
576	591	0
602	591	0
628	591	0
665	588	0
692	591	0
712	591	0
732	591	1
760	591	1
797	591	0
834	592	0
871	591	0
896	591	0
924	591	1
941	591	1
971	591	0
1006	591	0
1031	591	0
14	615	0
40	615	1
66	615	1
93	615	0
116	614	0
143	614	0
160	615	0
187	615	0
213	615	0
232	615	0
257	615	0
280	615	1
299	615	1
324	615	0
357	615	1
379	615	1
404	615	0
437	615	0
470	615	1
502	615	0
524	615	0
548	615	0
576	615	0
602	615	0
633	612	1
660	610	1
692	615	0
712	615	0
732	615	0
760	615	0
797	615	0
836	615	1
871	615	0
896	615	0
924	615	0
941	615	0
971	615	0
1006	615	1
1031	615	0
14	636	1
40	636	0
66	636	0
93	636	1
113	636	1
137	636	1
160	636	0
187	636	1
213	636	0
232	636	0
257	636	0
280	636	0
299	636	0
324	636	0
357	636	1
379	636	1
404	636	0
437	636	0
470	636	0
502	636	0
524	636	0
548	636	0
576	636	0
602	636	0
628	636	0
663	636	0
692	636	1
712	636	1
732	636	0
760	636	0
797	636	0
836	636	0
871	636	0
896	636	1
924	636	0
941	636	0
971	636	0
1006	636	1
1031	636	0
14	656	1
40	656	0
66	656	0
93	656	0
113	656	0
137	656	0
160	656	0
187	656	1
213	656	0
232	656	0
257	656	1
280	656	0
299	656	0
324	656	0
357	656	0
379	656	0
404	656	1
437	656	1
470	656	0
502	656	0
524	656	0
548	656	0
576	656	0
602	656	1
628	656	0
663	656	0
692	654	0
712	656	0
732	656	0
760	656	0
797	656	1
836	656	0
871	656	0
896	656	0
924	656	0
941	656	0
971	656	1
1006	656	0
1031	656	0
14	677	0
40	677	0
66	677	1
93	677	1
113	677	0
137	677	0
158	682	1
187	677	0
213	677	0
232	677	0
257	677	1
282	677	0
299	677	0
324	682	1
357	677	0
379	677	0
404	677	1
436	678	0
470	677	0
502	677	1
524	677	0
548	677	0
576	677	0
602	677	0
628	677	0
663	677	1
692	677	1
712	677	0
732	677	0
760	677	0
797	677	0
836	677	0
871	677	0
896	677	0
924	677	0
941	677	0
971	677	1
1006	677	0
1031	677	0
