11	13	1
32	13	1
54	13	1
76	13	1
98	13	1
120	13	1
142	13	1
165	13	1
188	13	0
210	13	0
236	13	0
259	13	0
282	13	0
306	13	0
329	13	0
352	13	1
375	13	1
396	12	1
420	12	0
446	11	0
473	13	0
494	13	0
519	13	0
542	13	0
565	13	0
588	13	0
612	13	0
635	13	1
658	13	1
682	13	1
705	13	1
728	13	1
753	13	1
779	13	1
801	13	0
823	13	0
847	13	0
871	13	0
896	13	0
920	13	1
942	13	1
964	13	1
984	13	1
1008	13	1
1029	13	1
12	37	0
29	38	0
51	41	0
76	33	1
98	33	1
120	33	1
142	33	1
165	33	1
188	33	0
210	33	0
236	33	0
259	33	0
282	33	0
306	33	0
329	33	0
352	33	0
375	33	1
399	33	1
424	33	1
449	33	1
475	33	0
494	33	0
520	31	0
542	33	0
565	33	0
588	33	0
612	33	0
635	33	1
658	33	1
682	33	1
705	33	1
728	33	1
753	33	1
779	33	1
801	33	1
823	33	1
847	33	1
871	33	0
896	33	0
920	33	0
942	33	0
964	33	0
984	33	1
1008	33	1
1029	33	1
11	58	0
32	58	0
54	58	0
76	58	0
98	58	0
119	60	0
142	58	0
165	58	0
188	58	0
210	58	1
236	58	1
259	58	1
282	58	0
306	58	0
329	58	0
352	58	0
375	58	0
399	58	0
424	58	0
449	58	1
473	58	1
494	58	1
519	58	1
542	58	0
565	58	0
588	58	0
611	55	0
637	56	0
658	58	0
682	58	0
705	58	0
728	58	0
753	58	0
779	58	1
801	58	1
823	58	1
847	58	1
871	58	1
896	58	1
920	58	1
942	58	0
964	58	0
984	58	0
1008	58	0
1029	58	1
11	82	1
32	82	1
54	82	1
76	82	0
98	82	0
120	82	0
142	82	0
165	82	0
188	82	0
210	82	0
236	82	0
259	82	1
282	82	1
306	82	1
329	82	0
352	82	0
375	82	0
399	82	0
424	82	0
449	82	0
473	82	0
494	82	0
519	82	1
542	82	1
565	82	1
588	82	1
612	82	1
635	82	1
658	82	0
682	82	0
705	82	0
728	82	0
753	82	0
779	82	0
801	82	0
823	82	1
847	82	1
871	82	1
896	82	1
920	82	1
942	82	1
964	82	1
984	82	1
1008	82	0
1029	82	0
11	115	1
32	115	1
54	115	1
76	115	1
98	115	1
120	115	0
142	115	0
165	115	0
188	115	0
210	115	0
236	115	0
259	115	0
282	115	0
306	115	1
329	115	1
352	115	1
375	115	1
399	115	1
424	115	1
449	115	1
473	115	0
494	115	0
519	115	0
542	115	0
565	115	0
588	115	1
612	115	1
635	115	1
658	115	1
682	115	1
705	115	1
728	115	1
753	115	0
779	115	0
801	115	0
823	115	0
847	115	0
871	115	0
896	115	1
920	115	1
942	115	1
964	115	1
984	115	1
1008	115	1
1029	115	1
13	142	0
32	138	1
54	138	1
76	138	1
98	138	1
120	138	1
142	138	1
168	139	1
188	138	1
210	138	1
236	138	1
259	138	0
282	138	0
306	138	0
329	138	0
352	138	0
375	138	1
399	138	1
424	138	1
449	138	1
473	138	1
494	138	0
519	138	0
542	138	0
565	138	0
588	138	0
612	138	0
635	138	1
658	138	1
682	138	1
705	138	1
728	138	1
753	138	1
779	138	1
801	138	1
823	138	0
847	138	0
871	138	0
896	138	0
920	138	1
942	138	1
964	138	1
984	138	1
1008	138	1
1029	138	1
11	158	1
32	158	0
54	158	0
76	158	0
98	158	0
120	158	0
142	158	0
165	158	1
188	158	1
210	158	1
236	158	1
259	158	0
282	158	0
306	158	0
329	158	0
352	158	0
375	158	0
399	158	0
424	158	0
449	158	1
473	158	1
494	158	1
519	158	0
542	158	0
565	158	0
588	158	0
612	158	0
635	158	0
658	158	0
682	158	1
705	158	1
728	158	1
753	158	1
779	158	1
801	158	1
823	158	1
847	158	1
871	158	0
896	158	0
920	158	0
942	158	0
964	158	1
984	158	1
1008	158	1
1029	158	0
11	178	1
32	178	1
54	178	1
76	178	1
98	178	1
120	178	0
142	178	0
165	178	0
188	178	0
210	178	0
236	178	1
259	178	1
282	178	1
306	178	1
329	178	0
352	178	0
375	178	0
399	178	0
424	178	0
449	178	1
473	178	1
494	178	1
519	178	1
542	178	1
565	178	1
588	178	0
612	178	0
635	178	0
658	178	0
682	178	0
705	178	0
728	178	0
753	178	1
779	178	1
801	178	1
823	178	1
847	178	1
871	178	1
896	178	1
920	178	1
942	178	0
964	178	0
984	178	0
1008	178	0
1029	178	0
11	198	0
32	198	0
54	198	0
76	198	0
98	198	0
120	198	1
142	198	1
165	198	0
188	198	0
210	198	0
236	198	0
259	198	0
282	198	1
306	198	1
329	198	1
352	198	1
375	198	1
399	198	0
424	198	0
449	198	0
473	198	1
494	198	1
519	198	1
542	198	1
565	198	1
588	198	1
612	198	0
637	198	0
658	198	0
682	198	0
705	198	0
728	198	0
753	198	0
779	198	0
801	198	1
823	198	1
847	198	1
871	198	1
896	198	1
920	198	1
942	198	1
964	198	1
984	198	1
1008	198	1
1029	198	1
11	222	1
32	222	1
54	222	1
76	222	0
98	222	1
120	222	1
142	222	1
165	222	0
188	222	0
210	222	0
236	222	0
259	222	0
282	222	1
306	222	1
329	222	1
352	222	1
375	222	1
399	222	1
424	222	1
449	222	0
473	222	0
494	222	0
519	222	0
542	222	0
565	222	1
588	222	1
612	222	1
635	222	1
658	222	1
682	222	1
704	220	0
726	221	0
749	221	0
779	222	0
801	222	0
823	222	0
847	222	1
871	222	1
896	222	1
920	222	1
942	222	1
964	222	1
984	222	1
1008	222	1
1029	222	1
11	246	0
32	246	0
54	246	1
76	246	1
98	246	1
120	246	1
142	246	1
165	246	0
188	246	1
210	246	1
236	246	0
259	246	0
282	246	0
306	246	0
329	246	0
352	246	1
375	246	1
399	246	1
424	246	1
449	246	0
473	246	0
494	246	0
519	246	0
542	246	0
565	246	0
588	246	0
612	246	0
635	246	1
658	246	1
682	246	1
705	246	1
728	246	1
753	246	1
781	242	0
802	243	0
824	244	0
847	246	0
871	246	0
896	246	0
920	246	1
942	246	0
964	246	0
984	246	0
1008	246	0
1029	246	0
11	265	1
32	265	1
54	265	0
76	265	0
98	265	0
120	265	0
142	265	0
165	265	0
188	265	1
210	265	1
236	265	0
258	265	0
282	265	0
306	265	0
329	265	0
352	265	0
375	265	0
399	265	0
424	265	1
449	265	1
473	265	1
494	265	1
519	265	1
542	265	1
565	265	0
588	265	0
612	265	0
635	265	0
658	265	0
682	265	1
705	265	1
728	265	1
753	265	1
779	265	1
801	265	1
823	265	1
847	265	1
871	265	0
896	265	0
920	265	0
942	265	0
964	265	0
984	265	0
1008	265	0
1029	265	0
11	288	1
32	288	1
54	288	1
76	288	1
98	288	1
120	288	1
142	288	0
165	288	0
188	288	0
210	288	0
236	288	1
259	288	1
282	288	0
306	288	0
329	288	0
352	288	0
375	288	0
399	288	0
424	288	0
449	288	0
473	288	1
494	288	1
519	288	1
542	288	1
565	288	1
588	288	1
612	288	0
635	288	0
658	288	0
682	288	0
705	288	0
728	288	0
753	288	1
779	288	1
801	288	1
823	288	1
847	288	1
871	288	1
896	288	0
920	288	0
942	288	0
964	288	0
984	288	0
1008	288	0
1029	288	0
11	318	1
32	318	0
54	318	0
76	318	0
98	318	0
120	318	1
142	318	1
165	318	1
188	318	1
210	318	0
236	318	0
259	318	0
282	318	1
306	318	1
329	318	1
352	318	0
375	318	0
399	318	0
424	318	0
449	318	0
473	318	0
494	318	0
519	318	0
542	318	1
565	318	1
588	318	1
612	318	1
635	318	1
658	318	0
682	318	0
705	318	0
728	318	0
753	318	0
779	318	1
801	318	1
823	318	1
847	318	1
871	318	1
896	318	1
920	318	1
942	318	1
964	318	0
984	318	0
1008	318	0
1029	318	0
11	342	1
32	342	1
54	342	1
76	342	1
98	342	1
119	339	0
146	342	0
165	342	0
188	342	0
210	342	0
236	342	0
259	342	0
282	342	1
306	342	1
329	342	1
352	342	1
375	342	1
399	342	1
424	342	0
449	342	0
473	342	0
494	342	0
519	342	0
542	342	1
565	342	1
588	342	1
612	342	1
635	342	1
658	342	1
682	342	1
705	342	1
728	342	1
753	342	0
779	342	0
801	342	0
822	343	0
847	342	0
871	342	0
896	342	0
920	342	0
942	342	0
964	342	0
984	342	0
1008	342	1
1029	342	0
11	362	0
32	362	0
54	362	0
76	362	1
98	362	1
120	362	1
142	362	1
165	362	1
188	362	1
210	362	0
236	362	0
259	362	0
282	362	0
306	362	0
329	362	0
352	362	1
375	362	1
399	362	1
424	362	0
449	362	0
473	362	0
494	362	0
519	362	0
542	362	0
565	362	0
588	362	1
612	362	1
635	362	1
658	362	1
682	362	1
705	362	1
728	362	1
753	362	1
779	362	1
801	362	0
823	362	0
847	362	0
871	362	0
896	362	0
920	362	0
942	362	0
964	362	0
984	362	0
1009	366	0
1029	362	0
11	384	1
32	384	1
54	384	1
76	384	1
100	386	0
120	384	0
142	384	0
165	384	0
188	384	0
210	384	1
236	384	1
259	384	1
282	384	0
306	384	0
329	384	0
352	384	0
375	384	0
399	384	1
424	384	1
449	384	1
473	384	1
494	384	0
519	384	0
542	384	0
565	384	0
588	384	0
612	384	0
635	384	0
658	384	0
682	384	1
705	384	1
728	384	1
753	384	1
779	384	1
801	384	1
823	384	1
847	384	0
871	384	0
896	384	0
920	384	0
942	384	0
964	384	0
984	384	0
1008	384	0
1029	384	0
11	410	0
32	410	1
54	410	1
76	410	1
98	410	1
120	410	1
142	410	1
165	410	0
188	410	1
210	410	1
236	410	1
259	410	1
282	410	0
306	410	0
329	410	0
352	410	0
375	410	0
399	410	0
424	410	0
449	410	1
473	410	1
494	410	1
519	410	1
542	410	0
565	410	0
588	410	0
612	410	0
635	410	0
658	410	0
682	410	0
705	410	0
728	410	1
753	410	1
779	410	1
801	410	1
823	410	1
847	410	1
871	410	0
896	410	0
920	410	0
942	410	0
964	410	0
984	410	0
1008	410	0
1029	410	0
11	435	1
32	435	1
54	435	1
76	435	1
98	435	1
120	435	1
142	435	1
165	435	1
188	435	1
210	435	1
236	435	1
259	435	0
282	435	0
306	435	1
329	435	1
352	435	1
375	435	0
399	435	0
424	435	0
449	435	0
473	435	1
494	435	1
519	435	1
542	435	1
565	435	1
588	435	1
612	435	1
635	435	1
658	435	0
682	435	0
705	435	0
728	435	0
753	435	0
779	435	1
801	435	1
823	435	1
847	435	1
871	435	1
896	435	1
920	435	0
942	435	0
964	435	0
984	435	0
1008	435	0
1029	435	0
11	454	1
32	454	1
54	454	1
76	454	1
98	454	1
120	454	1
140	453	0
165	454	0
192	453	0
210	454	0
236	454	0
259	454	0
282	454	1
306	454	1
329	454	1
352	454	1
375	454	0
399	454	0
424	454	0
449	454	0
473	454	0
494	454	0
519	454	0
542	454	1
565	454	1
588	454	1
612	454	1
635	454	1
658	454	0
681	454	0
705	454	0
728	454	0
753	454	0
779	454	0
801	454	0
823	454	0
847	454	1
871	454	1
896	454	1
920	454	0
942	454	0
964	454	0
986	457	0
1008	454	0
1029	454	0
11	474	1
32	474	1
56	472	0
76	474	0
98	474	1
120	474	1
142	474	1
165	474	1
188	474	1
210	474	0
236	474	0
259	474	0
282	474	1
306	474	1
329	474	1
352	474	1
375	474	0
399	474	0
424	474	1
449	474	0
473	474	0
494	474	0
519	474	0
542	474	0
565	474	0
588	474	0
612	474	1
635	474	1
658	474	1
682	474	1
705	474	1
728	474	1
753	474	1
779	474	0
801	474	0
823	474	0
847	474	1
871	474	1
896	474	1
920	474	0
942	474	0
968	478	1
992	475	1
1008	474	0
1029	474	0
11	498	1
32	498	1
54	498	1
76	498	1
98	498	1
120	498	0
142	498	0
165	498	0
188	498	0
210	498	0
236	498	0
259	498	1
282	498	1
306	498	0
329	498	0
352	498	0
375	498	0
399	498	0
424	498	1
449	498	0
473	498	0
494	498	0
519	498	0
542	498	0
565	498	0
588	498	0
612	498	0
635	498	0
658	498	1
682	498	1
705	498	1
728	498	1
753	498	1
779	498	1
801	498	0
823	498	0
847	498	0
871	498	0
896	498	0
920	498	0
942	498	0
964	498	0
984	498	0
1008	498	0
1029	498	0
11	524	0
32	522	0
55	522	0
76	524	1
98	524	1
120	524	1
142	524	1
165	524	1
188	524	1
210	524	0
236	524	1
259	524	1
282	524	1
306	524	0
329	524	0
352	524	0
375	524	0
399	524	0
424	524	0
449	524	0
479	523	1
499	527	1
519	524	0
542	524	0
565	524	0
588	524	0
612	524	0
635	524	0
658	524	1
682	524	1
705	524	0
728	524	1
753	524	1
779	524	1
801	524	1
823	524	1
847	524	1
871	524	0
896	524	0
920	524	0
942	524	0
964	524	0
984	524	0
1008	524	0
1029	524	0
11	547	1
32	547	1
54	547	1
75	546	0
98	546	0
117	545	0
142	547	0
165	547	1
188	547	1
210	547	1
236	547	1
259	547	1
282	547	0
306	547	0
329	547	1
352	547	0
375	547	0
399	547	0
424	547	0
449	547	0
473	547	0
493	549	0
519	547	1
542	547	1
565	547	1
588	547	0
612	547	0
635	547	0
658	547	0
682	547	0
705	547	0
728	548	0
753	547	0
779	547	1
801	547	1
823	547	1
847	547	1
871	547	0
896	547	0
920	547	0
942	547	0
964	547	0
984	547	0
1008	547	0
1029	547	0
11	569	1
32	569	1
54	569	1
76	569	1
98	569	1
120	569	1
142	569	1
165	569	0
188	569	0
210	569	0
236	569	0
259	569	0
282	569	0
306	569	1
329	569	1
352	569	0
375	569	0
399	569	0
424	569	0
449	569	0
473	569	0
494	569	0
519	569	1
542	569	1
565	569	1
588	571	1
612	569	1
635	569	1
658	569	1
682	569	0
705	569	0
728	569	0
753	569	0
778	572	0
803	570	0
823	569	0
847	569	0
871	569	0
896	569	0
920	569	0
942	569	0
964	569	0
984	569	0
1008	569	0
1029	569	0
11	588	1
32	588	1
54	588	1
73	590	0
98	592	0
116	590	0
142	588	1
165	588	1
188	588	1
210	588	1
236	588	1
259	588	0
282	588	0
306	588	1
329	588	1
352	588	0
375	588	0
399	602	1
424	588	0
449	588	0
473	588	0
494	588	0
519	588	0
542	588	0
565	588	0
588	588	1
612	588	1
635	588	1
658	588	1
682	588	1
705	588	1
728	588	1
753	588	1
779	588	0
801	588	0
823	588	0
847	588	0
873	592	1
896	588	0
920	588	0
942	588	0
964	588	0
984	588	0
1008	588	0
1029	588	0
11	615	1
32	615	1
54	615	1
76	615	1
98	615	1
120	615	1
143	614	0
165	615	0
188	615	0
210	615	0
236	615	1
259	615	1
282	615	1
306	615	1
329	615	0
352	615	0
375	615	0
398	618	0
424	615	0
449	615	0
473	615	1
494	615	0
519	615	0
542	615	0
565	615	0
588	615	0
612	615	0
635	615	0
658	615	1
682	615	1
705	615	1
728	615	1
753	615	1
779	615	1
801	615	0
823	615	0
847	615	0
871	615	0
896	615	0
920	615	1
942	615	1
964	615	1
984	615	0
1008	615	0
1029	615	0
11	638	0
32	638	0
53	636	0
76	638	1
98	638	1
120	638	1
142	638	1
165	638	1
188	638	1
210	638	0
236	638	1
259	638	1
282	638	1
306	638	1
329	638	0
352	638	0
375	638	0
399	638	0
424	638	0
449	638	0
473	638	1
494	638	0
519	638	0
542	638	0
565	638	0
588	638	0
612	638	0
635	638	0
658	638	0
682	638	1
705	638	1
728	638	1
753	638	1
779	638	1
801	638	0
823	638	0
847	638	0
871	638	0
896	638	0
920	638	1
942	638	1
964	638	0
984	638	0
1008	638	0
1029	638	0
11	664	1
32	664	1
54	664	1
76	664	1
98	664	0
120	664	0
142	664	0
165	664	0
188	664	1
210	664	1
236	664	1
259	664	1
282	664	1
306	664	0
329	664	0
352	664	0
375	664	0
399	664	0
424	664	0
449	664	0
473	664	0
494	664	0
515	662	0
535	662	1
565	664	0
588	666	0
611	663	0
635	664	0
658	664	0
682	664	0
705	664	0
728	664	0
753	664	1
779	664	1
801	664	1
823	664	1
847	664	0
871	664	0
896	664	0
920	664	0
942	664	0
964	664	0
984	664	0
1008	664	0
1030	658	1
11	682	1
32	682	1
54	682	1
76	682	1
98	682	1
120	682	1
142	682	1
165	682	1
188	682	0
210	682	1
236	682	0
259	682	1
282	682	1
306	682	0
329	682	0
352	682	0
375	682	1
399	682	0
424	682	0
449	682	0
473	682	0
494	682	0
516	686	0
534	682	1
565	682	0
588	682	1
612	682	1
635	682	0
658	682	0
682	682	0
705	682	0
728	684	0
753	682	1
779	682	1
801	682	1
823	682	1
847	682	0
871	682	0
896	682	0
920	682	0
942	682	0
964	682	0
984	682	0
1008	682	0
1029	682	0
