6	18	0
20	18	0
52	18	0
85	18	0
106	18	0
140	18	0
168	18	0
194	18	0
218	18	0
253	18	1
274	18	1
300	18	1
329	18	1
361	18	1
383	18	1
410	18	1
425	18	1
465	18	1
492	18	1
522	18	0
546	18	0
576	18	0
595	17	0
612	18	0
637	18	0
657	18	0
682	18	0
710	18	0
741	18	0
762	15	0
782	18	0
798	18	0
816	18	0
843	18	1
877	18	1
905	18	1
924	18	1
956	18	1
984	18	1
1006	18	1
1018	18	1
6	46	1
20	46	1
52	46	0
85	46	0
106	46	0
140	46	0
168	46	0
194	46	0
218	46	0
253	46	0
276	46	0
300	46	0
329	46	0
361	46	1
383	46	1
410	46	1
425	46	1
465	46	1
492	46	1
523	46	1
545	46	1
575	46	1
594	46	1
612	46	1
637	46	0
659	45	0
684	47	0
710	46	0
742	43	0
763	47	0
782	46	0
798	46	0
816	46	0
842	47	0
879	48	0
908	45	0
929	47	0
956	46	1
984	46	1
1006	46	1
1018	46	1
6	80	1
20	80	1
52	80	1
85	80	1
106	80	1
138	78	0
168	80	0
194	80	0
218	80	0
254	79	0
274	80	0
300	80	0
329	80	0
366	79	0
383	80	0
410	80	0
425	80	0
465	80	1
492	80	1
523	80	1
545	80	1
575	80	1
594	80	1
612	80	1
637	80	1
657	80	1
682	80	1
710	80	1
746	78	0
764	81	0
782	81	0
802	79	0
816	80	0
843	80	0
877	80	1
905	80	0
924	80	0
956	80	0
984	80	0
1006	80	0
1018	80	1
6	107	1
20	107	1
52	107	1
85	107	1
106	107	1
140	107	1
168	107	1
194	107	1
218	107	1
254	108	0
274	107	0
299	107	0
327	107	0
361	107	0
383	107	0
410	107	0
425	107	0
465	107	0
492	107	0
524	106	0
545	107	0
575	107	1
594	107	1
612	107	1
637	107	1
657	107	1
682	107	1
710	107	1
741	107	1
763	107	1
782	107	1
798	107	1
816	107	1
843	107	0
878	78	0
905	107	0
924	107	0
956	107	1
984	107	0
1006	107	0
1020	78	0
6	135	0
20	135	0
52	135	0
85	135	1
106	135	1
140	135	1
168	135	1
194	135	1
218	135	1
253	135	1
274	135	1
300	135	1
329	135	1
363	137	0
383	135	0
410	135	0
425	135	0
465	135	0
492	135	0
523	135	0
545	135	0
575	135	0
594	135	0
612	135	0
638	137	0
657	135	0
682	135	1
710	135	1
741	135	1
763	135	1
782	135	1
798	135	1
816	135	1
843	135	1
877	135	1
905	135	1
924	135	1
958	110	0
984	135	0
1006	135	0
1022	106	1
6	163	0
20	163	0
52	163	0
85	163	0
106	163	0
140	163	0
168	163	0
194	163	1
218	163	1
253	163	1
274	163	1
300	163	1
329	163	1
361	163	1
383	163	1
410	163	1
425	163	1
465	163	0
492	163	0
523	163	0
545	163	0
575	163	0
594	163	0
614	163	0
641	162	0
657	163	0
682	163	0
710	163	0
741	163	0
763	163	0
782	163	0
798	163	1
816	163	1
843	163	1
877	163	1
905	163	1
924	163	1
958	132	0
984	163	1
1006	163	1
1023	107	0
6	189	0
20	189	0
52	189	0
85	189	0
106	189	0
140	189	0
168	189	0
194	189	0
218	189	0
253	189	0
274	189	0
300	189	0
329	189	1
361	189	1
383	189	1
410	189	1
425	189	1
465	189	1
492	189	1
523	189	1
545	189	1
575	189	1
598	188	0
613	189	0
637	189	0
657	189	0
682	189	0
710	189	0
741	189	0
763	189	0
782	189	0
798	189	0
816	189	0
843	189	0
877	189	0
905	189	1
924	189	1
956	189	1
984	189	1
1006	189	1
1018	189	1
6	226	1
20	226	1
52	226	1
85	226	1
106	226	0
140	226	0
168	226	0
194	226	0
218	226	0
253	226	0
274	226	0
300	226	0
329	226	0
361	226	0
383	226	0
410	226	0
425	226	0
465	226	1
492	226	1
523	226	1
545	226	1
575	226	1
594	226	1
612	226	1
637	226	1
657	226	1
682	226	0
710	226	0
744	226	0
763	226	0
782	226	0
803	228	0
816	226	0
843	226	0
877	226	0
905	226	0
924	226	0
956	226	1
984	226	0
1006	226	0
1018	226	1
6	259	1
20	259	1
52	259	1
85	259	1
106	259	1
140	259	1
168	259	1
194	259	1
218	259	0
253	259	0
281	261	0
300	259	0
329	259	0
361	259	0
383	259	0
410	259	0
425	259	0
465	259	0
492	259	0
523	259	0
545	259	1
575	259	1
594	259	1
612	259	1
637	259	1
657	259	1
682	259	1
710	259	1
741	259	1
763	259	1
782	259	1
798	259	1
816	259	0
843	259	1
877	259	0
905	259	0
924	259	0
956	226	0
984	259	0
1006	259	0
1018	259	0
6	288	0
20	288	0
52	288	1
85	288	1
106	288	1
140	288	1
168	288	1
194	288	1
218	288	1
253	288	1
274	288	1
300	288	1
329	288	0
361	288	0
383	288	0
410	288	0
427	290	0
465	288	0
492	288	0
523	288	0
545	288	0
575	288	0
597	290	0
612	288	0
637	288	1
657	288	1
682	288	1
710	288	1
741	288	1
763	288	1
782	288	1
798	288	1
816	288	1
846	258	0
877	288	1
905	288	1
924	288	0
956	288	0
984	288	1
1006	288	1
1018	288	0
6	314	0
20	314	0
55	315	0
86	315	0
106	314	0
140	314	0
168	314	1
194	314	1
218	314	1
253	314	1
274	314	1
300	314	1
329	314	1
361	314	1
383	314	1
410	314	0
425	314	0
462	314	0
502	314	0
523	314	0
545	314	0
575	314	0
594	314	0
612	314	0
637	314	0
657	314	0
682	314	0
712	314	0
741	314	0
763	314	1
782	314	1
798	314	1
816	314	1
843	314	1
877	314	1
905	314	1
924	314	1
956	314	1
987	287	0
1006	291	0
1018	314	1
10	338	0
20	338	0
52	338	0
85	338	0
106	338	0
140	338	0
168	338	0
194	338	0
218	338	0
253	338	0
274	338	1
300	338	1
329	338	1
361	338	1
383	338	1
410	338	1
425	338	1
465	338	1
492	338	1
523	338	1
547	342	0
575	338	0
594	338	0
612	338	0
637	338	0
660	336	0
682	338	0
710	338	0
741	338	0
762	338	0
782	338	0
798	338	0
816	338	1
843	338	0
877	338	1
905	338	1
924	338	1
956	338	1
984	338	1
1006	338	1
1018	338	1
6	371	1
20	371	1
52	371	1
85	371	0
106	371	0
138	372	0
168	371	0
194	371	0
218	371	0
253	371	0
274	371	0
300	371	0
329	371	0
361	371	0
383	371	1
410	371	1
425	371	1
465	371	1
492	371	1
523	371	1
545	371	1
575	371	1
594	371	1
612	371	1
637	371	1
657	371	0
682	371	0
710	371	0
739	368	0
763	371	0
782	371	0
798	371	0
816	371	0
843	371	0
877	371	0
905	371	0
924	371	0
956	371	1
984	371	1
1006	371	1
1018	371	1
6	402	1
20	402	1
52	402	1
85	402	1
106	402	1
140	402	1
170	398	0
191	402	0
220	405	0
253	402	0
274	402	0
300	402	0
329	402	0
361	402	0
383	402	0
407	402	0
425	402	0
465	402	0
492	402	1
523	402	1
545	402	1
575	402	1
594	402	1
612	402	1
637	402	1
657	402	1
682	402	1
710	402	1
741	402	1
763	402	1
782	402	0
798	402	0
816	402	0
843	402	0
877	402	0
905	402	0
924	402	0
960	370	0
984	402	1
1006	402	0
1018	402	0
6	425	0
20	425	1
52	425	1
85	425	1
106	425	1
140	425	1
168	425	1
194	425	1
218	425	1
253	425	1
274	425	1
300	422	0
328	426	0
361	425	0
383	425	0
410	425	0
425	425	0
465	425	0
492	425	0
523	425	0
545	425	0
573	427	0
594	425	0
612	425	1
637	425	1
657	425	1
682	425	1
710	425	1
741	425	1
763	425	1
782	425	1
798	425	1
816	425	1
843	425	1
877	425	0
905	425	0
924	425	0
956	425	0
987	401	1
1006	425	0
1018	425	1
6	454	0
21	455	0
52	454	0
85	454	0
105	458	0
140	454	1
168	454	1
194	454	1
218	454	1
253	454	1
274	454	1
300	454	1
329	454	1
361	454	1
383	454	1
410	454	0
425	454	0
465	454	0
492	454	0
523	454	0
545	454	0
575	454	0
594	454	0
612	454	0
637	454	0
657	454	0
682	454	0
710	454	1
741	454	1
763	454	1
782	454	1
798	454	1
816	454	1
843	454	1
877	454	1
905	454	1
924	454	1
956	454	1
987	402	0
1006	454	0
1022	426	1
9	492	0
20	489	0
52	489	0
85	489	0
106	489	0
140	489	0
168	489	0
194	489	0
218	489	0
253	489	1
274	489	1
300	489	1
329	489	1
361	489	1
383	489	1
410	489	1
425	489	1
465	489	1
492	489	1
523	489	0
545	489	0
575	489	0
594	489	0
612	489	0
637	489	0
657	489	0
682	489	0
710	489	0
746	490	0
763	489	0
782	489	0
798	489	0
816	489	0
843	489	1
877	489	1
905	489	1
924	489	1
956	489	1
984	489	1
1006	489	1
1022	426	0
6	523	1
20	523	1
52	523	1
85	523	0
106	523	0
140	523	0
168	523	0
194	523	0
218	523	0
253	523	0
274	523	0
300	523	0
329	523	0
361	523	1
383	523	1
410	523	1
425	523	1
465	523	1
492	523	1
523	523	1
545	523	1
575	523	1
594	523	1
612	523	0
637	523	0
657	523	0
685	523	0
710	518	0
741	523	0
762	521	0
782	523	0
798	523	0
816	523	0
843	523	0
877	523	1
905	523	0
924	523	1
956	523	1
984	523	1
1006	523	1
1018	523	1
6	550	1
20	550	1
52	550	1
85	550	1
106	550	1
140	550	0
168	550	0
194	550	0
218	550	0
253	550	0
274	550	0
300	550	0
329	550	0
361	550	0
383	550	0
410	550	0
425	550	0
465	550	1
492	550	1
523	550	1
545	550	1
575	550	1
594	550	1
612	550	1
637	550	1
657	550	1
682	550	1
710	550	1
741	550	0
761	553	0
786	552	0
802	550	0
816	550	0
843	550	0
878	523	0
905	550	0
928	526	1
956	550	0
984	550	0
1006	550	0
1018	550	0
6	576	1
20	576	1
52	576	1
85	576	1
106	576	1
140	576	1
168	576	1
194	576	1
218	576	1
253	576	1
274	576	0
300	576	1
329	576	0
361	576	0
383	576	0
410	576	0
425	576	0
465	576	0
492	576	0
523	576	0
545	576	0
575	576	1
594	576	1
612	576	1
637	576	1
657	576	1
682	576	1
710	576	1
741	576	1
763	576	1
782	576	1
798	576	1
816	576	1
843	576	1
878	522	1
905	576	0
874	602	1
956	576	0
984	576	0
1006	576	0
1018	576	0
6	599	0
20	599	0
52	599	0
85	599	1
106	599	1
140	599	1
168	599	1
194	599	1
218	599	1
253	599	1
274	599	1
300	599	1
329	599	1
361	599	1
383	599	1
410	599	0
425	599	0
465	599	0
492	599	0
523	599	0
545	599	0
575	599	0
594	599	0
612	599	0
637	599	1
657	599	1
682	599	1
710	599	1
741	599	1
763	599	1
782	599	1
798	599	1
816	599	1
843	599	1
877	521	0
905	599	1
931	523	1
956	599	0
984	599	0
1006	599	0
1018	599	0
6	625	0
20	625	0
52	625	0
85	625	0
106	625	0
140	625	0
168	625	0
194	625	1
218	625	1
253	625	1
274	625	1
300	625	1
329	625	1
361	625	1
383	625	1
410	625	1
425	625	1
465	625	1
492	625	0
523	625	0
545	625	0
575	625	0
594	625	0
612	625	0
637	625	0
657	625	0
682	625	0
710	625	1
741	625	1
763	625	1
782	625	1
798	625	1
816	625	1
843	625	1
877	625	1
905	625	1
871	578	0
956	625	1
984	625	1
1006	625	1
1018	625	1
8	646	0
22	646	0
54	649	0
85	645	0
106	645	0
140	645	0
171	650	0
194	645	0
218	645	0
253	645	0
274	645	1
300	645	1
329	645	1
361	645	1
383	645	1
410	645	1
425	645	1
465	645	1
492	645	1
523	645	1
545	645	1
575	645	0
594	645	0
612	645	0
637	645	0
657	645	0
682	645	0
710	645	0
739	648	0
763	645	0
782	645	0
798	645	0
816	645	1
843	645	1
877	645	1
905	645	1
874	554	1
956	645	1
984	645	1
1006	645	1
1018	645	1
6	677	1
20	677	1
52	677	1
85	677	1
106	677	0
138	679	0
174	679	0
194	679	0
218	677	0
253	677	0
274	677	0
300	677	0
329	677	0
361	677	0
383	677	0
410	677	1
425	677	1
465	677	1
492	677	1
523	677	1
545	677	1
575	677	1
594	677	1
612	677	1
637	677	1
657	677	1
682	676	0
710	678	0
742	678	0
763	677	0
782	677	0
798	677	0
816	677	0
843	677	0
877	677	0
905	677	0
875	552	0
956	677	1
984	677	1
1006	677	1
1018	677	1
