9	7	0
35	7	0
59	7	0
82	7	0
104	7	0
127	7	1
151	7	0
177	7	0
199	7	0
223	7	0
243	7	0
267	7	0
300	7	1
330	7	0
361	7	0
385	7	1
404	7	0
432	7	0
454	7	0
477	7	1
499	7	1
523	7	0
548	7	0
571	7	0
594	7	0
618	7	0
645	7	0
670	7	1
695	7	1
720	7	0
746	7	0
769	8	0
796	7	0
820	7	0
843	7	1
864	7	1
888	7	1
912	7	1
936	7	1
960	7	1
982	7	1
1006	7	1
1028	7	0
9	32	1
35	32	0
59	32	0
82	32	0
104	32	0
127	32	0
151	32	0
177	32	1
199	32	1
223	32	0
243	32	0
267	32	0
300	32	0
330	32	0
361	32	1
385	32	1
404	32	0
432	32	0
454	32	0
477	32	0
499	32	0
523	32	0
549	35	1
571	32	0
594	32	0
618	32	0
645	32	0
670	32	0
695	32	0
720	32	1
746	32	1
770	32	1
803	31	0
820	32	0
845	36	0
865	42	1
889	41	1
914	44	1
936	26	0
963	31	0
982	32	1
1006	32	1
1028	32	1
9	60	0
35	60	0
59	60	0
82	60	1
107	60	0
127	60	0
151	60	0
177	60	0
199	60	0
223	60	1
243	60	1
267	60	1
300	60	0
330	60	0
361	60	0
385	60	0
404	60	1
432	60	1
454	60	1
477	60	0
495	61	0
527	59	0
548	60	0
571	60	0
594	60	0
618	60	1
644	50	1
670	60	0
693	56	0
720	60	1
746	60	0
768	58	0
795	60	1
820	60	1
843	60	1
870	63	0
889	63	0
913	64	0
938	67	0
953	50	1
982	54	1
1006	60	1
1028	60	1
9	85	0
35	85	0
59	85	0
82	85	0
109	88	1
134	90	1
157	85	1
177	85	0
199	85	0
224	82	0
243	85	0
267	85	0
300	85	0
330	85	1
361	85	0
385	85	0
404	85	0
432	85	0
454	85	0
477	85	0
499	85	1
523	85	1
548	85	0
571	85	0
594	85	0
618	85	0
645	85	0
670	85	1
695	85	1
720	85	1
746	85	0
770	85	0
795	85	0
820	83	0
843	85	1
864	85	1
888	85	1
915	81	0
933	85	0
960	85	1
982	85	1
1008	82	1
1028	85	0
9	110	1
39	109	0
59	110	0
82	110	0
104	110	0
131	115	0
148	113	0
177	110	0
204	109	1
223	110	1
243	110	0
267	110	0
300	110	0
330	110	0
361	110	0
385	110	1
404	110	1
432	110	0
454	109	0
479	108	0
499	110	0
523	110	0
548	110	0
571	110	1
594	110	1
618	110	0
645	110	0
670	110	1
695	110	0
720	110	0
746	110	1
770	110	1
790	108	1
820	110	0
841	109	0
864	110	1
888	110	1
912	110	1
936	110	1
960	110	0
982	110	0
1006	110	0
1028	110	0
9	132	0
35	132	0
59	132	0
82	132	0
104	132	1
127	132	0
151	132	0
177	132	0
199	132	0
223	132	0
243	132	0
267	132	0
300	132	0
330	132	0
361	132	0
385	132	0
404	132	0
432	132	0
454	132	1
477	132	1
502	132	0
523	132	0
548	132	0
571	132	0
594	132	0
618	132	1
645	132	1
670	132	1
695	132	1
720	132	0
746	132	0
770	132	0
795	131	0
820	132	1
843	132	1
864	132	1
888	132	1
912	132	1
936	132	1
961	133	0
982	132	0
1006	132	0
1028	132	0
9	160	1
35	160	0
59	160	0
82	160	0
104	160	0
127	160	1
151	160	1
177	160	1
199	160	0
223	160	0
243	160	0
267	160	0
300	160	0
330	160	1
361	160	1
385	160	0
404	160	0
432	160	0
454	160	0
477	160	0
499	160	1
523	160	1
548	160	1
571	160	0
594	160	0
618	160	0
645	160	0
670	160	0
695	160	1
720	160	1
746	160	1
770	160	0
795	160	0
820	160	1
843	160	1
864	160	1
894	157	0
911	157	0
936	155	1
960	160	1
982	160	1
1006	160	0
1028	160	0
9	185	0
35	185	0
59	185	0
82	185	0
104	185	0
127	185	0
151	185	1
177	185	1
199	185	0
221	185	0
243	185	1
269	183	0
300	185	0
331	185	0
361	185	0
385	185	0
404	185	1
432	185	1
454	185	0
477	185	0
499	184	0
523	185	0
548	185	0
571	185	1
594	185	1
618	185	1
645	185	0
670	185	0
695	185	0
720	185	0
746	185	0
771	191	1
800	189	1
820	185	0
843	185	0
864	185	0
888	185	1
912	185	1
936	185	1
960	185	0
982	185	0
1006	185	0
1028	185	0
9	211	0
35	211	0
59	211	0
82	211	0
101	212	0
127	211	1
151	211	0
177	211	0
199	211	0
223	211	0
243	211	0
267	213	0
293	213	1
319	212	1
361	211	0
385	211	0
404	211	0
432	211	0
454	211	0
477	211	0
494	205	1
523	211	0
548	211	0
570	205	0
596	208	0
618	211	0
645	211	1
670	211	1
695	211	1
720	211	0
746	211	0
769	213	0
795	213	0
820	211	0
843	211	0
862	209	0
885	209	0
912	211	0
935	209	0
960	211	1
982	211	1
1006	211	1
1028	211	1
9	242	1
35	242	1
59	242	0
82	242	0
104	242	0
127	242	0
151	242	0
177	242	1
199	242	1
223	242	0
243	242	0
267	242	0
300	242	0
330	242	0
364	238	1
383	236	1
405	235	0
432	242	0
454	242	0
477	242	0
499	242	0
523	242	0
548	242	1
571	242	1
594	242	1
618	242	0
645	242	0
670	242	0
695	242	0
720	242	1
746	242	1
770	242	1
795	242	0
820	242	0
843	242	1
864	242	1
888	242	1
912	242	0
936	242	0
960	242	0
982	242	0
1006	242	1
1028	242	1
8	277	0
30	277	0
57	279	1
82	272	0
104	272	0
127	272	0
151	272	0
177	272	0
200	275	0
223	272	0
243	272	0
267	272	1
300	272	0
330	272	0
361	269	1
384	267	1
404	272	0
432	272	1
454	272	1
477	272	0
499	272	0
523	272	0
548	272	0
571	272	0
594	272	1
618	272	1
645	272	1
670	272	0
695	272	0
720	272	1
746	272	1
770	272	1
799	269	0
820	272	0
843	272	0
866	271	0
888	272	1
912	272	1
936	272	1
960	272	0
982	272	0
1006	272	1
1028	272	1
9	301	0
35	301	0
60	303	0
82	301	0
104	301	0
127	301	0
151	301	1
180	302	0
199	301	0
223	301	0
243	301	0
267	301	0
300	301	0
330	301	1
364	300	0
385	301	0
404	301	0
432	301	0
454	301	0
477	301	1
499	301	1
523	301	1
548	301	0
571	301	0
594	301	0
618	301	0
645	301	0
670	301	1
695	301	1
720	301	1
746	301	0
769	303	0
795	301	1
820	301	1
843	301	1
864	301	1
888	301	1
912	301	1
936	301	0
960	301	0
982	301	0
1006	301	0
1028	301	0
9	338	0
34	332	1
59	338	0
82	338	0
107	335	0
127	338	0
151	338	0
177	338	0
194	339	1
217	334	1
238	330	1
267	338	0
300	338	0
330	338	0
361	338	1
385	338	1
404	338	1
432	338	1
454	338	1
477	338	1
499	338	0
523	338	0
548	338	1
568	330	1
591	326	1
620	325	0
644	327	0
673	332	0
695	338	0
720	338	0
746	338	1
770	338	1
795	338	1
820	338	0
843	338	1
864	338	1
888	338	1
912	338	1
936	338	1
960	338	1
982	338	0
1006	338	0
1028	338	0
9	373	0
35	373	0
59	373	0
80	362	1
107	362	1
127	373	0
151	373	0
177	373	1
199	373	0
223	373	0
243	373	0
267	373	0
300	373	0
330	373	0
354	370	1
387	368	0
405	367	0
431	370	0
452	374	0
477	373	0
499	373	0
523	371	0
548	373	1
571	373	0
595	364	0
623	366	1
646	361	1
670	355	1
695	367	0
716	378	1
745	378	1
770	373	0
795	373	1
820	373	1
843	373	1
864	373	1
888	373	0
912	373	1
936	373	1
960	373	1
982	373	1
1006	373	1
1028	373	1
9	401	0
35	401	0
61	394	1
87	396	0
104	401	0
128	400	0
151	401	0
177	401	0
199	401	0
220	399	0
243	401	1
267	401	1
300	401	0
330	401	0
361	401	0
395	400	1
414	400	1
439	396	1
454	401	0
477	401	0
499	401	0
523	401	0
548	401	0
571	401	1
594	401	1
618	401	1
645	401	0
670	401	0
695	401	0
720	401	0
746	401	0
770	401	0
795	401	1
820	401	1
843	401	1
864	401	1
888	401	0
912	401	0
936	401	0
960	401	1
982	401	1
1006	401	1
1028	401	1
10	429	0
35	431	0
59	431	0
82	431	0
97	427	1
121	425	1
140	423	1
171	423	0
197	426	0
219	427	0
243	431	0
267	431	0
300	431	1
330	431	1
361	431	0
385	430	0
404	431	0
432	431	0
454	431	1
477	431	1
499	431	1
523	431	0
548	431	0
573	431	0
594	431	0
618	431	0
645	431	1
670	431	1
695	431	1
720	431	0
746	431	0
770	431	1
795	431	1
820	431	1
843	431	1
864	431	0
888	431	0
912	431	0
936	431	0
960	431	1
982	431	1
1006	431	1
1028	431	1
9	457	1
38	457	0
59	457	0
82	457	1
107	458	0
127	457	0
149	456	0
168	452	1
195	451	1
215	451	1
242	455	0
266	453	0
300	457	0
330	457	0
361	457	1
385	457	1
404	457	0
431	456	0
454	457	1
477	457	0
499	457	0
523	457	1
548	457	1
571	457	1
594	457	0
618	457	0
645	457	0
670	457	0
695	457	0
720	457	1
746	457	1
770	457	1
795	457	0
820	457	0
843	457	1
864	457	1
888	457	1
912	457	1
936	457	1
960	457	1
982	457	1
1006	457	0
1028	457	0
9	483	0
35	483	0
59	483	0
82	483	1
104	483	0
128	482	0
148	482	0
177	483	0
199	483	0
223	483	1
243	483	1
267	483	1
300	483	0
330	483	0
361	483	0
385	483	0
404	483	0
432	483	1
454	483	1
477	483	0
499	483	0
524	482	0
548	483	0
571	483	0
594	483	0
618	483	1
645	483	1
670	483	0
695	483	0
720	483	1
746	483	1
770	483	0
795	483	1
820	483	1
843	483	1
864	483	1
888	483	0
912	483	1
936	483	1
960	483	1
982	483	1
1006	483	1
1028	483	0
9	508	0
35	508	1
59	508	0
82	508	0
104	508	0
127	508	1
151	508	1
177	508	0
199	508	1
223	508	1
243	508	1
267	508	0
300	508	1
330	508	1
361	508	0
385	508	0
405	505	0
432	508	0
454	508	0
475	508	0
499	508	1
523	508	1
548	508	0
571	508	0
593	505	0
618	508	0
645	508	0
670	508	0
695	508	1
720	508	1
747	506	0
770	508	0
795	508	1
820	508	1
843	508	1
864	508	1
888	508	0
912	508	1
936	508	1
960	508	1
982	508	1
1006	508	1
1028	508	1
9	526	0
35	526	1
62	527	0
82	526	0
104	526	0
127	526	0
151	526	0
176	526	0
199	526	1
223	526	1
243	526	1
267	526	0
299	525	0
330	526	0
361	526	0
385	526	0
404	526	1
432	526	0
454	526	0
477	526	1
499	526	0
523	526	0
548	526	0
571	526	1
594	526	1
618	526	0
645	526	0
670	526	0
695	526	1
720	526	1
746	526	1
770	526	1
795	526	1
820	526	1
843	526	1
864	526	1
888	526	1
912	526	1
936	526	1
960	526	1
982	526	1
1006	526	1
1028	526	1
9	548	0
35	548	0
59	548	0
82	548	1
104	548	1
127	548	1
154	551	0
177	548	0
198	549	0
224	548	0
243	548	0
267	548	0
300	548	1
330	548	0
361	548	0
385	548	0
404	548	0
432	548	0
454	548	0
477	548	1
504	546	0
523	548	0
548	548	0
571	548	0
594	548	0
618	548	0
645	548	1
670	548	1
695	548	0
720	548	0
746	548	1
770	548	1
795	548	1
820	548	1
843	548	1
864	549	0
894	548	0
914	548	0
936	548	0
960	548	0
982	548	0
1006	548	0
1028	548	0
9	572	1
35	572	0
59	572	0
82	572	0
105	573	0
127	572	0
151	572	1
177	572	1
199	572	1
223	572	0
243	572	0
267	572	0
300	572	0
330	572	0
361	572	1
385	572	0
404	572	0
432	572	0
454	572	0
477	572	0
499	572	1
523	572	1
548	572	1
573	570	0
594	572	0
618	572	1
645	572	1
670	572	1
695	572	0
720	572	1
746	572	1
770	572	0
795	572	0
820	572	1
843	572	1
864	572	1
888	572	1
912	572	0
936	572	0
960	572	0
982	572	0
1006	572	0
1028	572	0
9	600	0
35	600	1
59	600	1
82	600	1
104	600	0
127	600	0
151	600	0
177	600	0
199	600	0
223	600	1
243	600	1
267	600	1
300	600	0
330	600	0
361	600	0
385	600	0
404	600	0
432	600	1
454	600	0
477	600	0
499	600	0
523	600	1
548	600	1
571	600	0
594	600	1
618	600	1
645	600	0
670	600	0
695	600	0
720	602	0
746	600	0
769	598	0
798	597	1
820	600	0
843	600	0
864	600	1
888	600	1
912	600	1
936	600	1
960	600	0
982	600	0
1006	600	0
1028	600	0
9	621	0
42	622	0
61	625	0
82	623	0
104	621	1
127	621	1
151	621	1
177	621	0
199	621	0
223	621	1
244	624	0
263	621	0
300	621	1
330	621	1
361	621	0
385	621	0
404	621	0
432	621	0
454	621	0
476	619	0
499	621	1
524	620	0
548	621	0
571	621	0
594	621	0
618	621	0
645	621	1
670	621	1
695	621	0
720	621	0
746	621	0
770	621	1
795	621	1
827	622	0
843	621	0
864	621	1
888	621	1
912	621	1
936	621	1
960	621	0
982	621	0
1006	621	0
1028	621	0
9	648	1
31	647	1
59	648	0
82	648	0
104	649	0
127	648	0
151	648	1
177	648	1
199	648	1
223	648	1
239	645	1
260	641	0
304	651	0
330	648	0
361	648	0
385	648	1
404	648	1
432	648	0
454	648	0
477	648	0
499	648	0
523	648	0
548	648	1
571	648	1
597	651	0
618	648	0
645	648	1
670	648	1
695	648	0
720	648	0
746	648	1
770	648	1
795	648	0
820	648	0
843	648	1
864	648	1
888	648	1
912	648	0
936	648	0
960	648	0
982	648	1
1006	648	1
1028	648	0
9	673	0
35	673	0
59	673	0
82	673	1
106	675	0
127	673	0
153	681	1
178	679	1
199	673	0
223	673	0
243	673	1
269	670	1
306	683	1
332	681	1
362	681	1
387	679	0
404	673	0
432	673	0
454	673	1
477	673	0
499	673	0
522	684	1
552	680	0
570	680	0
594	673	0
618	673	0
645	673	1
670	673	0
695	673	0
720	673	0
746	673	0
770	673	0
795	673	1
820	673	1
843	673	1
864	673	1
888	673	0
912	673	0
936	673	0
960	673	0
982	673	0
1006	673	0
1028	673	0
