8	12	1
46	12	1
67	12	1
108	12	1
131	12	1
153	12	1
177	12	1
196	12	1
242	12	0
271	12	0
294	11	0
308	12	0
331	12	0
346	12	0
367	12	0
427	12	0
447	12	0
469	12	0
511	12	0
540	12	1
566	12	1
578	12	1
614	12	1
634	12	1
648	12	1
680	12	1
710	12	1
742	12	1
775	12	1
792	12	0
822	12	0
847	12	0
866	12	0
886	12	0
906	12	0
931	12	0
956	12	0
972	12	0
993	12	0
1009	12	0
8	41	0
46	41	1
67	41	1
108	41	1
131	41	1
153	41	1
177	41	1
196	41	1
242	41	1
271	41	1
291	41	1
308	41	1
331	41	0
350	41	0
366	43	0
427	41	0
447	41	0
469	41	0
511	41	0
540	41	0
566	41	0
578	41	0
616	42	0
634	42	0
648	41	1
680	41	1
710	41	1
742	41	1
775	41	1
792	41	1
822	41	1
847	41	1
866	41	1
886	41	1
906	41	0
931	41	0
956	41	0
972	41	0
993	41	0
1009	41	0
8	73	0
46	73	0
67	73	0
108	73	0
131	73	0
153	73	0
177	73	1
196	73	1
242	73	1
271	73	1
291	73	1
308	73	1
331	73	1
346	73	1
367	73	1
432	70	0
453	69	0
482	69	0
514	65	0
541	67	0
566	73	0
578	73	0
614	73	0
634	73	0
648	73	0
680	73	0
710	73	0
742	73	0
775	73	1
792	73	1
822	73	1
847	73	1
866	73	1
886	73	1
906	73	1
931	73	1
956	73	1
972	73	1
993	73	1
1009	73	0
8	93	0
46	93	0
67	93	0
108	93	0
131	93	0
153	93	0
177	93	0
196	93	0
242	93	0
271	93	1
291	93	1
308	93	1
331	93	1
346	93	1
367	93	1
427	93	1
447	93	1
469	93	1
511	93	1
540	93	1
566	93	0
578	93	0
613	94	0
634	93	0
648	93	0
680	93	0
710	93	0
745	99	0
772	99	0
793	106	0
824	102	0
846	101	0
866	103	0
888	104	1
906	102	1
930	102	1
952	101	1
974	106	1
996	101	1
1022	99	1
8	127	1
46	125	0
67	127	0
108	127	0
131	127	0
153	127	0
177	127	0
196	127	0
242	127	0
270	127	0
291	127	0
308	127	0
331	127	0
346	127	0
367	127	0
427	127	1
447	127	1
469	127	1
511	127	1
540	127	1
566	127	1
578	127	1
614	127	1
634	127	1
648	127	1
680	127	0
710	127	0
742	127	0
775	127	0
792	127	0
822	127	0
847	127	0
866	127	0
886	127	0
906	127	0
931	127	0
956	127	0
972	127	0
993	127	1
1009	127	1
8	146	1
46	146	1
67	146	1
108	146	1
131	146	1
153	146	1
177	146	0
196	146	0
243	147	0
271	146	0
291	146	0
308	146	0
331	146	0
346	146	0
367	146	0
427	146	0
447	146	0
469	146	0
511	146	0
540	146	1
566	146	1
578	146	1
614	146	1
634	146	1
648	146	1
680	146	1
710	146	1
742	146	1
775	146	0
795	147	0
819	147	0
848	145	0
866	146	0
886	146	0
906	146	0
931	146	0
956	146	0
972	146	0
993	146	0
1009	146	0
8	173	1
46	173	1
67	173	1
108	173	1
131	173	1
153	173	1
177	173	1
196	173	1
242	173	1
271	173	1
291	173	0
307	172	0
331	173	0
346	173	0
367	170	0
427	173	0
447	173	0
469	173	0
511	173	0
540	173	0
566	173	0
578	173	0
614	173	0
634	173	1
648	173	1
680	173	1
710	173	1
742	173	1
775	173	1
792	173	1
822	173	1
847	173	1
866	173	0
886	173	0
907	173	0
933	172	0
956	173	0
972	173	0
993	173	0
1009	173	0
8	193	0
46	193	0
67	194	0
108	193	0
131	193	1
153	193	1
177	193	1
196	193	1
242	193	1
271	193	1
291	193	1
308	193	1
331	193	1
346	193	1
367	193	1
426	192	0
447	193	0
469	193	0
511	193	0
540	193	0
566	193	0
578	193	0
614	193	0
634	193	0
648	193	0
681	196	0
710	193	0
742	193	1
775	193	1
792	193	1
822	193	1
847	193	1
866	193	1
886	193	1
906	193	1
931	193	1
956	193	1
972	193	1
993	193	1
1009	193	1
8	216	0
46	216	0
67	216	0
108	216	0
131	216	0
153	216	0
177	216	0
196	216	0
242	216	1
271	216	1
291	216	1
308	216	1
331	216	1
346	216	1
367	216	1
427	216	1
447	216	1
469	216	1
511	216	0
540	216	0
568	214	0
578	216	0
614	216	0
634	216	0
648	216	0
680	216	0
711	215	0
742	216	0
775	216	0
792	216	0
822	216	0
847	216	1
866	216	1
886	216	1
906	216	1
931	216	1
956	216	1
972	216	1
993	216	1
1009	216	1
8	255	1
46	255	1
67	255	1
108	255	1
131	255	0
153	255	0
177	255	0
196	255	0
242	255	0
271	255	0
291	255	0
308	255	0
331	255	0
346	255	0
367	255	1
427	255	1
447	255	1
469	255	1
511	255	1
540	255	1
566	255	1
578	255	1
614	255	1
634	255	1
648	255	1
680	255	1
710	255	0
742	255	0
775	255	0
792	255	0
822	255	0
847	255	0
866	255	1
886	255	1
906	255	1
931	255	1
956	255	1
972	255	1
993	255	1
1009	255	1
8	289	1
46	289	1
67	289	1
108	289	1
131	289	1
153	289	1
177	289	1
196	289	1
242	289	0
271	289	0
291	289	0
308	289	0
331	289	0
346	289	0
367	289	0
427	289	0
447	289	0
469	289	1
511	289	0
540	289	0
566	289	0
578	289	0
614	289	0
634	289	1
648	289	1
680	289	1
710	289	1
742	289	1
775	289	1
792	289	0
822	289	0
847	289	0
866	289	0
886	289	0
906	289	0
931	289	1
956	289	1
972	289	1
993	289	1
1009	289	1
8	318	0
46	318	0
66	320	0
108	318	1
131	318	1
153	318	1
177	318	1
196	318	1
242	318	1
271	318	1
291	318	1
308	318	1
331	318	1
346	318	0
367	318	0
427	318	0
447	318	1
469	318	1
511	318	1
540	318	1
566	318	0
578	318	0
614	318	0
634	318	0
648	318	0
680	318	0
710	318	1
742	318	1
775	318	1
792	318	1
822	318	1
847	318	1
866	318	0
886	318	0
906	318	0
935	320	0
957	320	0
972	318	1
993	318	1
1009	318	1
8	347	0
46	347	0
67	347	0
108	347	0
131	347	0
153	347	0
177	347	0
196	347	0
242	347	0
271	347	0
291	347	1
308	347	1
331	347	1
346	347	0
367	347	0
427	347	0
447	347	0
469	347	1
511	347	1
540	347	1
566	347	1
578	347	1
614	347	1
634	347	0
648	347	0
680	347	0
710	347	0
742	347	0
775	347	1
792	347	1
822	347	1
847	347	1
866	347	1
886	347	1
906	347	1
931	347	0
956	347	0
972	347	0
993	347	0
1009	347	0
8	381	1
46	381	1
67	381	0
108	381	0
131	381	0
153	381	0
177	381	0
196	381	0
242	381	0
271	381	0
291	381	1
308	381	1
331	381	1
346	381	1
367	381	1
427	381	0
447	381	0
469	381	0
511	381	0
540	381	1
566	381	1
578	381	1
614	381	1
634	381	1
648	381	1
680	381	1
710	381	0
742	381	0
775	381	0
792	381	0
822	381	0
847	381	1
866	381	1
886	381	1
906	381	1
931	381	1
956	381	1
972	381	1
995	381	0
1010	380	0
8	407	1
46	407	1
67	407	1
108	407	1
131	407	1
153	407	1
177	407	1
196	407	0
242	407	0
271	407	0
291	407	0
308	407	1
331	407	1
346	407	1
367	407	1
427	407	1
447	407	1
473	409	0
511	407	0
540	407	0
566	410	0
578	407	0
614	407	1
634	407	1
648	407	1
680	407	1
710	407	1
742	407	1
774	406	0
792	407	0
822	407	0
847	407	0
866	407	0
886	407	1
906	407	1
931	407	1
956	407	1
972	407	1
993	407	1
1009	407	1
8	436	1
46	436	1
67	436	1
108	436	1
131	436	1
153	436	1
177	436	1
196	436	1
242	436	1
271	436	0
291	436	0
308	436	0
331	436	0
346	436	1
367	436	1
427	436	1
447	436	1
469	436	1
511	436	1
540	436	0
566	434	0
578	436	0
614	436	0
634	436	0
648	436	0
680	436	1
710	436	1
742	436	1
775	436	1
792	436	1
822	436	1
847	436	0
866	436	0
887	435	0
906	436	0
931	436	0
956	436	0
972	436	0
993	436	1
1009	436	1
7	457	0
46	458	0
67	458	0
108	458	0
131	458	1
153	458	1
177	458	1
196	458	1
242	458	1
271	458	0
287	454	0
306	458	0
331	458	0
346	458	0
367	458	0
427	458	1
447	458	1
469	458	1
511	458	1
540	458	1
566	458	1
578	458	1
614	458	0
634	458	0
648	458	0
680	458	0
710	458	0
742	458	1
775	458	1
792	458	1
822	458	1
847	458	1
866	458	1
886	458	1
906	458	0
931	458	0
956	458	0
972	458	0
993	458	0
1009	458	0
8	492	1
46	492	1
67	492	1
108	492	0
131	492	0
153	492	0
177	492	0
196	492	0
242	492	1
271	492	1
291	492	1
308	492	1
331	492	1
346	492	1
367	492	1
427	492	0
447	492	0
469	492	0
511	492	1
540	492	1
566	492	1
578	492	1
614	492	1
634	492	1
648	492	1
680	492	0
710	492	0
742	492	0
775	492	0
792	492	0
822	492	1
847	492	1
866	492	1
886	492	1
906	492	1
931	492	1
956	492	1
972	492	0
993	492	0
1009	492	0
8	521	1
46	521	1
67	521	1
108	521	0
131	521	0
153	521	0
177	521	0
196	521	0
242	521	0
271	521	0
291	521	1
308	521	1
331	521	1
346	521	1
367	521	1
427	521	1
447	521	1
469	521	0
511	521	0
540	521	0
566	521	0
578	521	1
614	521	1
634	521	1
648	521	1
680	521	1
710	521	1
746	522	0
774	522	0
794	522	0
822	521	0
847	521	0
866	521	0
886	521	1
906	521	1
931	521	1
956	521	1
972	521	1
993	521	1
1009	521	1
8	553	0
46	553	1
67	553	1
108	553	1
131	553	1
153	553	1
177	553	0
196	553	0
242	553	0
271	553	0
291	553	0
308	553	0
331	553	1
346	553	1
367	553	1
427	553	1
447	553	1
469	553	0
511	553	0
540	553	0
566	553	0
578	553	0
614	553	0
634	553	0
648	553	0
680	553	1
710	553	1
742	553	1
775	553	1
792	553	1
822	553	0
847	553	0
866	553	0
886	553	0
906	553	0
931	553	0
956	553	1
972	553	1
993	553	1
1009	553	1
8	577	0
46	577	0
67	577	0
108	577	1
131	577	1
153	577	1
177	577	1
196	577	1
242	577	0
271	577	0
291	577	0
308	577	0
331	577	0
346	577	0
367	577	1
427	577	1
447	577	1
469	577	1
511	577	1
540	577	0
566	577	0
578	577	0
614	577	0
634	577	0
648	577	0
680	577	1
710	577	1
742	577	1
775	577	1
792	577	1
822	577	1
847	577	1
866	577	1
886	577	0
906	577	0
931	577	0
956	577	0
972	577	0
993	577	1
1009	577	1
8	598	0
46	598	0
67	598	0
108	598	0
131	598	0
153	598	1
177	598	1
196	598	1
242	598	1
271	598	1
291	598	1
308	598	0
331	598	0
346	598	0
367	600	0
427	598	1
447	598	1
469	598	1
511	598	1
540	598	1
566	598	1
578	598	1
614	598	0
634	598	0
648	598	0
680	598	0
710	598	0
742	598	1
775	598	1
792	598	1
822	598	1
847	598	1
866	598	1
886	598	0
906	598	0
931	598	0
956	598	0
972	598	0
993	598	1
1009	598	1
8	622	1
46	622	0
67	622	0
108	622	0
131	622	0
153	622	0
177	622	1
196	622	1
242	622	1
271	622	1
291	622	0
308	622	0
334	621	0
346	622	0
367	622	0
427	622	0
447	622	0
469	622	1
511	622	1
540	622	1
566	622	1
578	622	1
614	622	1
634	622	1
648	622	0
680	622	0
710	622	0
744	624	0
775	622	0
792	622	1
822	622	1
847	622	1
866	622	1
886	622	1
906	622	1
931	622	1
956	622	0
972	622	0
993	622	0
1009	622	0
8	656	1
46	656	1
67	656	1
108	656	0
132	656	0
153	656	0
177	656	0
196	656	0
242	656	1
271	656	1
291	656	1
308	656	1
331	656	1
346	656	1
367	656	1
427	656	1
447	656	0
469	656	0
511	656	0
540	656	0
566	656	0
581	657	0
614	656	1
634	656	1
648	656	1
680	656	1
710	656	1
742	656	0
775	656	0
792	656	0
822	656	0
847	656	0
866	656	0
886	656	1
906	656	1
931	656	1
956	656	1
972	656	1
993	656	1
1009	656	1
8	675	0
46	675	1
67	675	1
108	675	1
131	675	1
153	675	0
177	675	0
196	675	0
242	675	0
271	675	0
291	675	1
308	675	1
331	675	1
346	675	1
367	675	1
427	675	1
447	675	0
469	675	0
511	675	0
540	675	0
566	675	0
578	675	0
614	675	1
634	675	1
648	675	1
680	675	1
710	675	1
742	675	1
775	675	1
792	675	0
822	675	0
847	675	0
866	675	0
886	675	0
906	675	0
931	675	1
956	675	1
972	675	1
993	675	1
1009	675	1
