6	7	1
32	7	1
59	7	0
93	7	0
118	7	1
135	7	1
152	7	1
171	7	0
196	7	0
216	7	0
250	7	0
278	7	0
304	7	0
322	7	0
347	7	0
375	7	0
395	7	0
415	7	0
443	7	0
473	7	1
499	7	1
525	7	1
548	7	1
574	7	1
601	7	1
620	7	1
651	7	1
682	7	1
703	7	0
725	7	1
754	7	1
771	7	1
803	7	1
825	7	1
854	7	1
876	7	1
900	7	1
924	7	1
952	7	1
972	7	1
1000	7	1
1018	7	1
6	22	0
32	22	0
59	22	0
93	22	0
118	22	1
135	22	1
152	22	1
171	22	0
196	22	0
216	22	0
250	21	0
278	22	0
304	22	0
322	22	0
347	22	0
375	22	0
395	22	0
415	22	0
443	22	0
473	22	1
495	27	0
525	22	1
548	22	1
574	22	1
601	22	1
620	22	1
651	22	1
682	22	1
703	22	1
725	22	1
754	22	1
769	25	0
803	22	1
825	22	1
854	22	1
876	22	1
900	22	1
924	22	1
952	22	1
972	22	1
1000	22	1
1018	22	1
6	40	0
32	40	0
59	40	0
93	40	0
118	40	1
135	40	1
152	40	0
171	40	0
196	40	0
216	40	0
250	40	1
278	40	1
304	40	1
322	40	0
347	40	0
375	40	0
395	40	0
415	40	1
443	40	1
473	40	1
499	40	1
525	40	1
548	40	1
572	41	0
601	40	1
620	40	1
651	40	1
682	40	1
703	40	1
725	40	1
754	40	1
771	40	1
803	40	1
825	40	1
854	40	0
876	40	1
900	40	1
924	40	1
952	40	1
972	40	1
1000	40	1
1018	40	0
6	62	0
32	62	0
59	62	0
93	62	0
118	62	0
135	62	0
152	62	0
171	62	0
196	62	0
216	62	0
250	62	1
278	62	1
304	62	1
322	62	1
347	62	0
375	62	1
395	62	1
415	62	1
443	62	1
473	62	1
499	62	1
525	62	1
548	62	1
574	62	1
601	62	1
620	62	1
654	54	0
682	62	1
703	62	1
722	67	0
754	62	1
771	62	1
803	62	1
825	62	1
854	62	1
876	62	1
900	62	1
924	62	0
952	62	1
972	62	1
1000	62	1
1018	62	1
6	85	0
32	85	0
59	85	0
93	85	0
118	85	0
135	85	0
152	85	0
171	85	0
196	85	0
216	85	0
250	85	0
278	85	0
304	85	0
322	85	0
347	85	0
375	85	1
395	85	1
415	85	0
443	85	0
473	85	1
499	85	1
526	84	0
548	85	1
574	85	1
601	85	1
620	85	1
651	85	1
682	85	1
703	85	1
725	85	1
754	85	1
771	85	1
807	90	0
825	85	1
854	85	1
876	85	1
900	85	1
924	85	1
952	85	1
972	85	1
1002	83	0
1018	85	1
6	108	0
32	108	0
59	108	0
93	108	0
118	108	0
135	108	0
152	108	0
171	108	0
196	108	0
216	108	0
250	108	0
278	108	0
304	108	0
322	108	0
347	108	0
375	108	0
395	108	0
415	108	0
443	108	0
473	108	1
499	108	1
525	108	1
548	108	1
574	108	1
599	106	0
620	108	1
651	108	1
682	108	1
703	108	1
725	108	1
754	108	1
771	108	1
803	108	1
825	108	1
854	108	1
876	108	1
900	108	1
924	108	1
952	108	1
972	108	1
1000	108	1
1018	108	1
6	124	1
32	124	0
59	124	0
93	124	0
118	124	0
135	124	0
152	124	0
171	124	0
196	124	0
216	124	0
250	124	0
278	124	0
304	124	0
322	124	0
347	124	0
375	124	0
395	124	0
415	124	0
443	124	0
473	124	1
499	124	1
525	124	1
548	124	1
574	124	1
601	124	1
620	124	1
651	124	1
682	124	0
703	124	1
725	124	1
754	124	1
771	124	1
803	124	1
825	124	1
854	124	1
876	124	1
900	124	1
924	124	1
951	124	0
972	124	1
1000	124	1
1018	124	1
6	145	1
32	145	0
59	145	0
93	145	1
118	145	1
135	145	0
152	145	0
171	145	0
196	145	0
216	145	0
250	145	0
278	145	0
304	145	0
322	145	0
347	145	0
375	145	0
395	145	0
415	145	0
443	145	0
473	145	1
499	145	1
525	145	1
548	145	1
570	151	0
601	145	1
620	145	1
651	145	1
682	145	1
703	145	1
725	145	1
753	142	0
771	145	1
803	145	1
825	145	1
854	145	1
876	145	1
900	145	1
924	145	1
952	145	1
972	145	1
1000	145	1
1023	153	0
6	175	0
32	175	0
59	175	0
93	175	1
118	175	1
135	175	1
152	175	0
171	175	0
196	175	0
216	175	1
250	175	1
278	175	0
304	175	0
322	175	0
347	175	0
375	175	1
395	175	1
415	175	0
443	175	0
473	175	1
499	175	1
525	175	1
548	175	1
574	175	1
601	175	1
620	175	1
651	175	0
682	175	1
703	175	1
725	175	1
754	175	1
771	175	1
803	175	1
827	164	0
854	175	1
876	175	1
905	179	0
924	175	1
952	175	1
972	175	1
1000	175	1
1018	175	1
6	195	0
32	195	0
59	195	0
93	195	0
118	195	0
135	195	0
152	195	0
171	195	0
196	195	0
216	195	1
250	195	1
278	195	0
304	195	0
322	195	0
347	195	1
375	195	1
395	195	1
415	195	0
443	195	0
473	195	1
499	195	1
525	195	1
548	195	1
574	195	1
601	195	1
620	195	1
651	195	1
682	195	1
703	195	1
723	191	0
754	195	1
771	195	1
803	195	1
825	195	1
854	195	1
876	195	1
900	195	1
924	195	1
952	195	1
972	195	0
1000	195	1
1018	195	1
6	206	0
32	206	0
59	206	0
93	206	0
118	206	0
135	206	0
152	206	0
171	206	0
196	206	0
216	206	1
250	206	0
278	206	0
304	206	0
322	206	0
347	206	1
375	206	1
395	206	1
415	206	0
443	206	0
473	206	1
499	206	1
519	205	0
548	206	1
574	206	1
601	206	1
620	206	1
651	206	1
682	206	1
703	206	1
725	206	1
754	206	1
771	206	1
803	206	0
825	206	1
854	206	1
876	206	1
900	206	1
924	206	1
952	206	1
972	206	1
1000	206	1
1018	206	1
6	229	0
32	229	0
59	229	0
93	229	0
118	229	0
135	229	0
152	229	0
171	229	0
196	229	0
216	229	0
250	229	0
278	229	0
304	229	0
322	229	0
347	229	0
375	229	0
395	229	0
415	229	0
443	229	0
473	229	1
499	229	1
525	229	1
548	229	1
574	229	1
599	221	0
620	229	1
651	229	1
682	229	1
703	229	1
725	229	1
754	229	1
771	229	1
803	229	1
825	229	1
854	229	1
876	229	0
900	229	1
924	229	1
952	229	1
972	229	1
1000	229	1
1018	229	1
6	254	0
32	254	0
59	254	0
93	254	0
118	254	0
135	254	0
152	254	0
171	254	0
196	254	0
216	254	0
250	254	0
278	254	0
304	254	0
322	254	0
347	254	0
375	254	0
395	254	0
415	254	0
443	254	0
473	254	1
499	254	1
525	254	1
548	254	1
574	254	1
601	254	1
620	254	1
651	254	1
678	248	0
703	254	1
725	254	1
754	254	1
771	254	1
803	254	1
825	254	1
854	254	1
876	254	1
900	254	1
924	254	1
943	252	0
972	254	1
1000	254	1
1018	254	1
6	268	1
32	268	0
59	268	0
93	268	0
118	268	0
135	268	0
152	268	0
171	268	0
196	268	0
216	268	0
250	268	0
278	268	0
304	268	0
322	268	0
347	268	0
375	268	0
395	268	0
415	268	0
443	268	0
473	268	0
499	268	1
525	268	1
547	279	0
574	268	1
601	268	1
620	268	1
651	268	1
682	268	1
703	268	1
725	268	1
755	267	0
771	268	1
803	268	1
825	279	0
854	268	1
876	268	1
900	268	1
924	268	1
952	268	1
972	268	1
1000	268	1
1018	268	0
6	294	1
32	294	0
59	294	0
93	294	1
118	294	1
135	294	0
152	294	0
171	294	0
196	294	0
216	294	0
250	294	0
278	294	0
304	294	0
322	294	0
347	294	0
375	294	0
395	294	0
415	294	0
443	294	0
473	294	0
499	294	1
525	294	1
548	294	1
574	294	1
601	294	1
629	296	0
651	294	1
682	294	1
703	294	1
725	294	1
754	294	1
771	294	1
803	294	1
825	294	1
854	294	1
876	294	1
906	298	0
924	294	1
952	294	1
972	294	1
1000	294	1
1018	294	1
6	308	1
32	308	0
59	308	1
93	308	1
118	308	1
134	309	0
152	308	0
171	308	0
192	309	0
216	308	1
250	308	1
278	308	0
304	308	0
322	308	0
347	308	0
375	308	0
395	308	0
415	308	0
443	308	0
473	308	0
499	308	1
525	308	1
548	308	1
574	308	1
601	308	1
620	308	1
651	308	1
682	308	1
705	310	0
725	308	1
754	308	1
771	308	1
803	308	1
825	308	1
854	308	1
876	308	1
900	308	1
924	308	1
952	308	1
972	308	1
1000	308	1
1018	308	1
6	323	0
32	323	0
59	323	1
93	323	1
118	323	1
135	323	0
152	323	0
178	329	1
196	328	1
219	328	1
243	321	1
278	323	0
304	323	0
322	323	1
347	323	1
375	323	0
395	323	0
415	323	0
443	323	0
473	323	0
499	323	1
525	323	1
548	323	1
574	323	1
601	323	1
620	323	1
651	323	1
682	323	1
703	323	1
725	323	1
754	323	1
779	327	0
803	323	1
825	323	1
854	323	1
876	323	1
900	323	1
924	323	1
952	323	1
974	321	0
1000	323	1
1018	323	1
6	348	0
32	348	0
59	348	0
93	348	0
118	348	0
135	348	0
152	348	0
171	348	0
194	347	0
218	350	0
250	348	0
278	348	0
304	348	1
322	348	1
347	348	1
375	348	0
395	348	0
415	348	0
443	348	1
473	348	1
499	348	1
525	348	1
548	348	1
574	348	1
596	345	0
620	348	1
651	348	1
682	348	1
703	348	1
725	348	1
754	348	1
771	348	1
803	348	1
825	348	1
854	348	0
876	348	1
900	348	1
924	348	1
952	348	1
972	348	1
1000	348	1
1018	348	1
6	365	0
32	365	0
59	365	0
93	365	0
118	365	0
135	365	0
152	365	0
171	365	0
196	365	0
216	365	0
250	365	0
278	365	0
304	365	0
322	365	0
347	365	0
375	365	0
395	365	0
415	365	0
443	365	0
473	365	1
499	365	1
525	365	1
548	365	1
574	365	1
601	365	1
620	365	1
651	365	1
672	363	0
703	365	1
725	365	1
754	365	1
771	365	1
803	365	1
825	365	1
854	365	1
876	365	1
900	365	1
924	365	1
952	365	1
972	365	1
1000	365	1
1018	365	1
6	382	0
32	382	0
59	382	0
93	382	0
118	382	0
135	382	0
152	382	0
171	382	0
196	382	0
216	382	0
250	382	0
278	382	0
304	382	0
322	382	0
347	382	0
375	382	0
395	382	0
415	382	0
443	382	0
473	382	1
499	382	1
525	382	1
548	382	1
574	382	1
601	382	1
620	382	1
651	382	1
682	382	1
703	382	1
725	382	1
754	382	0
771	382	1
803	382	1
825	382	1
854	382	1
876	382	1
900	382	1
923	376	0
952	382	1
972	382	1
1000	382	1
1018	382	1
6	398	0
32	398	0
59	398	0
93	398	0
118	398	0
135	398	0
152	398	0
171	398	0
196	398	0
216	398	0
250	398	0
278	398	0
304	398	0
322	398	0
347	398	0
375	398	0
395	398	0
415	398	0
443	398	0
473	398	0
499	398	0
525	398	1
548	398	0
574	398	1
601	398	1
620	398	1
651	398	1
682	398	1
703	398	1
725	398	1
754	398	1
771	398	1
803	398	1
822	405	0
854	398	1
876	398	1
900	398	1
924	398	1
952	398	1
972	398	1
1000	398	0
1018	398	1
6	418	0
32	418	0
59	418	0
93	418	0
118	418	0
135	418	0
152	418	0
171	418	0
196	418	0
216	418	0
250	418	0
278	418	0
304	418	0
322	418	0
347	418	0
375	418	0
395	418	0
415	418	0
443	418	0
473	418	0
499	418	0
525	418	1
548	418	1
574	418	1
601	418	1
621	415	0
651	418	1
682	418	1
703	418	1
725	418	1
754	418	1
771	418	1
803	418	1
825	418	1
854	418	1
876	418	1
900	418	1
924	418	1
952	418	1
972	418	1
1000	418	1
1018	418	1
6	434	0
32	434	0
59	434	0
93	434	0
118	434	0
135	434	0
152	434	0
171	434	0
196	434	0
216	434	0
250	434	0
278	434	0
304	434	0
322	434	0
347	434	0
375	434	0
395	434	0
415	434	0
443	434	0
473	434	0
499	434	0
525	434	1
548	434	1
574	434	1
601	434	1
620	434	1
651	434	1
682	434	1
697	436	0
725	434	1
754	434	1
771	434	1
803	434	1
825	434	1
854	434	1
876	434	1
900	434	0
924	434	1
952	434	1
972	434	1
1000	434	1
1018	434	1
6	451	0
32	451	1
59	451	1
93	451	0
118	451	0
135	451	0
152	451	0
171	451	0
194	448	0
219	450	0
250	451	0
278	451	0
304	451	0
322	451	0
347	451	0
375	451	0
395	451	0
415	451	0
443	451	0
473	451	0
499	451	0
525	451	0
548	451	1
574	451	1
601	451	1
620	451	1
651	451	1
682	451	1
703	451	1
725	451	1
754	451	1
771	451	0
803	451	1
825	451	1
854	451	1
876	451	1
900	451	1
924	451	1
952	451	1
965	445	0
1000	451	1
1018	451	1
6	469	0
32	469	1
59	469	1
93	469	0
118	469	0
135	469	0
152	469	1
171	469	1
196	469	1
216	469	1
250	469	0
278	469	0
304	469	0
324	466	0
347	468	0
375	469	0
395	469	0
415	469	0
443	469	0
473	469	0
499	469	0
525	469	0
548	469	1
576	467	0
601	469	1
620	469	1
651	469	1
682	469	1
703	469	1
725	469	1
754	469	1
771	469	1
803	469	1
825	469	1
854	469	0
876	469	1
900	469	1
924	469	1
952	469	1
972	469	1
1000	469	1
1018	469	1
6	480	0
32	480	0
59	480	0
93	480	0
118	480	0
135	480	0
152	480	1
171	480	1
196	480	1
216	480	1
250	480	0
278	480	0
304	480	1
322	480	1
347	480	1
375	480	0
395	480	0
415	480	0
443	480	0
473	480	0
499	480	0
525	480	0
548	480	1
574	480	1
601	480	1
620	480	1
651	480	0
682	480	1
703	480	1
725	480	1
754	480	1
771	480	1
803	480	1
825	480	1
854	480	1
876	480	1
900	480	1
924	480	1
952	480	1
972	480	1
1000	480	1
1018	480	1
6	504	0
32	504	0
59	504	0
93	504	0
118	504	0
135	504	0
152	504	0
171	504	0
196	504	0
216	504	0
250	504	0
278	504	1
304	504	1
322	504	1
347	504	1
375	504	0
395	504	0
415	504	1
443	504	1
473	504	1
499	504	0
525	504	0
548	504	1
574	504	1
601	504	1
620	504	1
651	504	1
682	504	1
703	504	1
725	504	0
754	504	1
771	504	1
803	504	1
825	504	1
854	504	1
876	504	1
900	504	1
929	499	0
952	504	1
972	504	1
1000	504	1
1018	504	1
6	531	0
32	531	0
59	531	0
93	531	0
118	531	0
135	531	0
152	531	0
171	531	0
196	531	0
216	531	0
250	531	0
278	531	0
304	531	0
322	531	0
347	531	0
375	531	0
395	531	1
415	531	1
443	531	1
473	531	0
499	531	0
525	531	0
548	531	1
574	531	1
601	531	1
620	531	1
651	531	1
682	531	1
703	531	1
725	531	1
754	531	1
771	531	1
803	531	0
825	531	1
854	531	1
876	531	1
900	531	1
924	531	1
952	531	1
972	531	1
996	530	0
1018	531	1
6	555	0
32	555	0
59	555	0
93	555	0
118	555	0
135	555	0
152	555	0
171	555	0
196	555	0
216	555	0
250	555	0
278	555	0
304	555	0
322	555	0
347	555	0
375	555	0
395	555	0
415	555	0
443	555	0
473	555	0
499	555	0
525	555	0
548	555	1
574	555	1
601	555	1
620	555	0
651	555	1
682	555	1
703	555	1
725	555	1
754	555	1
771	555	1
803	555	1
825	555	1
854	555	1
876	555	1
900	555	1
924	555	1
952	555	1
972	555	1
1000	555	1
1018	555	1
6	572	0
32	572	0
59	572	0
93	572	0
118	572	0
135	572	0
152	572	0
171	572	0
196	572	0
216	572	0
250	572	0
278	572	0
304	572	0
322	572	0
347	572	0
375	572	0
395	572	0
415	572	0
443	572	0
473	572	0
499	572	0
525	572	0
548	572	1
574	572	1
601	572	1
620	572	1
651	572	1
681	575	0
703	572	1
725	572	1
754	572	1
771	572	1
803	572	1
825	572	1
854	572	1
876	564	0
900	572	1
924	572	1
952	572	1
972	572	1
1000	572	1
1018	572	1
6	589	0
32	589	1
59	589	1
93	589	0
118	589	0
135	589	0
152	589	0
171	589	0
196	589	0
216	589	0
250	589	0
278	589	0
304	589	0
322	589	0
347	589	0
375	589	0
395	589	0
415	589	0
443	589	0
473	589	0
499	589	0
525	589	0
548	589	1
574	589	1
601	589	1
620	589	1
651	589	1
682	589	1
703	589	1
725	589	1
754	589	1
771	589	0
803	589	1
825	589	1
854	589	1
876	589	1
900	589	1
924	589	1
952	589	0
972	589	1
1000	589	1
1018	589	1
6	613	1
32	613	1
59	613	1
93	613	0
118	613	1
135	613	1
152	613	1
171	613	1
196	613	0
216	613	0
250	613	0
278	613	0
304	613	0
322	613	0
347	613	0
375	613	0
395	613	0
415	613	0
443	613	0
473	613	0
499	613	0
525	613	0
548	613	1
574	613	1
601	613	1
620	613	1
651	613	1
682	613	1
703	613	1
725	613	1
754	613	1
771	613	1
803	613	1
831	621	0
854	613	1
876	613	1
900	613	1
924	613	1
952	613	1
972	613	1
1000	613	1
1022	610	0
6	628	1
32	628	1
59	628	0
93	628	0
118	628	1
135	628	1
152	628	1
171	628	1
196	628	0
216	628	0
250	628	0
278	628	0
304	630	0
322	628	0
347	628	0
375	628	0
395	628	0
415	628	0
443	628	0
473	628	0
499	628	0
525	628	0
548	628	1
574	628	1
601	628	1
625	629	0
651	628	1
682	628	1
703	628	1
725	628	1
754	628	1
771	628	1
803	628	1
825	628	1
854	628	1
876	628	1
900	628	0
924	628	0
952	628	1
972	628	1
1000	628	1
1018	628	1
6	643	0
32	643	0
59	643	0
93	643	0
118	643	1
135	643	1
152	643	1
171	643	1
196	643	0
216	643	0
250	643	1
278	643	1
304	643	1
322	643	0
347	643	0
375	643	0
395	643	0
415	643	0
443	643	0
473	643	0
499	643	0
525	643	1
548	643	1
574	643	1
601	643	1
620	643	1
651	643	1
682	643	1
708	643	0
725	643	1
754	643	1
771	643	1
803	643	1
825	643	1
854	643	1
876	643	1
900	643	1
924	643	1
952	643	1
979	653	0
1000	643	1
1018	643	1
6	663	0
32	663	0
59	663	0
93	663	0
118	663	0
135	663	0
149	667	0
171	663	0
196	663	0
216	663	0
250	663	1
278	663	1
304	663	1
322	663	0
347	663	0
375	663	1
395	663	1
415	663	1
443	663	1
473	663	0
499	663	1
525	663	1
548	663	1
574	663	1
601	663	1
620	663	1
651	663	1
682	663	1
703	663	1
725	663	1
754	663	1
781	662	0
803	663	1
825	663	1
854	663	1
876	663	1
900	663	1
924	663	1
952	663	1
972	663	1
1000	663	1
1018	663	1
6	681	0
32	681	0
59	681	0
93	681	0
118	681	0
135	681	0
152	681	0
171	681	0
196	681	0
216	681	0
250	681	0
278	681	0
304	681	0
322	681	0
347	681	0
375	681	1
395	681	1
415	681	1
443	681	1
473	681	0
499	681	1
525	681	1
548	681	1
574	681	1
601	681	0
620	681	1
651	681	1
667	687	0
703	681	1
725	681	1
754	681	1
771	681	1
803	681	1
825	681	1
855	683	0
876	681	1
900	681	1
924	681	1
952	681	1
972	681	1
1000	681	1
1018	681	1
