8	15	0
33	15	0
60	15	0
83	15	0
108	15	0
132	15	0
156	15	0
182	15	0
207	15	0
233	15	0
256	15	0
281	15	0
307	15	0
332	15	1
356	15	1
382	15	1
408	15	1
433	15	1
459	15	1
483	15	1
507	15	0
531	15	0
555	16	0
580	15	0
605	15	0
630	15	0
652	15	0
676	15	0
699	15	0
721	15	0
744	15	1
770	15	1
795	15	1
819	15	1
844	15	1
869	15	1
896	15	0
925	15	0
951	15	0
977	15	0
1001	15	0
1028	15	0
8	37	1
33	37	0
60	37	0
83	37	0
108	37	0
132	37	0
156	37	0
182	37	0
207	37	0
233	37	0
256	37	0
281	37	0
307	37	0
332	37	0
356	37	0
382	37	1
408	37	1
433	37	0
459	37	0
483	37	1
507	37	1
533	37	1
556	37	1
580	37	0
605	37	0
630	37	0
652	37	0
676	37	0
699	37	0
721	37	0
744	37	0
770	37	0
795	37	1
819	37	1
844	37	1
869	37	1
896	37	1
925	37	1
951	37	1
977	37	0
1001	37	0
1028	37	0
8	56	1
33	56	1
60	56	1
83	56	1
108	56	1
133	57	1
156	56	1
182	56	1
207	56	1
233	56	0
256	56	0
279	58	0
303	57	0
332	56	0
356	56	0
382	56	0
408	56	0
433	56	0
459	56	0
481	60	0
507	56	0
533	56	1
556	56	1
580	56	1
605	56	1
630	56	0
652	56	0
676	56	0
699	56	0
721	56	0
744	56	0
770	56	0
795	56	0
819	56	0
844	56	0
869	62	0
896	56	0
925	56	1
951	56	1
977	56	1
1001	56	1
1028	56	0
8	83	1
33	83	1
60	83	1
83	83	1
108	83	1
132	83	1
156	83	1
182	83	1
207	83	1
233	83	1
256	83	1
281	83	1
307	83	1
332	83	1
356	83	0
382	83	0
408	83	0
433	83	0
459	83	0
483	83	0
507	83	0
531	83	0
556	83	0
580	83	1
605	83	1
630	83	1
652	83	1
676	83	1
699	83	1
721	83	1
744	83	1
770	83	0
795	83	0
819	83	0
844	83	0
869	83	0
896	83	0
925	83	0
951	83	0
977	83	1
1001	83	1
1028	83	1
8	112	0
33	112	0
60	112	0
83	112	0
110	114	0
132	112	0
156	112	0
182	112	0
207	112	1
233	112	1
256	112	1
281	112	0
307	112	1
332	112	1
356	112	1
382	112	1
408	112	0
433	112	0
459	112	0
483	112	0
507	112	0
533	112	0
556	112	0
580	112	0
605	112	0
630	112	0
652	112	1
676	112	1
699	112	1
721	112	1
744	112	1
770	112	1
795	112	1
819	112	1
844	112	0
869	112	0
896	112	0
925	112	0
951	112	0
977	112	0
1001	112	0
1028	112	0
8	134	0
33	134	0
60	134	0
83	134	0
108	134	0
132	134	0
156	134	0
182	134	0
207	134	0
233	134	0
256	134	0
281	134	0
307	134	0
332	134	0
356	134	0
382	134	1
408	134	1
433	134	1
459	134	1
486	135	0
512	131	0
533	134	0
556	134	0
580	134	0
605	134	0
630	134	0
652	134	0
676	134	0
699	134	0
719	133	0
744	134	0
770	134	0
795	134	1
819	134	1
844	134	1
869	134	1
896	134	0
925	134	0
951	134	0
977	134	0
1001	134	0
1028	134	0
8	151	0
33	151	0
60	151	0
83	151	0
108	151	0
132	151	0
156	151	0
182	151	0
207	151	0
233	151	1
256	151	0
281	151	0
307	151	0
332	151	0
356	151	0
382	151	1
408	151	1
436	148	1
459	151	1
483	151	1
507	151	1
533	151	1
556	151	0
580	151	0
605	151	0
630	151	0
652	151	0
676	151	0
699	151	0
721	151	0
744	151	0
770	151	0
795	151	1
819	151	0
844	151	1
869	151	1
896	151	1
925	151	1
951	151	0
973	147	0
1003	151	0
1028	151	0
8	170	1
33	170	1
60	170	0
83	170	0
108	170	0
132	170	0
156	170	0
182	170	0
207	170	0
233	170	1
256	170	0
281	170	0
307	170	0
332	170	0
356	170	0
382	170	0
408	170	0
433	170	0
459	172	0
483	170	0
507	170	0
533	170	1
556	170	1
580	170	1
605	170	0
630	170	1
652	170	1
676	170	1
699	170	0
721	170	0
744	170	0
770	170	0
795	170	0
819	170	0
844	170	1
869	170	1
898	171	1
925	170	1
951	170	1
977	170	1
1001	170	1
1028	170	1
8	187	1
33	187	1
60	187	1
83	187	1
108	187	1
132	187	1
156	187	0
182	187	0
207	187	0
233	187	1
256	187	1
281	187	1
307	187	1
332	187	0
356	187	0
382	187	0
408	187	0
433	187	0
459	187	0
483	187	0
507	187	0
534	190	0
556	189	0
580	187	1
605	187	1
630	187	1
652	187	1
676	187	1
699	187	0
722	185	0
744	187	0
770	187	0
795	187	0
819	187	0
844	187	0
869	187	0
896	187	1
925	187	1
951	187	1
977	187	1
1001	187	1
1028	187	1
8	208	1
33	208	1
60	208	1
83	208	1
108	208	1
132	208	1
156	208	0
182	208	0
207	208	0
233	208	1
256	208	1
281	208	1
309	207	1
332	208	1
356	208	1
382	208	0
408	208	0
433	208	0
459	208	0
483	208	0
507	208	0
533	208	0
556	208	0
580	208	1
605	208	1
631	206	1
652	208	1
676	208	1
699	208	1
721	208	1
744	208	0
774	205	0
795	208	0
819	208	0
844	208	0
869	208	0
896	208	0
925	208	0
951	208	0
977	208	0
1001	208	1
1028	208	1
8	229	0
33	229	0
60	229	1
83	229	1
108	229	1
132	229	1
156	229	1
182	229	1
207	229	0
233	229	0
256	229	0
281	229	0
307	229	1
332	229	1
356	229	1
382	229	1
408	229	1
433	229	1
459	229	0
483	229	0
507	229	0
533	229	0
556	229	0
580	229	0
605	229	0
630	229	0
652	229	1
678	227	1
699	229	1
721	229	1
744	229	1
770	229	1
795	229	1
819	229	1
844	229	1
869	229	0
896	229	0
925	229	0
951	229	0
977	229	0
1001	229	0
1028	229	0
8	247	0
33	247	0
60	247	1
83	247	1
108	247	1
132	247	1
156	247	1
182	247	1
207	247	0
233	247	0
256	247	0
281	247	0
308	251	0
332	247	0
356	247	1
382	247	1
408	247	1
433	247	1
459	247	1
483	247	1
507	247	1
533	247	1
556	247	0
580	247	0
605	247	0
630	247	0
652	247	0
676	247	0
699	247	1
721	247	1
749	246	1
770	247	1
795	247	1
819	247	1
844	247	1
869	247	1
896	247	1
925	247	0
951	247	0
977	247	0
1001	247	0
1028	247	0
8	266	0
33	266	0
60	266	0
83	266	0
108	266	0
132	266	0
155	267	0
182	266	1
207	266	0
233	266	0
256	266	0
281	266	0
307	266	0
332	266	0
356	266	0
382	266	0
408	266	0
433	266	1
459	266	1
483	266	1
507	266	1
533	266	1
556	266	1
580	266	1
605	266	0
630	266	0
652	266	0
676	266	0
699	266	0
721	266	0
744	266	0
770	266	1
795	266	1
819	266	1
844	266	1
869	266	1
896	266	1
925	266	0
951	266	0
977	266	0
1001	266	0
1028	266	0
8	287	0
33	287	0
60	287	0
83	287	0
108	287	0
132	287	0
155	291	1
182	287	1
207	287	1
233	287	1
256	287	0
281	287	0
307	287	0
332	287	0
356	287	0
382	287	0
408	287	0
433	291	0
459	287	0
483	287	0
507	287	1
533	287	1
556	287	1
580	287	1
605	287	1
630	287	1
652	287	0
676	287	0
699	287	0
721	287	0
744	287	0
770	287	0
795	287	0
819	287	0
844	287	1
869	287	1
896	287	1
925	287	1
951	287	1
977	287	1
1001	287	1
1028	287	0
8	305	0
33	305	0
60	305	0
83	305	0
108	305	0
132	305	0
154	309	1
182	305	1
207	305	1
233	305	1
256	305	0
282	305	0
307	305	0
332	305	0
356	305	0
382	305	0
408	305	0
433	305	0
459	305	0
483	305	0
508	309	0
533	305	0
556	305	1
580	305	1
605	305	1
630	305	1
652	305	0
676	305	0
699	305	0
721	305	0
744	305	0
770	305	0
795	305	0
819	305	0
844	305	0
869	305	0
896	305	1
925	305	1
951	305	1
977	305	1
1001	305	1
1028	305	1
8	326	1
33	326	0
60	326	0
83	326	0
108	326	0
132	326	0
153	327	0
182	326	0
207	326	1
233	326	1
256	326	1
281	326	1
306	331	1
332	326	1
356	326	1
382	326	0
408	326	0
433	326	0
459	326	0
483	326	0
507	326	0
533	326	0
556	326	1
580	326	1
605	326	1
630	326	1
652	326	1
676	326	1
699	326	1
721	327	1
744	326	1
770	326	1
795	326	0
819	326	0
844	326	0
869	326	0
896	326	0
925	326	0
951	326	0
977	326	0
1001	326	0
1028	326	1
8	351	1
33	351	1
60	351	1
83	351	1
108	351	0
132	351	0
156	351	0
182	351	0
207	351	0
233	351	0
256	351	0
281	351	1
307	351	1
332	351	1
356	351	1
382	351	1
408	351	1
433	351	1
459	351	0
483	351	0
507	351	0
533	351	0
556	351	0
580	351	0
605	351	0
630	351	0
652	351	0
676	351	0
699	351	1
721	351	1
744	351	1
770	351	1
795	351	1
819	351	1
844	351	1
869	351	0
896	351	0
925	351	0
951	351	0
977	351	0
1001	351	0
1028	351	0
8	381	1
33	381	1
60	381	1
83	381	1
108	381	1
132	381	0
156	381	0
182	381	0
207	381	0
233	381	0
256	381	0
281	381	0
307	381	0
332	381	0
356	381	1
382	381	1
408	381	1
433	381	1
459	381	1
483	381	1
507	381	0
533	381	0
556	381	0
580	381	0
605	381	0
630	381	0
652	381	0
676	381	0
699	381	0
721	381	0
744	381	0
770	381	1
795	381	1
819	381	1
844	381	1
869	381	1
896	381	1
925	381	1
951	381	1
977	381	1
1001	381	0
1028	381	0
8	414	0
33	414	0
60	414	0
83	414	1
108	414	1
132	414	1
156	414	1
182	414	1
207	414	1
233	414	1
256	414	1
281	414	0
307	414	0
332	414	0
356	414	0
382	414	0
408	414	0
433	414	0
459	414	0
483	414	1
507	414	1
531	407	1
554	400	1
580	414	1
605	414	1
630	414	1
652	414	1
676	414	0
699	414	0
721	414	0
744	414	0
770	414	0
795	414	0
819	414	0
844	414	0
869	414	1
896	414	1
925	414	1
951	414	1
977	414	1
1001	414	1
1028	414	1
8	431	0
33	431	0
60	431	0
83	431	0
108	431	1
132	431	1
156	431	1
182	431	1
208	432	1
233	431	1
256	431	1
281	431	1
307	431	0
332	431	0
356	431	0
382	431	0
408	431	0
433	431	0
459	431	0
483	431	0
507	431	0
533	431	1
556	431	1
580	431	1
605	431	1
630	431	1
652	431	1
676	431	1
699	431	0
721	431	0
744	431	0
770	431	0
795	431	0
819	431	0
844	431	0
869	431	0
895	433	0
925	431	0
951	431	1
977	431	1
1001	431	1
1028	431	1
8	455	0
33	455	0
60	455	0
83	455	0
108	455	0
132	455	0
156	455	0
182	455	0
207	455	0
233	455	1
256	455	1
281	455	1
307	455	1
332	455	1
356	455	1
382	455	1
408	455	1
433	455	1
459	455	0
483	455	0
507	455	0
533	455	0
556	455	0
580	455	0
605	455	1
630	455	1
652	455	1
676	455	1
699	455	1
721	455	1
744	455	1
770	455	0
795	455	0
819	455	0
844	455	0
869	455	0
896	455	0
925	455	0
951	455	0
977	455	0
1001	455	0
1028	455	1
8	473	1
33	473	1
60	473	1
83	473	0
108	473	0
132	473	0
156	473	0
182	473	0
207	473	0
233	473	0
256	473	0
281	473	0
307	473	0
332	473	1
356	473	1
382	473	1
408	473	1
433	473	1
459	473	0
483	473	0
507	473	0
533	473	0
556	473	0
580	473	0
605	473	0
630	473	0
652	473	0
676	473	1
699	473	1
721	473	1
744	473	1
770	473	1
795	473	1
819	473	1
844	473	0
869	473	0
896	471	0
925	473	0
951	473	0
977	473	0
1001	473	0
1028	473	0
8	493	1
33	493	1
60	493	1
83	493	1
108	493	1
132	493	1
156	493	0
182	493	0
207	493	0
233	493	0
256	493	0
281	493	0
307	493	0
331	495	0
356	493	0
382	493	0
408	493	1
433	493	1
459	493	1
483	493	1
507	493	0
533	493	0
556	493	0
580	493	0
605	493	0
630	493	0
652	493	0
676	493	0
699	493	0
721	493	0
744	493	1
770	493	1
795	493	1
819	493	1
844	493	1
869	493	1
896	493	1
925	493	0
951	493	0
977	493	0
1001	493	0
1028	493	0
8	517	0
33	517	1
60	517	1
83	517	1
108	517	1
132	517	1
156	517	1
182	517	1
207	517	1
233	517	0
256	517	0
281	517	0
307	517	0
332	517	0
356	517	0
382	517	0
408	517	0
433	517	0
459	517	1
483	517	1
507	517	1
533	517	1
554	519	1
580	517	1
605	517	1
630	517	0
652	517	0
676	517	0
699	517	0
721	517	0
744	517	0
770	517	0
795	517	0
819	517	1
844	517	1
869	517	1
896	517	1
925	517	1
951	517	1
977	517	1
1001	517	1
1028	517	1
8	537	0
33	537	0
60	537	0
83	537	0
108	537	0
132	537	1
156	537	1
182	537	1
207	537	1
233	537	1
256	537	1
281	537	0
307	537	0
332	537	0
356	537	0
382	537	0
408	537	0
433	537	0
459	537	1
483	537	1
511	535	1
533	537	1
556	537	1
580	537	1
605	537	1
630	537	1
652	537	1
676	537	1
699	537	0
721	537	0
744	537	0
770	537	0
795	537	0
819	537	0
844	537	0
869	537	1
896	537	1
925	537	1
951	537	1
977	537	1
1001	537	1
1028	537	1
8	553	0
33	553	0
62	554	0
83	553	0
108	553	0
132	553	0
156	553	0
182	553	0
207	553	1
233	553	1
256	553	1
281	553	1
307	553	1
332	553	1
356	553	0
382	553	0
408	553	0
433	553	0
459	553	0
483	553	0
507	553	0
533	553	1
556	553	1
580	553	1
605	553	1
630	553	1
652	553	1
676	553	1
699	553	1
721	553	0
744	553	0
770	553	0
795	553	0
819	553	0
844	553	0
869	553	0
896	553	0
925	553	1
951	553	1
977	553	1
1001	553	1
1028	553	1
8	575	1
33	575	1
60	575	1
83	575	1
108	575	0
132	575	0
156	575	0
182	575	0
207	575	0
233	575	0
256	575	1
281	575	1
307	575	1
332	575	1
356	575	1
382	575	1
408	575	0
433	575	0
459	575	0
483	575	0
507	575	0
533	575	0
556	575	0
580	575	0
603	577	0
630	575	0
652	575	1
676	575	1
699	575	1
721	575	1
744	575	1
770	575	1
795	575	1
819	575	1
844	575	0
869	575	0
896	575	0
925	575	0
951	575	0
977	575	0
1001	575	1
1028	575	1
7	598	0
33	595	0
60	595	0
83	595	0
108	595	0
132	595	0
156	595	0
182	595	0
207	595	0
233	595	0
256	595	0
281	595	0
307	595	1
332	595	1
356	595	1
382	595	1
408	595	1
433	595	1
459	595	1
483	595	0
507	595	0
533	595	0
556	595	0
580	595	0
605	595	0
630	595	0
652	595	0
676	595	0
699	595	0
721	595	1
744	595	1
770	595	1
795	595	1
819	595	1
844	595	0
870	591	0
896	595	0
925	595	0
951	595	0
977	595	0
1001	595	0
1028	595	0
8	621	1
33	621	1
60	621	1
83	621	1
108	621	1
132	621	0
156	621	0
182	621	0
207	621	0
233	621	0
256	621	0
281	621	0
307	621	0
332	621	0
356	621	0
382	621	1
408	621	1
433	621	1
459	621	1
483	621	1
507	621	1
533	621	1
556	621	0
580	621	0
605	621	0
630	621	0
652	621	0
676	621	0
699	621	0
721	621	0
744	621	0
770	621	0
795	621	1
819	621	1
844	621	1
869	621	1
896	621	0
925	621	0
951	621	0
977	621	0
1001	621	0
1028	621	0
8	640	1
33	640	1
60	640	1
83	640	1
108	640	1
132	640	1
156	640	1
182	640	1
207	640	0
233	640	0
256	640	0
281	640	0
307	640	0
332	640	0
356	640	0
382	640	0
408	640	0
433	640	0
459	640	1
483	640	1
507	640	1
533	640	1
556	640	1
580	640	1
605	640	0
630	640	0
652	640	0
676	640	0
699	640	0
721	640	0
744	640	0
770	640	0
795	640	0
819	640	0
844	640	1
869	640	1
896	640	1
925	640	1
951	640	1
977	640	1
1001	640	1
1028	640	1
8	659	0
33	659	0
60	659	0
83	659	0
108	659	1
132	659	1
157	661	1
182	659	1
207	659	1
233	659	1
256	659	1
281	659	0
308	661	0
332	659	0
356	659	0
382	659	0
408	659	0
433	659	0
459	659	0
483	659	0
507	659	1
533	659	1
556	659	1
580	659	1
605	659	1
630	659	1
652	659	1
676	659	0
699	659	0
721	659	0
744	659	0
770	659	0
795	659	0
819	659	0
844	659	0
869	659	0
896	659	0
925	659	1
951	659	1
977	659	1
1001	659	1
1028	659	1
8	682	1
33	682	0
60	682	0
83	682	0
108	682	0
132	682	0
156	682	0
184	687	0
207	682	0
233	682	0
256	682	1
281	682	1
307	682	1
332	682	0
356	682	0
382	682	0
408	682	0
433	682	0
459	682	0
483	682	0
507	682	0
533	682	0
556	682	0
580	682	1
605	682	1
630	682	1
652	682	1
676	682	1
699	682	1
721	682	1
744	682	1
770	682	0
795	682	0
819	682	0
844	682	0
869	682	0
896	682	0
925	682	0
951	682	0
977	682	1
1001	682	1
1028	682	1
