8	14	0
31	14	0
57	14	1
83	14	1
107	14	1
133	14	1
159	14	1
185	14	1
214	14	1
238	14	1
266	14	1
293	14	1
317	14	0
344	14	0
372	14	0
400	14	0
427	11	1
455	14	1
490	14	1
516	14	1
543	14	1
571	14	1
600	14	1
629	14	1
654	14	0
683	14	0
708	14	0
734	14	1
760	14	1
789	14	1
817	14	1
846	14	1
875	14	1
901	14	1
928	14	1
958	9	0
975	10	0
1001	14	0
1025	14	0
8	31	0
31	31	0
57	31	0
83	31	0
107	31	1
133	31	1
159	31	1
185	31	1
214	31	1
238	31	1
266	31	1
293	31	1
317	31	1
344	31	1
372	31	1
400	31	0
427	31	0
455	31	1
490	31	1
516	31	1
543	31	1
571	31	1
600	31	1
629	31	1
654	31	1
683	31	0
708	31	0
734	31	0
760	31	0
789	31	1
817	31	1
846	31	1
875	31	1
901	31	1
928	31	1
951	31	1
976	31	1
1004	30	0
1025	31	0
8	51	0
31	51	0
57	51	0
83	51	0
107	51	0
134	55	0
159	52	0
185	51	1
214	51	1
238	51	1
266	51	1
293	51	1
317	51	1
344	51	1
372	51	1
399	49	0
427	51	0
455	51	0
490	51	0
516	51	1
543	51	1
571	51	1
600	51	1
629	51	1
654	51	1
683	51	1
708	51	1
734	51	0
760	51	0
789	51	0
817	51	0
846	51	1
875	51	1
901	51	1
928	51	1
951	51	1
976	51	1
1001	51	1
1025	51	1
8	72	1
31	72	1
57	72	1
83	72	0
107	72	0
133	72	0
159	72	0
185	72	0
214	72	0
238	72	1
266	72	1
293	72	1
317	72	1
344	72	1
372	72	1
400	72	1
427	72	1
455	69	0
488	69	0
516	72	0
543	72	0
571	72	1
600	72	1
629	72	1
654	72	1
683	72	1
708	72	1
734	72	1
760	72	1
789	72	0
817	72	0
846	72	0
875	72	0
901	72	0
928	72	1
951	72	1
976	72	1
1001	72	1
1025	72	1
8	94	1
31	94	1
57	94	1
83	94	1
107	94	1
133	94	1
159	94	1
185	94	1
214	94	1
238	94	0
266	94	0
293	94	1
317	94	1
344	94	1
372	94	1
400	94	1
427	94	1
455	94	1
490	94	1
516	94	0
543	94	0
571	94	0
600	94	0
629	94	1
654	94	1
683	94	1
708	94	1
734	94	1
760	94	1
789	94	1
817	94	1
846	94	0
875	94	0
901	94	0
930	94	0
951	94	0
978	103	1
999	99	1
1028	101	1
8	115	0
31	115	0
57	115	1
83	115	1
107	115	1
133	115	1
159	115	1
185	115	1
214	115	1
238	115	1
266	115	1
295	123	0
314	124	0
340	121	0
372	115	1
400	115	1
427	115	1
455	115	1
490	115	1
516	115	1
543	115	1
571	115	0
600	115	0
629	115	0
653	119	0
685	119	0
708	115	1
734	115	1
760	115	1
789	115	1
817	115	1
846	115	1
875	115	1
901	115	1
928	115	0
951	115	0
976	115	0
1003	119	0
1024	122	0
8	143	0
31	143	0
57	143	0
83	143	0
107	143	0
133	143	1
159	143	1
185	143	1
214	143	1
238	143	1
266	143	1
294	148	1
314	146	1
344	143	0
372	143	0
400	143	0
427	143	1
455	143	1
490	143	1
516	143	1
543	143	1
571	143	1
600	143	1
629	143	1
654	143	0
683	143	0
708	143	0
734	143	0
760	143	1
789	143	1
817	143	1
846	143	1
875	143	1
901	143	1
928	143	1
951	143	1
976	143	1
1001	143	0
1025	143	0
8	169	0
31	169	0
57	169	0
82	167	0
107	169	0
133	169	0
159	169	1
185	169	1
214	169	1
238	169	1
266	169	1
293	169	1
317	169	1
344	169	1
372	169	1
400	169	1
432	171	0
455	169	0
490	169	1
516	169	1
543	169	1
571	169	1
600	169	1
629	169	1
654	169	1
683	169	1
708	169	1
729	168	0
761	170	0
789	169	0
817	169	0
846	169	1
875	169	1
901	169	1
928	169	1
951	169	1
976	169	1
1001	169	1
1025	169	1
8	187	1
31	187	1
57	187	1
83	187	1
107	187	0
133	187	0
159	187	0
185	187	0
214	187	0
238	187	0
266	187	1
293	187	1
317	187	1
344	187	1
372	187	1
400	187	1
427	187	1
457	188	0
490	187	0
516	188	0
542	185	0
571	187	1
600	187	1
629	187	1
654	187	1
683	187	1
708	187	1
734	187	1
760	187	1
789	187	0
817	187	0
846	187	0
875	187	0
901	187	0
928	187	1
951	187	1
976	187	1
1001	187	1
1025	187	1
8	204	1
31	204	1
57	204	1
83	204	1
107	204	1
133	204	1
159	204	0
185	200	0
214	204	0
238	204	0
266	204	0
293	204	1
317	204	1
344	204	1
372	204	1
400	204	1
427	204	1
455	204	1
490	204	1
516	204	0
543	204	0
571	204	1
600	204	1
629	204	1
654	204	1
683	204	1
708	204	1
734	204	1
760	204	1
789	204	1
817	204	1
846	204	0
875	204	0
901	204	0
928	204	1
951	204	1
976	204	1
1001	204	1
1025	204	1
8	231	1
31	231	1
57	231	1
83	231	1
107	231	1
133	231	1
159	231	1
185	231	1
218	228	0
238	231	0
266	231	0
293	231	0
317	231	0
344	231	1
372	231	1
400	231	1
427	231	1
455	231	1
490	231	1
516	231	1
543	231	1
575	231	0
600	231	0
629	231	0
652	233	0
683	231	1
708	231	1
734	231	1
760	231	1
789	231	1
817	231	1
846	231	1
875	231	1
901	231	1
928	231	0
951	231	0
976	231	0
1001	231	1
1025	231	1
8	257	0
31	257	0
57	257	0
83	257	1
107	257	1
133	257	1
159	257	1
185	257	1
214	257	1
238	257	1
266	257	1
290	258	1
317	257	0
344	257	0
372	257	0
400	257	0
427	257	1
455	257	1
490	257	1
516	257	1
543	257	1
571	257	1
600	257	1
629	257	1
654	257	0
683	257	0
708	257	0
734	257	1
760	257	1
789	257	1
817	257	1
846	257	1
875	257	1
901	257	1
928	257	1
950	254	0
975	256	0
1001	257	0
1025	257	0
8	275	0
31	275	0
57	275	0
83	275	0
107	275	0
133	275	0
159	275	1
185	275	1
214	275	1
238	275	1
266	275	1
293	275	1
317	275	1
344	275	1
372	275	0
400	275	0
427	275	0
453	277	0
490	275	1
516	275	1
543	275	1
571	275	1
600	275	1
629	275	1
654	275	1
683	275	0
708	275	0
734	275	0
760	275	0
789	275	1
817	275	1
846	275	1
875	275	1
901	275	1
928	275	1
951	275	1
976	275	1
1001	275	0
1025	275	0
8	294	1
31	294	1
55	295	0
84	292	0
107	294	0
134	292	0
159	294	0
185	294	0
214	294	1
238	294	1
266	294	1
293	294	1
317	294	1
344	294	1
372	294	1
400	294	1
427	294	0
455	294	0
490	294	0
516	299	0
543	294	1
571	294	1
600	294	1
629	294	1
654	294	1
683	294	0
708	294	0
734	294	0
760	294	0
789	294	0
817	294	0
846	294	1
875	294	1
901	294	1
928	294	1
951	294	1
976	294	1
1001	294	1
1025	294	1
8	317	1
31	317	1
57	317	1
83	317	1
107	317	1
133	317	1
156	317	0
186	315	0
214	317	0
238	317	0
266	317	1
293	317	1
317	317	1
344	317	1
372	317	1
400	317	1
427	317	1
455	317	1
490	317	0
516	317	0
543	317	0
571	317	0
600	317	1
629	317	1
654	317	1
683	317	1
708	317	1
734	317	1
760	317	1
788	315	0
817	315	0
846	317	0
875	317	0
901	317	1
928	317	1
951	317	1
976	317	1
1001	317	1
1025	317	1
8	342	1
31	342	1
57	342	1
83	342	1
107	342	1
133	342	1
159	342	1
185	342	1
214	342	0
238	342	0
266	342	0
293	342	0
317	342	0
344	342	1
372	342	1
400	342	1
427	342	1
455	342	1
490	342	1
516	342	1
543	342	1
571	342	0
600	342	0
629	342	0
651	345	0
683	342	1
713	350	1
734	350	1
760	342	1
789	342	1
817	342	1
846	342	1
875	342	1
901	342	0
928	342	0
951	342	0
976	342	1
1001	342	1
1025	342	1
8	371	0
31	371	0
57	371	0
83	371	1
107	371	1
133	371	1
159	371	1
185	371	1
214	371	1
238	371	1
266	371	1
293	371	1
317	371	1
344	371	0
372	371	0
400	371	0
427	371	1
455	371	1
490	371	1
516	371	1
543	371	1
571	371	1
600	371	1
629	371	0
654	371	0
683	371	0
708	371	0
734	371	0
760	371	0
789	371	1
817	371	1
846	371	1
875	371	1
901	371	1
928	371	1
951	371	1
976	371	0
1001	371	0
1025	371	0
8	399	1
31	399	1
57	399	1
83	399	0
107	399	0
133	399	1
159	399	1
185	399	1
214	399	1
238	399	1
266	399	1
293	399	1
317	399	1
344	399	1
372	395	0
398	396	0
427	399	0
455	399	0
490	399	1
516	399	1
543	399	1
571	399	1
600	399	1
629	399	1
654	399	1
683	399	1
708	399	0
734	399	0
760	399	0
789	399	0
817	399	0
846	399	1
875	399	1
901	399	1
928	399	1
951	399	1
976	399	1
1001	399	1
1025	399	1
8	422	1
31	422	1
57	422	1
83	422	1
107	422	1
133	422	1
159	422	0
185	422	0
214	422	1
238	422	1
266	422	1
293	422	1
317	422	1
344	422	1
372	422	1
400	422	1
427	422	0
455	422	0
490	422	0
516	422	0
543	422	0
571	422	1
600	422	1
629	422	1
654	422	1
683	422	1
708	422	1
734	422	1
763	426	0
789	422	0
817	422	0
846	422	0
875	422	0
901	422	1
928	422	1
951	422	1
976	422	1
1001	422	1
1025	422	1
8	441	1
31	441	1
57	441	1
83	441	1
107	441	1
133	441	1
155	441	0
185	441	0
214	441	0
238	441	0
266	441	0
293	441	1
317	441	1
344	441	1
372	441	1
400	441	1
427	441	1
455	441	1
490	441	0
516	441	0
543	441	0
571	441	0
600	441	0
629	441	1
654	441	1
683	441	1
708	441	1
734	441	1
760	441	1
789	441	1
817	441	1
846	441	0
875	441	0
901	441	1
928	441	1
951	441	1
976	441	1
1001	441	1
1025	441	1
8	475	1
31	475	1
57	475	1
83	475	1
107	475	1
133	475	1
159	475	1
185	475	1
212	471	0
242	469	1
266	475	0
293	475	0
317	475	0
344	475	0
372	475	1
400	475	1
427	475	1
455	475	1
490	475	1
516	475	1
543	475	1
571	475	0
600	475	0
629	475	0
654	475	0
683	475	1
708	475	1
734	475	1
760	475	1
789	475	1
817	475	1
846	475	1
875	475	1
901	475	0
928	475	0
951	475	0
976	463	1
999	464	1
1023	464	1
8	503	0
31	503	0
57	503	0
83	508	0
110	507	0
133	503	1
159	503	1
185	503	1
214	503	1
238	503	1
266	503	1
293	503	1
317	503	1
344	503	0
372	503	0
400	503	0
427	503	1
455	503	1
490	503	1
516	503	1
543	503	1
571	503	1
600	503	1
629	503	0
654	503	0
683	503	0
708	503	0
734	503	0
760	503	1
789	503	1
817	503	1
846	503	1
875	503	1
901	503	1
928	503	1
951	503	1
977	497	0
1005	503	0
1029	494	1
8	530	1
31	530	1
57	530	0
83	530	0
107	530	0
133	530	0
159	530	0
185	530	0
214	530	1
238	530	1
266	530	1
293	530	1
317	530	1
344	530	1
372	530	1
400	530	1
427	530	0
455	530	0
490	530	1
516	530	1
543	530	1
571	530	1
600	530	1
629	530	1
654	530	1
683	530	1
708	530	0
734	530	0
760	530	0
789	530	0
817	530	1
846	530	1
875	530	1
901	530	1
928	530	1
951	530	1
976	530	1
1001	530	1
1026	515	0
8	556	1
31	556	1
57	556	1
83	556	1
107	556	0
133	556	0
159	556	0
185	556	0
214	556	0
238	556	0
266	556	1
293	556	1
317	556	1
344	556	1
372	556	1
400	556	1
427	556	1
455	556	1
490	556	0
516	556	0
543	556	1
571	556	1
600	556	1
629	556	1
654	556	1
683	556	1
708	556	1
734	556	1
760	556	0
789	556	0
817	556	0
846	556	0
875	556	0
901	556	1
928	556	1
951	556	1
976	556	1
1001	556	1
1025	556	1
8	578	1
31	578	1
57	578	1
83	578	1
107	578	1
133	578	1
159	578	1
185	578	1
214	578	0
238	578	0
266	578	0
293	578	0
317	578	1
344	578	1
372	578	1
400	578	1
427	578	1
455	578	1
490	578	1
516	578	1
543	578	0
571	578	0
600	578	0
629	578	1
654	578	1
683	578	1
708	578	1
734	578	1
760	578	1
789	578	1
817	578	1
846	578	0
875	578	0
901	578	0
928	578	0
951	578	0
976	578	1
1001	578	1
1025	578	1
8	608	0
31	608	0
57	608	1
83	608	1
107	608	1
133	608	1
159	608	1
185	608	1
214	608	1
238	608	1
266	608	0
293	608	0
317	608	0
344	608	0
372	608	0
400	608	1
427	608	1
455	608	1
490	608	1
516	608	1
543	608	1
570	605	0
600	608	0
629	608	0
654	608	0
683	608	1
708	608	1
734	608	1
760	608	1
789	608	1
817	608	1
846	608	1
875	608	1
901	608	0
928	608	0
951	608	0
976	608	0
1001	608	0
1025	608	1
8	637	0
31	637	0
57	637	0
83	637	0
107	637	0
133	637	1
159	637	1
185	637	1
214	637	1
238	637	1
266	637	1
293	637	1
317	637	1
344	637	0
372	637	0
400	637	0
427	637	0
455	637	1
490	637	1
516	637	1
543	637	1
571	637	1
600	637	1
629	637	1
654	637	1
683	637	0
708	637	0
734	637	0
760	637	1
789	637	1
817	637	1
846	637	1
875	637	1
901	637	1
928	637	1
951	637	1
976	637	0
1001	637	0
1025	637	1
8	657	1
31	657	1
57	657	0
83	657	0
107	657	0
133	657	0
159	657	0
185	657	1
214	657	1
238	657	1
266	657	1
293	657	1
317	657	1
344	657	1
372	657	1
400	657	0
427	657	0
455	657	0
490	657	1
516	657	1
543	657	1
571	657	1
600	657	1
629	657	1
654	657	1
683	657	0
708	657	0
734	657	0
760	657	0
789	657	0
817	657	1
846	657	1
875	657	1
901	657	1
928	657	1
951	657	1
976	657	1
1001	657	1
1025	657	1
8	682	1
31	682	1
57	682	1
83	682	1
107	682	1
133	682	0
159	682	0
185	682	0
214	682	0
238	682	0
266	682	1
293	682	1
317	682	1
344	682	1
372	682	1
400	682	1
427	682	1
455	682	1
490	682	0
516	682	0
543	682	0
571	682	1
600	682	1
629	682	1
654	682	1
683	682	1
708	682	1
734	682	1
760	682	0
789	682	0
817	682	0
846	682	0
875	682	1
901	682	1
928	682	1
951	682	1
976	682	1
1001	682	1
1025	682	1
