8	11	0
27	11	0
50	11	0
71	11	1
95	11	1
117	11	1
139	11	1
161	11	1
183	11	1
207	11	1
231	11	1
254	11	1
277	11	1
299	11	1
323	11	1
347	11	0
371	11	0
394	11	0
419	11	0
443	11	0
467	11	0
492	11	0
516	11	0
542	11	0
565	11	0
590	11	0
613	11	0
638	11	0
663	11	0
689	11	0
715	11	0
741	11	0
767	11	1
795	11	1
823	11	1
847	11	1
871	11	1
895	11	1
919	11	1
943	11	1
966	11	1
988	11	1
1010	11	1
1031	11	1
8	29	0
27	29	0
50	29	0
71	29	1
95	29	0
117	29	0
139	29	0
161	29	0
183	29	1
207	29	1
231	29	1
254	29	1
277	29	1
299	29	1
323	29	1
347	29	1
370	29	0
393	28	0
415	28	0
439	28	0
467	29	0
492	29	0
516	29	0
542	29	0
565	29	0
590	29	0
613	29	0
638	29	0
663	29	0
689	29	0
715	29	0
741	29	0
767	29	0
795	29	0
823	29	0
847	29	0
871	29	1
895	29	1
919	29	1
943	29	1
966	29	1
989	27	1
1010	29	1
1031	29	1
8	53	0
27	53	0
50	53	0
71	53	0
95	53	0
117	53	0
139	53	0
161	53	0
183	53	1
207	53	1
231	53	0
254	53	0
277	53	0
299	53	1
323	53	1
347	53	1
371	53	1
394	53	1
419	53	1
443	53	1
467	53	1
492	53	1
516	53	1
542	53	0
565	53	0
590	53	0
613	53	0
638	53	0
663	53	0
689	53	0
715	53	0
741	53	0
767	53	0
795	53	0
823	53	0
847	53	0
871	53	0
895	53	0
919	53	0
943	53	0
966	53	0
988	53	0
1010	53	1
1031	53	1
8	72	0
27	72	0
50	72	0
71	72	0
95	72	0
117	72	0
139	72	0
161	72	0
183	72	0
207	72	0
231	72	0
254	72	0
277	72	0
299	72	1
323	72	1
347	72	0
371	72	0
394	72	0
419	72	1
443	72	1
467	72	1
492	72	1
516	72	1
542	72	1
565	72	1
590	72	0
613	72	0
638	72	0
663	72	0
689	72	0
715	72	0
741	72	0
767	72	0
795	72	0
823	72	0
847	72	0
871	72	0
895	72	0
919	72	0
943	72	0
966	72	0
988	72	0
1010	72	0
1031	72	1
8	93	0
27	93	0
50	93	0
71	93	0
95	93	0
117	93	0
139	93	0
161	93	0
183	93	0
207	93	0
231	93	0
254	93	0
277	93	0
299	93	0
323	93	0
347	93	0
371	93	0
394	93	0
419	96	0
443	93	0
467	93	0
492	93	0
516	93	1
542	93	1
565	93	1
590	93	1
613	93	1
638	93	1
663	93	1
689	93	0
715	93	0
741	93	0
768	93	0
795	93	0
823	93	0
847	93	0
871	93	0
895	93	0
919	93	0
943	93	0
966	93	0
988	93	0
1010	93	0
1031	93	1
8	117	1
27	117	1
50	117	1
71	117	1
95	117	0
117	117	0
139	117	0
162	120	0
183	117	0
207	117	0
231	117	0
254	117	0
277	117	0
299	117	0
323	117	0
347	117	0
371	117	0
394	117	0
419	117	0
443	117	0
467	117	0
492	117	0
516	117	0
542	117	0
565	117	0
590	117	0
619	125	1
638	117	1
663	117	1
689	117	1
715	117	1
741	117	1
767	117	1
795	117	1
823	117	1
847	117	1
871	117	1
895	117	0
919	117	0
943	117	0
966	117	0
986	115	0
1011	115	0
1030	113	1
8	143	0
27	143	0
50	143	1
71	143	1
95	143	1
117	143	1
139	143	1
161	143	1
183	143	1
207	143	0
231	143	0
254	143	0
277	143	0
299	143	0
323	143	0
347	143	0
371	143	0
394	143	0
419	143	0
443	143	0
467	143	0
492	143	0
516	143	0
542	143	0
565	143	0
590	143	0
613	143	0
638	143	0
663	143	0
689	143	0
715	143	1
741	143	1
767	143	1
795	143	1
823	143	1
847	143	1
871	143	1
895	143	1
919	143	1
943	143	1
966	143	1
988	143	1
1010	143	1
1031	143	1
8	163	0
27	163	0
52	166	0
71	163	0
95	163	0
117	163	0
139	163	0
161	163	1
183	163	1
207	163	1
231	163	1
254	163	1
277	163	1
299	163	1
323	163	1
347	163	1
371	163	1
394	163	1
419	163	0
443	163	0
467	163	0
492	163	0
516	163	0
542	163	0
565	163	0
590	163	0
613	163	0
638	163	0
663	163	0
689	163	0
715	163	0
741	163	0
767	163	0
795	163	0
823	163	0
847	163	1
871	163	1
895	163	1
919	163	0
943	163	0
966	163	1
988	163	1
1010	163	1
1031	163	1
8	183	0
27	183	0
50	183	0
71	183	0
95	183	0
117	183	0
139	183	0
161	183	0
184	183	0
207	183	0
231	183	0
254	183	1
277	183	1
299	183	1
323	183	1
347	183	1
371	183	1
394	183	1
419	183	1
443	183	1
467	183	1
492	183	1
516	183	1
542	183	0
565	183	0
590	183	0
613	183	0
638	183	0
663	183	0
689	183	0
715	183	0
741	183	0
767	183	0
795	183	0
823	183	0
847	183	0
871	183	0
895	183	0
919	183	0
943	183	0
966	183	1
988	183	1
1010	183	0
1031	183	0
8	205	0
27	205	0
50	205	0
71	205	0
95	205	0
117	205	0
139	205	0
161	205	0
183	205	0
207	205	0
231	205	1
254	205	1
277	205	1
299	205	1
326	202	1
347	205	1
371	205	1
394	205	1
419	205	1
443	205	1
467	205	1
492	205	1
516	205	1
542	205	0
565	205	0
590	205	0
613	205	0
638	205	0
663	205	0
689	205	0
715	205	0
741	205	0
767	205	0
795	205	0
823	205	0
847	205	0
871	205	0
895	205	0
919	205	0
943	205	0
966	205	0
988	205	0
1010	205	0
1031	205	0
8	226	0
27	226	0
50	226	0
71	226	0
95	226	0
117	226	0
139	226	0
161	226	0
183	226	0
207	226	0
231	226	0
254	226	0
277	226	0
299	226	0
323	226	0
347	226	1
371	226	1
394	226	1
423	221	1
442	220	1
467	226	1
492	226	1
516	226	1
542	226	1
565	226	1
590	226	1
613	226	1
638	226	1
663	226	1
689	226	1
715	226	1
741	226	0
767	226	0
795	226	0
823	226	0
847	226	0
871	226	0
895	226	0
919	226	0
943	226	0
966	226	0
988	226	0
1010	226	0
1031	226	0
8	246	1
27	246	1
50	246	0
71	246	0
95	246	0
117	246	0
139	246	0
161	246	0
183	246	0
207	246	0
231	246	0
254	246	0
277	246	0
299	246	0
323	246	0
347	246	0
371	246	0
394	246	0
419	246	0
443	246	0
470	248	0
492	246	0
516	246	0
542	246	0
565	246	0
590	246	1
613	246	1
638	246	1
663	246	1
689	246	1
715	246	1
741	246	1
767	246	1
795	246	1
823	246	1
847	246	1
871	246	0
895	246	0
919	246	0
943	246	0
966	246	0
988	246	0
1010	246	0
1031	246	0
8	263	1
27	263	1
50	263	1
71	263	1
95	263	1
117	263	1
139	263	1
161	263	0
183	263	0
207	263	0
231	263	0
254	263	0
277	263	0
299	263	0
323	263	0
347	263	0
371	263	0
394	263	0
419	263	0
443	263	0
467	263	0
492	263	0
516	263	0
542	263	0
565	263	0
590	263	1
613	263	1
638	263	1
663	263	1
689	261	1
715	263	1
741	263	1
767	263	1
795	263	1
823	263	1
847	263	1
871	263	1
895	263	1
919	263	1
943	263	1
966	263	1
988	263	1
1010	263	1
1031	263	0
8	277	1
27	277	1
50	277	1
71	277	1
95	277	1
117	277	1
139	277	1
163	277	0
183	279	0
209	276	0
229	278	0
254	277	0
277	277	0
299	277	0
323	277	0
347	277	0
371	277	0
394	277	0
419	277	0
443	277	0
467	277	0
492	277	0
516	277	0
542	277	0
565	277	0
590	277	0
613	277	0
638	277	0
663	277	0
689	277	0
715	277	1
741	277	1
764	275	1
795	274	1
823	277	1
847	277	1
871	277	1
895	277	1
919	277	1
943	277	1
966	277	1
988	277	1
1010	277	1
1031	277	0
10	300	0
25	300	0
50	297	0
71	297	0
95	297	0
117	297	1
139	297	1
161	297	1
183	297	1
207	297	1
231	297	1
254	297	1
277	297	1
299	297	1
323	297	1
347	297	1
371	297	1
394	297	0
419	297	0
443	297	0
467	297	0
492	297	0
516	297	0
542	297	0
565	297	0
590	297	0
613	297	0
638	297	0
663	297	0
689	297	0
715	297	0
741	297	0
767	297	0
795	297	0
823	299	0
847	297	0
871	297	0
895	297	0
919	297	1
943	297	1
966	297	1
988	297	1
1010	297	1
1031	297	0
8	314	0
27	314	0
50	314	0
71	314	0
95	314	0
117	314	1
139	314	1
161	314	1
185	313	1
209	314	1
231	314	1
254	314	1
277	314	1
299	314	1
323	314	1
347	314	1
371	314	1
394	314	1
419	314	1
443	314	1
467	314	1
492	314	0
516	314	0
542	314	0
565	314	0
590	314	0
613	314	0
638	314	0
663	314	0
689	314	0
715	314	0
741	314	0
767	314	0
795	314	0
823	314	0
847	314	0
871	314	0
895	314	1
919	314	1
943	314	1
966	314	0
988	314	0
1010	314	0
1031	314	0
8	330	0
27	330	0
50	330	0
71	330	0
95	330	0
117	330	0
139	330	0
161	330	0
183	330	0
207	330	1
231	330	1
254	330	1
276	328	1
299	330	0
323	330	1
347	330	1
371	330	1
394	330	1
419	330	1
443	330	1
467	330	1
492	330	1
519	331	1
542	330	1
565	330	1
590	330	0
613	330	0
638	330	0
663	330	0
689	330	0
715	330	0
741	330	0
767	330	0
795	330	0
823	330	0
847	330	0
871	330	0
895	330	0
919	330	0
943	330	0
966	330	0
988	330	0
1010	330	0
1031	330	0
8	348	0
27	348	0
50	348	0
71	348	0
95	348	0
117	348	0
139	348	0
161	348	0
183	348	0
207	351	0
231	348	0
254	348	0
277	348	0
299	348	0
323	348	1
347	348	1
371	348	1
395	347	1
421	346	1
443	348	1
467	348	1
492	348	1
516	348	1
542	348	1
565	348	1
590	348	1
613	348	1
638	348	1
663	348	1
689	348	1
715	348	0
741	348	0
767	348	0
795	348	0
823	348	0
847	348	0
871	348	0
895	348	0
919	348	0
943	348	0
966	348	0
988	348	0
1010	348	0
1031	348	1
8	364	0
27	364	0
50	364	0
71	364	0
95	364	0
117	364	0
139	364	0
161	364	0
183	364	0
207	364	0
231	364	0
254	364	0
277	364	0
299	364	0
323	364	0
347	364	0
371	364	0
394	364	0
422	364	1
443	364	1
467	364	1
492	364	1
519	363	1
542	364	1
565	364	1
590	364	1
613	364	1
638	364	1
663	364	1
689	364	1
715	364	1
741	364	1
767	364	1
795	364	1
823	364	0
847	364	0
871	364	0
895	364	0
920	366	0
943	364	0
966	364	0
988	364	0
1010	364	1
1031	364	1
8	385	0
27	385	0
50	385	0
69	387	0
95	385	0
117	385	0
139	385	0
161	385	0
183	385	0
207	385	0
231	385	0
254	385	0
277	385	0
299	385	0
323	385	0
347	385	0
371	385	0
394	385	0
419	385	0
443	385	0
467	385	0
492	385	0
516	385	0
542	385	1
565	385	1
590	385	1
617	384	1
637	381	1
663	385	1
689	385	1
715	385	1
741	385	1
767	385	1
795	385	1
823	385	1
847	385	1
871	385	1
895	385	1
919	385	1
943	385	0
966	385	0
988	385	0
1010	385	1
1031	385	1
8	407	1
27	407	1
50	407	1
71	407	1
95	407	1
117	407	1
139	407	0
161	407	0
183	407	0
207	407	0
231	407	0
254	407	0
277	407	0
299	407	0
323	407	0
347	407	0
371	407	0
394	407	0
419	407	0
443	407	0
467	407	0
492	407	0
516	407	0
542	407	0
565	407	0
590	407	0
613	407	0
638	407	1
663	407	1
689	407	1
715	407	1
743	406	1
767	407	1
795	407	1
823	407	1
847	407	1
871	407	1
895	407	1
919	407	0
943	407	0
966	407	0
988	407	0
1010	407	0
1031	407	0
8	440	0
27	440	0
50	440	0
71	440	1
95	440	1
117	440	1
139	440	1
161	440	1
183	440	1
207	440	1
231	445	1
254	444	1
277	440	1
299	440	1
323	440	1
347	440	0
371	440	0
394	440	0
419	440	0
443	440	0
467	440	0
492	440	0
516	440	0
542	440	0
565	440	0
590	440	0
613	440	0
638	440	0
663	440	0
689	440	0
715	440	0
741	440	0
769	441	0
795	440	0
823	440	0
847	440	0
871	440	0
895	440	1
919	440	1
943	440	1
966	440	1
988	440	1
1010	440	1
1031	440	0
8	459	0
27	459	0
50	459	0
71	459	1
95	459	1
117	459	1
139	459	1
161	459	1
183	459	1
207	459	1
231	459	1
254	459	1
277	459	1
299	459	1
323	459	1
347	459	1
371	459	1
394	459	1
419	459	1
443	459	1
467	459	0
492	459	0
516	459	0
542	459	0
565	459	0
590	459	0
613	459	0
638	459	0
663	459	0
689	459	0
715	459	0
741	459	0
767	459	0
795	459	0
823	459	0
847	459	0
871	459	0
895	459	0
919	459	0
943	459	0
966	459	0
990	460	0
1010	459	0
1031	459	0
8	473	0
27	473	0
50	473	0
71	473	0
95	473	0
117	473	0
139	473	0
161	473	0
183	473	1
207	473	1
231	473	1
254	473	1
277	473	1
299	473	1
323	473	1
347	473	1
371	473	1
394	473	1
419	473	1
443	473	1
466	478	1
492	473	1
516	473	1
542	473	0
565	473	0
590	473	0
613	473	0
638	473	0
663	473	0
689	473	0
715	473	0
741	473	0
767	473	0
795	473	0
823	473	0
847	473	0
871	473	0
895	473	0
919	473	0
943	473	0
966	473	0
988	473	0
1010	473	0
1031	473	0
8	492	0
27	492	0
50	492	0
71	492	0
95	492	0
117	492	0
139	492	0
161	492	0
185	495	0
206	495	0
231	492	0
254	492	0
277	492	0
299	492	1
323	492	1
347	492	1
372	490	1
394	492	1
419	492	1
443	492	1
467	492	1
492	492	1
516	492	1
542	492	1
565	492	1
590	492	1
613	492	1
638	492	1
663	492	1
689	492	0
715	492	0
741	492	0
767	492	0
795	492	0
823	492	0
847	492	0
871	492	0
895	492	0
919	492	0
943	492	0
966	492	0
988	492	0
1010	492	1
1031	492	1
8	509	0
27	509	0
50	509	0
71	509	0
95	509	0
117	509	0
139	509	0
161	509	0
183	509	0
207	509	0
231	509	0
254	509	0
277	509	0
299	509	0
323	509	0
347	509	0
371	509	0
388	511	0
420	511	0
443	509	0
467	509	0
492	509	0
516	509	1
542	509	1
565	509	1
590	509	1
613	509	1
638	509	1
663	509	1
689	509	1
715	509	1
741	509	1
767	509	1
795	509	0
823	509	0
847	509	0
871	509	0
895	509	0
919	509	0
943	509	0
966	509	0
988	509	0
1010	509	1
1031	509	1
8	523	0
27	523	0
50	523	0
71	523	0
95	523	0
117	523	0
139	523	0
161	523	0
183	523	0
207	523	0
231	523	0
254	523	0
277	523	0
299	523	0
323	523	0
347	523	0
371	523	0
394	523	0
419	523	0
443	523	0
467	523	0
492	523	0
516	523	1
542	523	1
565	523	1
590	523	1
613	523	1
638	523	1
663	523	1
689	523	1
715	523	1
741	523	1
767	523	1
795	523	0
823	523	0
847	523	0
871	524	0
895	523	0
919	523	0
943	523	0
966	523	0
988	523	0
1010	523	1
1031	523	1
8	550	1
27	550	1
50	550	1
71	550	1
94	547	0
116	547	0
139	547	0
161	550	0
183	550	0
207	550	0
231	550	0
254	550	0
277	550	0
299	550	0
323	550	0
347	550	0
371	550	0
394	550	0
419	550	0
443	550	0
467	550	0
492	550	0
516	550	0
542	550	0
565	550	0
590	550	0
615	553	0
638	550	0
663	550	0
689	550	0
715	550	0
741	550	1
767	550	1
795	550	1
823	550	1
847	550	1
871	550	1
895	551	1
919	550	1
943	550	1
966	550	1
988	550	0
1010	550	0
1031	550	0
8	579	0
27	579	1
50	579	1
71	579	1
95	579	1
117	579	1
139	579	1
161	579	1
183	579	1
207	581	1
231	579	1
254	579	1
277	579	1
299	579	0
323	579	0
347	579	0
371	579	0
394	579	0
419	579	0
443	579	0
467	579	0
492	579	0
516	579	0
542	579	0
565	579	0
590	579	0
613	579	0
638	579	0
663	579	0
689	579	0
715	579	0
741	579	0
767	579	0
795	579	0
823	579	1
847	579	1
871	579	1
895	579	1
919	579	1
943	579	1
966	579	1
988	579	1
1010	579	0
1031	579	0
8	600	0
27	600	1
50	600	1
68	598	1
92	594	1
119	598	1
139	600	1
161	600	1
183	600	1
207	600	1
231	600	1
254	600	1
277	600	1
299	600	1
323	600	1
347	600	1
371	600	1
394	600	1
419	600	0
443	600	0
467	600	0
492	600	0
516	600	0
542	600	0
565	600	0
590	600	0
613	600	0
638	600	0
663	600	0
689	600	0
715	600	0
741	600	0
767	600	0
795	600	0
824	603	0
850	603	0
871	600	0
895	600	0
919	600	0
943	600	1
966	600	1
988	600	1
1010	600	0
1031	600	0
8	617	0
27	617	0
50	617	0
71	617	0
95	617	0
117	617	0
139	617	1
161	617	1
183	617	1
207	617	1
231	617	1
254	617	1
277	617	1
299	617	1
323	617	1
347	617	1
371	617	1
394	617	1
419	617	1
443	617	1
467	617	1
492	617	1
516	617	1
542	617	0
565	617	0
590	617	0
613	617	0
638	617	0
663	617	0
689	617	0
715	617	0
741	617	0
767	617	0
795	617	0
823	617	0
847	617	0
871	617	0
895	617	0
919	617	0
943	617	0
966	617	0
988	617	1
1010	617	1
1031	617	1
8	639	0
27	639	0
50	639	0
71	639	0
95	639	0
117	639	0
139	639	0
161	639	0
183	639	0
207	639	0
231	639	1
254	639	1
277	639	1
297	636	1
330	631	1
347	639	1
371	639	1
394	639	1
419	639	1
443	639	1
467	639	1
492	639	1
516	639	1
542	639	1
565	639	1
590	639	1
613	639	1
638	639	0
663	639	0
689	639	0
715	639	0
741	639	0
767	639	0
795	639	0
823	639	0
847	639	0
871	639	0
895	639	0
919	639	0
943	639	0
966	639	0
988	639	1
1010	639	1
1031	639	1
8	659	0
27	659	0
50	659	0
71	659	0
95	659	0
117	659	0
139	659	0
161	659	0
183	659	0
207	659	0
231	659	0
254	659	0
277	659	0
299	659	0
323	659	0
347	659	1
371	659	1
394	659	1
420	656	1
443	659	1
467	659	1
492	659	1
516	659	1
542	659	1
565	659	1
590	659	1
613	659	1
639	664	1
663	659	1
689	659	1
715	659	1
741	659	0
767	659	0
795	659	0
823	659	0
847	659	0
871	659	0
895	659	0
919	659	0
943	659	0
966	659	0
988	659	1
1010	659	1
1031	659	1
8	679	1
27	679	1
50	679	0
71	679	0
95	679	0
117	679	0
139	679	0
161	679	0
183	679	0
207	679	0
231	679	0
254	679	0
277	679	0
299	679	0
323	679	0
347	679	0
371	679	0
394	679	0
419	679	0
443	679	0
465	683	0
491	682	0
518	681	0
540	680	0
565	679	0
590	679	1
613	679	1
638	679	1
663	679	1
689	679	1
715	679	1
741	679	1
767	679	0
795	679	1
823	679	1
847	679	0
871	679	0
895	679	0
919	679	0
943	679	0
966	679	0
988	679	1
1010	679	1
1031	679	0
