12	13	1
34	13	1
59	13	0
83	13	0
107	13	0
134	13	0
159	13	1
183	13	1
211	13	1
236	13	1
263	13	1
291	13	1
317	13	1
345	13	1
368	13	1
395	13	1
423	13	0
453	12	0
475	13	0
502	13	0
527	13	0
552	8	1
581	13	0
609	13	1
632	13	1
655	13	0
677	13	1
700	13	1
728	13	0
752	13	0
778	13	0
805	13	0
830	13	0
855	13	0
879	13	0
907	13	0
934	13	0
959	13	0
983	13	0
1007	13	0
1028	13	1
12	35	1
34	35	1
59	35	1
83	35	1
107	35	1
134	35	0
159	35	0
183	35	0
211	35	1
236	35	1
263	35	1
291	35	1
317	35	1
345	35	1
368	35	1
395	35	1
423	35	1
451	35	1
475	35	0
500	34	0
525	34	0
554	35	0
581	35	0
609	35	0
632	35	0
655	35	0
677	35	1
700	35	1
728	35	0
752	35	0
778	35	0
805	35	0
830	35	0
855	35	0
879	35	0
907	35	0
934	35	0
959	35	0
983	35	0
1007	35	0
1028	35	1
12	51	1
34	51	1
59	51	1
83	51	1
107	51	1
134	51	1
159	51	1
183	51	1
211	51	0
236	51	0
263	51	0
291	51	1
317	51	1
345	51	1
368	51	1
395	51	1
423	51	1
451	51	1
475	51	1
502	51	1
527	51	1
554	51	0
581	51	0
609	51	0
632	51	0
655	51	0
677	51	1
700	51	1
728	58	1
752	59	1
776	57	1
805	51	0
830	51	0
855	51	0
879	51	0
907	51	0
934	51	0
959	51	0
983	51	0
1007	51	0
1028	51	0
12	79	1
34	79	1
59	79	1
83	79	1
107	79	1
134	79	1
159	79	1
183	79	1
211	79	0
236	79	0
263	79	0
291	79	0
317	79	0
345	79	1
368	79	1
395	79	1
423	79	1
451	79	1
475	79	1
502	79	1
527	79	1
554	79	1
581	79	1
609	79	0
632	79	0
655	79	0
677	79	0
700	79	0
728	79	1
752	79	1
778	79	1
805	79	1
830	79	1
855	79	1
879	79	1
907	79	0
934	79	0
959	79	0
983	79	0
1007	79	0
1028	79	0
12	100	0
34	100	1
59	100	1
83	100	1
107	100	1
134	100	1
159	100	1
183	100	1
211	100	1
236	100	1
263	100	1
291	100	0
317	100	0
345	100	0
368	100	0
395	100	0
423	100	1
451	100	1
475	100	1
502	100	1
527	100	1
554	100	1
581	100	1
609	100	1
632	100	1
655	100	1
677	100	0
700	100	0
728	100	0
752	100	0
778	100	1
805	100	1
830	100	1
855	100	1
879	100	1
907	100	1
934	100	1
959	100	1
983	100	0
1007	100	0
1028	100	0
12	125	0
34	125	0
59	125	0
81	123	0
107	125	1
134	125	1
159	125	1
183	125	1
211	125	1
236	125	1
263	125	1
291	125	1
317	125	1
345	125	0
368	125	0
395	125	0
423	127	0
451	125	1
475	125	1
502	125	1
527	125	1
554	125	1
581	125	1
609	125	1
632	125	1
655	125	1
677	125	1
700	125	1
728	125	1
752	125	0
778	125	0
805	125	1
830	125	1
855	125	0
879	125	0
907	125	1
934	125	1
959	125	1
983	125	1
1007	125	1
1028	125	1
12	155	1
34	155	1
59	155	0
83	155	0
107	155	0
134	155	0
159	155	0
183	155	0
211	155	1
236	155	1
263	155	1
291	155	1
317	155	1
345	155	1
368	155	1
395	155	1
423	155	1
451	155	0
475	155	0
502	155	0
527	155	0
554	155	0
581	155	1
609	155	1
632	155	1
655	155	1
677	155	1
700	155	1
728	155	1
752	155	1
778	155	1
805	155	1
830	155	1
855	155	0
879	155	0
907	155	0
934	155	0
959	155	0
983	155	0
1007	155	1
1028	155	1
12	179	1
34	179	1
59	179	1
83	179	1
107	179	1
134	179	0
155	175	0
183	179	0
211	179	0
236	179	0
263	179	1
291	179	1
317	179	1
345	179	1
368	179	1
395	179	1
423	179	1
451	179	1
475	179	1
502	179	1
527	177	0
553	178	0
581	179	0
609	179	0
632	179	0
655	177	0
677	179	1
700	179	1
728	179	1
752	179	1
778	179	1
805	179	1
830	179	1
855	179	1
879	179	1
907	179	0
934	179	0
959	179	0
983	179	0
1007	179	0
1028	179	0
12	203	1
34	203	1
59	203	1
83	203	1
107	203	1
134	203	1
159	203	1
183	203	1
213	202	0
235	204	0
263	203	0
291	203	0
317	203	0
345	203	1
368	203	1
395	203	1
423	203	1
451	203	1
475	203	1
502	203	1
527	203	1
554	203	1
581	203	1
609	203	0
632	203	0
655	203	0
677	203	0
700	203	0
728	203	1
752	203	1
778	203	1
805	203	1
830	203	1
855	203	1
879	203	1
907	203	1
934	203	0
959	203	0
983	203	0
1007	203	0
1028	203	0
7	223	0
36	223	0
59	223	1
83	223	1
107	223	1
134	223	1
159	223	1
183	223	1
211	223	1
236	223	1
263	223	0
291	223	0
317	223	0
345	223	0
368	223	0
395	223	1
423	223	1
451	223	1
475	223	1
502	223	1
527	223	1
554	223	1
581	223	1
609	223	1
632	223	1
655	223	1
677	223	0
698	223	0
728	226	0
755	226	0
778	223	1
805	223	1
830	223	1
855	223	1
879	223	1
907	223	1
934	223	0
959	223	0
983	223	0
1007	223	0
1028	223	0
12	243	0
34	243	0
59	243	1
83	243	1
107	243	1
134	243	1
159	243	1
183	243	1
211	243	1
236	243	1
263	243	1
291	243	1
317	243	1
341	241	0
368	243	0
395	243	0
423	243	0
451	243	0
475	243	1
502	243	1
527	243	1
554	243	1
581	243	1
609	243	1
632	243	1
655	243	1
677	243	1
700	243	1
731	243	0
749	243	0
783	243	0
804	243	0
830	243	0
855	243	1
879	243	1
907	243	1
934	243	1
959	243	1
983	243	1
1007	243	0
1028	243	0
12	269	1
34	269	0
59	269	0
83	269	0
107	269	0
132	268	0
159	271	0
183	269	0
211	269	1
236	269	1
263	269	1
291	269	1
317	269	1
345	269	1
368	269	1
395	269	1
423	269	1
451	269	0
475	269	0
502	269	0
527	269	1
554	269	1
581	269	1
609	269	1
632	269	1
655	269	1
677	269	1
700	269	1
728	269	1
752	269	1
778	269	1
805	269	0
830	269	0
855	269	0
879	269	0
907	269	0
934	269	1
959	269	1
983	269	1
1007	269	1
1028	269	1
12	285	1
34	285	1
59	285	1
83	285	1
107	285	0
134	285	0
159	285	0
183	285	0
211	285	1
236	285	1
263	285	1
291	285	1
317	285	1
345	285	1
368	285	1
395	285	1
423	285	1
451	285	1
475	285	0
502	285	0
527	285	0
554	285	0
581	285	1
609	285	1
632	285	1
655	285	1
677	285	1
700	285	1
728	285	1
752	285	1
778	285	1
805	285	1
830	285	1
854	284	0
879	285	0
907	285	0
935	287	0
959	285	0
983	285	0
1005	287	0
1028	285	0
12	308	1
34	308	1
59	308	1
83	308	1
107	308	1
134	308	1
159	308	0
183	308	0
211	308	0
236	308	0
263	308	0
291	308	0
317	308	1
345	308	1
368	308	1
395	308	1
423	308	1
451	308	1
475	308	1
502	308	1
527	308	1
554	308	1
581	308	1
610	309	0
632	308	0
655	308	0
677	308	0
700	308	1
728	308	1
752	308	1
778	308	1
805	308	1
830	308	1
855	308	1
879	308	1
907	308	1
934	308	1
959	308	1
983	308	0
1007	308	0
1028	308	0
12	329	1
34	329	1
59	329	1
83	329	1
107	329	1
134	329	1
159	329	1
183	329	1
211	329	1
236	329	1
263	329	1
291	329	1
317	329	0
345	329	0
368	329	1
395	329	1
423	329	1
451	329	1
475	329	1
502	329	1
527	329	1
554	329	1
581	329	1
609	329	1
632	329	1
655	329	0
677	329	0
700	329	0
731	328	0
752	329	0
778	329	1
805	329	1
830	329	1
855	329	1
879	329	1
907	329	1
934	329	1
959	329	1
983	329	1
1007	329	0
1028	330	0
12	351	0
34	351	0
59	351	1
83	351	1
107	351	1
134	351	1
159	351	1
183	351	1
211	351	1
236	351	1
263	351	1
291	351	1
317	351	0
345	351	0
368	351	0
395	351	0
423	351	0
451	351	1
475	351	1
502	351	1
527	351	1
554	351	1
581	351	1
609	351	1
632	351	1
655	351	1
677	351	1
700	351	1
728	351	0
752	351	0
778	351	1
805	351	1
830	351	1
855	351	1
879	351	1
907	351	1
934	351	1
959	351	1
983	351	1
1007	351	1
1028	351	1
12	371	0
34	371	0
59	371	0
83	371	0
107	371	0
134	371	1
159	371	1
183	371	1
211	371	1
236	371	1
263	371	1
291	371	1
317	371	1
345	371	1
368	371	1
395	371	0
423	371	0
451	371	1
475	371	1
502	371	1
527	371	1
554	371	1
581	371	1
609	371	1
632	371	1
655	371	1
677	371	1
700	371	1
728	371	1
752	371	1
778	371	0
805	371	0
830	371	0
855	371	0
879	371	0
907	371	1
934	371	1
959	371	1
983	371	1
1007	371	1
1028	371	1
12	388	1
34	388	1
59	388	1
83	388	0
107	388	0
133	390	0
159	388	0
183	388	0
211	388	1
236	388	1
263	388	1
291	388	1
317	388	1
345	388	1
368	388	1
395	388	1
427	388	0
451	388	0
477	388	0
502	388	0
527	388	0
554	388	0
581	388	1
609	388	1
632	388	1
655	388	1
677	388	1
700	388	1
728	388	1
752	388	1
778	388	1
805	388	1
830	388	1
855	388	0
879	388	0
907	388	0
933	387	0
962	389	0
983	396	1
1008	392	1
1028	388	1
12	411	1
34	411	1
59	411	1
83	411	1
107	411	1
134	411	1
159	411	1
183	411	0
211	411	0
231	412	0
263	411	1
291	411	1
317	411	1
345	411	1
368	411	1
395	411	1
423	411	1
451	411	1
475	411	1
502	411	1
527	411	0
554	411	0
581	411	0
609	411	0
632	411	0
655	411	1
677	411	1
700	411	1
728	411	1
752	411	1
778	411	1
805	411	1
830	411	1
855	411	1
879	411	1
908	407	0
934	411	0
959	411	0
984	414	0
1007	411	0
1028	411	0
12	434	1
34	434	1
59	434	1
83	434	1
107	434	1
134	434	1
159	434	1
183	434	1
211	434	1
234	434	0
263	434	0
291	434	0
320	432	0
343	434	0
368	434	1
395	434	1
423	434	1
451	434	1
475	434	1
502	434	1
527	434	1
554	434	1
581	434	1
610	433	0
633	431	0
655	434	0
677	434	0
700	434	1
728	434	1
752	434	1
778	434	1
805	434	1
830	434	1
855	434	1
879	434	1
907	434	1
934	434	1
959	434	1
983	434	0
1007	434	0
1028	434	0
12	452	0
34	452	1
59	452	1
83	452	1
107	452	1
134	452	1
159	452	1
183	452	1
211	452	1
236	452	1
263	452	1
291	452	0
317	452	0
345	452	0
370	453	0
395	452	0
423	452	0
451	452	1
475	452	1
502	452	1
527	452	1
554	452	1
581	452	1
609	452	1
632	452	1
655	452	0
676	451	0
700	452	0
728	452	0
752	452	0
778	452	1
805	452	1
830	452	1
855	452	1
879	452	1
907	452	1
934	452	1
959	452	1
984	450	0
1012	450	0
1033	451	0
12	479	0
34	479	0
59	479	0
83	479	0
107	479	1
134	479	1
159	479	1
183	479	1
211	479	1
236	479	1
263	479	1
291	479	1
317	479	1
345	479	1
368	479	0
395	479	0
423	479	0
451	479	1
475	479	1
502	479	1
527	479	1
554	479	1
581	479	1
609	479	1
632	479	1
655	479	1
677	479	1
700	479	1
731	475	0
751	476	0
778	479	0
805	479	0
830	479	0
857	479	0
879	479	0
907	479	1
934	479	1
959	479	1
983	479	1
1007	479	1
1028	479	1
12	502	1
34	502	0
59	502	0
83	502	0
107	502	0
135	503	0
163	501	0
183	502	1
211	502	1
236	502	1
263	502	1
291	502	1
317	502	1
345	502	1
368	502	1
395	502	1
423	502	0
451	502	0
475	502	0
502	502	0
527	502	0
552	499	0
581	502	1
609	502	1
632	502	1
655	502	1
677	502	1
700	502	1
728	502	1
752	502	1
778	502	1
804	497	0
830	502	0
855	502	0
879	501	0
907	502	1
934	502	1
959	502	1
983	502	1
1007	502	1
1028	502	1
12	523	1
34	523	1
59	523	1
83	523	0
107	523	0
134	522	0
159	523	0
183	523	0
211	523	0
233	528	0
267	525	0
291	523	1
317	523	1
345	523	1
368	523	1
395	523	1
423	523	1
451	523	1
475	523	0
502	523	0
527	523	0
554	523	0
581	523	0
610	520	0
632	523	1
655	523	1
677	523	1
700	523	1
728	523	1
752	523	1
778	523	1
805	523	1
830	523	1
855	523	1
879	523	1
907	523	0
934	523	0
962	524	0
986	523	0
1007	523	0
1028	523	1
12	545	1
34	545	1
59	545	1
83	545	1
107	545	1
134	545	1
160	545	0
183	545	0
209	544	0
236	545	0
263	545	0
291	545	0
317	545	1
345	545	1
368	545	1
395	545	1
423	545	1
451	545	1
475	545	1
502	545	1
527	545	1
554	545	1
581	545	0
607	546	0
632	545	0
655	545	0
677	545	0
700	545	1
728	545	1
752	545	1
778	545	1
805	545	1
830	545	1
855	545	1
879	545	1
907	545	1
934	545	1
959	545	1
983	545	0
1007	545	0
1028	545	1
12	568	0
34	568	1
59	568	1
83	568	1
107	568	1
134	568	1
159	568	1
183	568	1
211	568	1
236	568	0
263	568	0
291	568	0
317	568	0
345	568	0
368	568	1
395	568	1
423	568	1
451	568	1
475	568	1
502	568	1
527	568	1
554	568	1
581	568	1
609	568	1
632	567	0
655	568	0
677	568	0
700	568	0
728	568	0
752	568	1
778	568	1
805	568	1
830	568	1
855	568	1
879	568	1
907	568	1
934	568	1
959	568	1
983	568	1
1007	568	1
1028	568	0
12	593	0
34	593	0
59	593	0
83	593	0
107	593	1
134	593	1
159	593	1
183	593	1
211	593	1
236	593	1
263	593	1
291	593	1
317	593	1
345	593	0
368	593	0
395	593	0
421	596	0
451	596	0
475	593	0
502	593	1
527	593	1
554	593	1
581	593	1
609	593	1
632	593	1
655	593	1
677	593	1
699	591	0
726	589	0
751	589	0
778	593	0
805	593	1
830	593	1
855	593	1
879	593	1
907	593	1
934	593	1
959	593	1
983	593	1
1007	593	1
1028	593	1
12	621	1
34	621	0
59	621	0
83	621	0
107	621	0
134	621	0
162	624	0
183	616	1
211	615	1
236	621	1
263	621	1
291	621	1
317	621	1
345	621	1
368	621	1
395	621	1
423	621	0
451	621	0
475	621	0
502	621	0
527	621	0
554	621	0
581	621	1
609	621	1
632	621	1
655	621	1
677	621	1
700	621	1
728	621	1
752	621	1
778	621	1
805	621	1
830	621	1
855	621	0
879	621	0
907	621	0
932	621	0
959	621	1
983	621	1
1007	621	1
1028	621	1
12	644	1
34	644	1
59	644	1
79	643	0
106	641	0
134	644	0
159	644	0
183	644	0
211	644	0
236	644	0
263	644	1
291	644	1
317	644	1
345	644	1
368	644	1
395	644	1
423	644	1
451	644	1
475	644	0
502	644	0
527	644	0
554	644	0
581	644	0
609	644	0
632	644	1
655	644	1
677	644	1
700	644	1
728	644	1
752	644	1
778	644	1
805	644	1
830	644	1
855	644	1
880	643	0
907	644	0
933	643	0
960	643	0
983	644	0
1007	644	1
1028	644	1
12	663	1
34	663	1
59	663	1
83	663	1
107	663	1
133	660	0
159	663	0
184	663	0
211	663	0
236	663	0
263	664	0
294	665	0
317	663	0
345	665	0
368	663	1
395	663	1
423	663	1
451	663	1
475	663	1
502	663	1
527	663	1
559	662	0
580	660	0
607	663	0
632	663	0
655	663	0
677	663	1
700	663	1
728	663	1
752	663	1
778	663	1
805	663	1
830	663	1
855	663	1
879	663	1
907	663	1
934	663	1
959	663	0
983	663	0
1007	663	0
1028	663	0
12	681	1
34	681	1
59	681	1
83	681	1
107	681	1
134	681	1
159	681	1
183	681	1
211	681	1
236	681	1
263	681	1
291	681	0
317	681	0
345	681	0
368	681	0
395	681	0
423	681	0
451	681	1
475	681	1
502	681	1
527	681	1
554	681	1
581	681	1
609	681	1
632	681	1
655	681	1
677	681	0
700	681	0
728	681	1
752	681	1
778	681	1
805	681	1
830	681	1
855	681	1
879	681	1
907	681	1
934	681	1
959	681	1
983	681	1
1007	681	1
1028	681	0
