6	7	0
28	7	1
52	7	1
78	7	0
101	7	1
122	7	1
146	7	1
171	7	1
195	7	1
216	7	0
239	7	0
262	7	0
284	7	0
307	7	0
331	7	0
355	7	0
379	7	0
403	7	0
427	7	1
452	7	1
477	7	1
503	7	1
527	7	1
553	7	1
579	7	1
603	7	1
631	7	0
659	7	0
682	7	0
709	7	0
735	7	0
760	7	1
786	7	1
811	7	1
835	7	1
859	7	1
885	7	1
907	7	1
933	7	1
959	7	1
979	7	0
1006	7	0
1030	7	0
6	30	0
28	30	0
52	30	0
78	30	0
101	30	0
122	30	0
146	30	0
171	30	1
195	30	1
216	30	1
239	30	1
262	30	1
284	30	0
307	30	0
331	30	0
355	30	0
379	30	0
403	30	0
427	30	0
452	30	0
477	30	0
503	30	1
527	30	1
553	30	1
579	30	1
603	30	1
631	30	1
659	30	1
682	30	0
709	30	0
735	30	0
760	30	0
786	30	0
811	30	0
835	30	1
859	30	1
885	30	1
907	30	1
933	30	1
959	30	1
979	30	1
1006	30	1
1030	30	1
6	51	0
28	51	0
52	51	0
78	51	0
101	51	0
122	51	0
146	51	0
171	51	0
195	51	0
216	51	0
239	51	1
262	51	1
284	51	1
307	51	1
331	51	1
355	51	0
379	51	0
403	51	0
427	51	0
452	51	0
477	51	0
503	51	0
527	51	0
553	51	0
579	51	1
603	51	1
631	51	1
659	51	1
682	51	1
709	51	1
735	51	1
760	51	0
786	51	0
811	51	0
835	51	0
859	51	0
885	51	1
907	51	1
933	51	0
959	51	1
979	51	1
1006	51	1
1030	51	1
6	74	1
28	74	1
52	74	0
78	74	0
101	74	0
122	74	0
146	74	0
171	74	0
195	74	0
216	74	0
239	74	0
263	75	0
284	74	0
307	74	1
331	74	1
355	74	1
379	74	1
403	74	1
427	74	0
451	73	0
477	74	0
503	74	0
527	74	0
553	74	0
579	74	0
603	74	0
631	74	1
659	74	1
682	74	1
709	74	1
735	74	1
760	74	1
786	74	1
811	74	1
835	74	0
859	74	0
885	74	0
907	74	0
933	74	0
959	74	0
979	74	0
1006	74	0
1030	74	1
6	93	1
28	93	1
52	93	1
78	93	1
101	93	1
122	93	1
146	93	0
171	93	0
195	93	0
216	93	0
239	93	0
262	93	0
284	93	0
307	93	1
331	93	1
355	93	1
379	93	1
403	93	1
427	93	1
452	93	1
477	93	1
503	93	0
527	93	0
553	93	0
579	93	0
603	93	0
631	93	0
659	93	0
682	93	0
709	93	1
735	93	1
760	93	1
786	93	1
811	93	1
835	93	1
859	93	1
885	93	0
907	93	0
933	93	0
959	93	0
979	93	0
1006	93	0
1030	93	1
6	117	0
27	119	0
52	117	0
78	117	1
101	117	1
122	117	1
146	117	1
171	117	1
195	117	1
211	116	0
236	115	0
262	117	0
284	117	0
307	117	0
331	117	0
355	119	0
379	117	0
403	117	0
427	117	1
452	117	1
477	117	1
503	117	1
527	117	1
553	117	1
579	117	1
603	117	0
631	117	0
659	117	0
682	117	0
709	117	0
735	117	0
760	117	1
786	117	1
811	117	1
835	117	1
859	117	1
885	117	1
907	117	1
933	117	1
959	117	0
979	117	0
1006	117	0
1030	117	0
6	138	0
28	138	0
52	138	0
78	138	0
101	138	0
122	138	0
146	138	1
171	138	1
195	138	1
216	138	1
239	138	1
262	138	1
284	138	0
307	138	0
331	138	0
355	138	0
379	138	0
403	138	0
427	138	0
452	138	0
477	138	1
503	138	1
527	138	1
553	138	1
579	138	1
603	138	1
631	138	1
659	138	1
682	138	0
709	138	0
735	138	0
760	138	0
786	138	0
811	138	1
835	138	1
859	138	1
885	138	1
907	138	1
933	138	1
959	138	1
979	138	1
1006	138	1
1030	138	1
6	167	0
29	166	0
52	167	0
78	167	0
101	167	0
122	167	0
146	167	0
171	167	0
195	167	0
216	167	1
239	167	1
262	167	1
284	167	1
307	167	1
331	167	1
357	165	0
381	163	0
403	167	0
427	167	0
452	167	0
477	167	0
503	167	0
527	167	0
553	167	1
579	167	1
603	167	1
631	167	1
659	167	1
682	167	1
709	167	1
735	167	0
760	167	0
786	167	0
811	167	0
835	167	0
859	167	0
885	167	0
907	167	0
933	167	1
959	167	1
979	167	1
1006	167	1
1030	167	1
6	189	1
28	189	1
52	189	1
78	189	0
101	189	0
122	189	0
146	189	0
171	189	0
195	189	0
212	191	0
239	193	0
262	189	0
284	189	1
307	189	1
331	189	1
355	189	1
379	189	1
403	189	0
427	189	0
452	189	0
477	189	0
503	189	0
527	189	0
553	189	0
579	189	0
603	189	1
631	189	1
659	189	1
682	189	1
709	189	1
735	189	1
760	189	1
786	189	1
811	189	0
835	189	0
859	189	0
885	189	0
907	189	0
933	189	0
959	191	0
979	189	0
1006	189	1
1030	189	1
6	212	1
28	212	1
52	212	1
78	212	1
101	212	1
122	212	1
146	212	0
171	212	0
195	212	0
216	212	0
239	212	0
262	212	0
284	212	1
307	212	1
331	212	1
355	212	1
379	212	1
403	212	1
427	212	1
452	212	1
477	212	0
503	211	0
527	212	0
553	212	0
579	212	0
603	212	0
631	212	0
659	212	1
682	212	1
709	212	1
735	212	1
760	212	1
786	212	1
811	212	1
835	212	1
859	212	1
885	212	0
907	212	0
933	212	0
959	212	0
979	212	0
1006	212	0
1030	212	0
6	239	0
28	235	0
52	235	1
78	235	1
101	235	1
122	235	1
146	235	1
171	235	1
197	235	0
215	236	0
239	235	0
262	235	0
284	235	0
307	235	0
331	235	0
355	235	0
379	235	1
403	235	1
427	235	1
452	235	1
477	235	1
503	235	1
526	236	1
553	235	1
579	235	1
603	235	0
631	235	0
659	235	0
682	235	0
709	235	0
735	235	0
760	235	1
786	235	1
811	235	1
835	235	1
859	235	1
885	235	1
907	235	1
933	235	1
959	235	0
979	235	0
1006	235	0
1030	235	0
6	255	0
28	255	0
52	255	1
78	255	1
101	255	1
122	255	1
146	255	1
171	255	1
195	255	1
216	255	1
239	255	1
262	255	0
284	255	0
307	255	0
331	255	0
355	255	0
379	255	0
405	257	0
427	255	0
452	255	1
477	255	1
503	255	1
527	255	1
553	255	1
579	255	1
603	255	1
631	255	1
659	255	0
682	255	0
709	255	0
735	255	0
760	255	0
786	255	0
811	255	1
835	255	1
859	255	1
885	255	1
907	255	1
933	255	1
959	255	1
979	255	1
1006	255	0
1030	255	0
6	275	0
28	275	0
52	275	0
78	275	0
101	275	0
122	275	1
146	275	1
171	275	1
195	275	1
216	275	1
239	275	1
262	275	1
284	275	1
307	275	1
331	275	0
355	275	0
379	275	0
403	275	0
427	275	0
454	277	0
475	279	0
503	275	1
527	275	1
553	275	1
579	275	1
603	275	1
631	275	1
659	275	1
682	275	1
709	275	0
735	275	0
760	275	0
786	275	0
811	275	0
835	275	0
859	275	1
885	275	1
907	275	1
933	275	1
959	275	1
979	275	1
1006	275	1
1030	275	1
6	299	1
28	299	0
52	299	0
78	299	0
101	299	0
122	299	0
146	299	0
171	299	0
195	299	1
216	299	1
239	299	1
262	299	1
284	299	1
307	299	1
331	299	1
355	299	1
379	299	1
403	299	0
427	299	0
452	299	0
477	299	0
503	299	0
527	299	0
553	299	0
579	299	1
603	299	1
631	299	1
659	299	1
682	299	1
709	299	1
735	299	1
760	299	1
786	299	0
811	299	0
835	299	0
859	299	0
885	299	0
907	299	0
933	299	1
959	299	1
979	299	1
1006	299	1
1030	299	1
6	328	1
28	328	1
52	328	1
78	328	1
101	328	1
122	328	1
146	328	1
171	328	0
195	328	0
216	328	0
239	328	0
262	328	0
284	328	0
307	328	0
331	328	1
355	328	1
379	328	1
403	328	1
427	328	1
452	328	1
477	328	1
503	328	1
527	328	0
553	328	0
579	328	0
603	328	0
631	328	0
659	328	0
682	328	1
709	328	1
735	328	1
760	328	1
786	328	1
811	328	1
835	328	1
859	328	1
885	328	0
907	328	0
933	328	0
959	328	0
979	328	0
1006	328	0
1030	328	0
6	349	0
28	349	1
52	349	1
78	349	1
101	349	1
122	349	1
146	349	1
171	349	1
195	349	0
216	349	0
239	349	0
262	349	0
284	349	0
307	349	0
331	349	0
355	349	0
379	349	1
403	349	1
427	349	1
452	349	1
477	349	1
503	349	1
527	349	1
553	349	1
579	349	0
603	349	0
631	349	0
659	349	0
682	349	0
709	349	0
735	349	1
760	349	1
786	349	1
811	349	1
835	349	1
859	349	1
885	349	1
907	349	1
933	349	0
959	349	0
979	349	0
1006	349	0
1030	349	0
6	373	0
27	373	0
52	373	0
78	373	0
101	373	0
122	373	1
146	373	1
171	373	1
195	373	1
216	373	1
239	373	0
262	371	0
284	373	0
307	373	0
331	373	0
355	373	0
379	373	0
403	373	0
427	373	1
452	373	1
477	373	1
503	373	1
527	373	1
553	373	1
579	373	1
603	373	1
631	373	1
659	373	0
682	373	0
709	373	0
735	373	0
760	373	0
786	373	1
811	373	1
835	373	1
859	373	1
885	373	1
907	373	1
933	373	1
959	373	1
979	373	1
1006	373	1
1030	373	1
6	396	0
28	396	0
52	396	0
78	396	0
101	396	0
122	396	0
146	396	0
171	396	0
195	396	1
216	396	1
239	396	1
262	396	1
284	396	1
307	396	1
331	396	0
355	396	0
379	396	0
403	396	0
427	396	0
452	396	0
477	396	0
503	396	1
527	396	1
553	396	1
579	396	1
603	396	1
631	396	1
659	396	1
682	396	1
709	396	1
735	396	0
760	396	0
786	396	0
811	396	0
835	396	0
859	396	1
885	396	1
907	396	1
933	396	1
959	396	1
979	396	1
1006	396	1
1030	396	1
6	414	1
28	414	1
52	414	0
78	414	0
101	414	0
122	414	0
146	414	0
171	414	0
195	414	0
216	414	0
239	414	1
262	414	1
284	414	1
307	414	1
331	414	1
355	414	1
379	414	0
403	414	0
427	414	0
452	414	0
477	414	0
503	414	0
527	414	0
553	414	1
579	414	1
603	414	1
631	414	1
659	414	1
682	414	1
709	414	1
735	414	1
760	414	1
786	414	0
811	414	0
835	414	0
859	414	0
885	414	0
907	414	1
933	414	1
959	414	1
979	414	1
1006	414	1
1030	414	1
6	440	1
28	440	1
52	440	1
78	440	1
101	440	0
122	440	0
146	440	0
171	440	0
195	440	0
216	440	0
239	440	0
262	440	0
284	440	0
307	440	1
331	440	1
355	440	1
379	440	1
403	440	1
427	440	1
452	440	0
479	439	0
503	440	0
527	440	0
553	440	0
579	440	0
603	440	0
631	440	0
659	440	1
682	440	1
709	440	1
735	440	1
760	440	1
786	440	1
811	440	1
835	440	1
859	440	0
885	439	0
907	440	0
933	440	0
959	440	0
979	440	0
1006	440	0
1030	440	0
6	460	1
28	460	1
52	460	1
78	460	1
101	460	1
122	460	1
146	460	1
171	460	0
195	460	0
216	460	0
239	460	0
262	460	0
284	460	0
307	460	0
331	460	0
355	460	1
379	460	1
403	460	1
427	460	1
452	460	1
477	460	1
503	460	1
527	460	1
553	460	0
579	460	0
603	460	0
631	460	0
659	460	0
682	460	0
709	460	1
735	460	1
760	460	1
786	460	1
811	460	1
835	460	1
859	460	1
885	460	1
907	460	1
933	460	1
959	460	0
979	460	0
1006	460	0
1030	460	0
6	479	0
28	479	0
52	479	1
78	479	1
101	479	1
122	479	1
146	479	1
171	479	1
195	479	1
216	479	1
239	479	0
262	479	0
284	479	0
307	479	0
331	479	0
355	482	0
379	479	0
403	479	1
427	479	1
452	479	1
477	479	1
503	479	1
527	479	1
553	479	1
579	479	1
603	479	1
631	479	0
659	479	0
682	479	0
709	479	0
735	479	0
760	479	0
786	479	1
811	479	1
835	479	1
859	479	1
885	479	1
907	479	1
933	479	1
959	479	1
979	479	1
1006	479	0
1030	479	0
6	499	0
28	499	0
52	499	0
78	499	0
101	499	1
122	499	1
146	499	1
171	499	1
195	499	1
216	499	1
239	499	1
262	499	1
284	499	1
307	499	0
331	499	0
355	499	0
379	499	0
403	499	0
430	503	0
452	499	0
477	499	0
503	499	1
527	499	1
553	499	1
579	499	1
603	499	1
631	499	0
659	499	0
682	499	0
709	499	0
735	499	0
760	499	0
786	499	0
811	499	0
835	499	0
859	499	1
885	499	1
907	499	1
933	499	1
959	499	1
979	499	1
1006	499	1
1030	499	1
6	519	1
28	519	0
52	519	0
78	519	0
101	519	0
122	519	0
146	519	0
171	519	1
195	519	1
216	519	1
239	519	1
262	519	1
284	519	1
307	519	1
331	519	1
355	519	1
379	519	0
403	519	0
427	519	0
452	519	0
477	519	0
503	519	1
527	519	1
553	519	1
579	519	1
603	519	1
631	519	1
659	519	1
682	519	1
709	519	0
737	518	0
760	519	0
786	519	0
811	519	0
835	519	0
859	519	0
885	519	0
907	519	1
933	519	1
959	519	1
979	519	1
1006	519	1
1030	519	1
6	540	1
28	545	1
52	540	1
78	540	0
101	540	0
122	540	0
146	540	0
171	540	0
195	540	0
216	540	1
239	540	1
262	540	1
284	540	1
307	540	1
331	540	1
355	540	1
379	540	1
403	540	1
427	540	1
452	540	0
477	540	0
503	540	0
527	540	0
553	540	0
579	540	1
603	540	1
631	540	1
659	540	1
682	540	1
709	540	1
735	540	1
760	540	1
786	540	0
811	540	0
835	540	0
859	540	0
885	540	0
907	540	0
933	540	0
959	540	1
979	540	1
1006	540	1
1030	540	1
6	565	1
28	565	1
52	565	1
78	565	1
101	565	1
122	565	1
146	565	0
171	565	0
195	565	0
216	565	0
239	565	0
262	565	0
284	565	0
307	565	1
331	565	1
355	565	1
379	565	1
403	565	1
427	565	1
452	565	1
477	565	1
503	565	0
527	565	0
553	565	0
579	565	0
603	565	0
631	565	0
662	569	0
682	565	0
709	565	1
735	565	1
760	565	1
786	565	1
811	565	1
835	565	0
859	565	0
882	562	0
913	565	0
933	565	0
959	565	0
979	565	0
1006	565	1
1030	565	1
6	584	0
28	584	1
52	584	1
78	584	1
101	584	1
122	584	1
146	584	1
171	584	1
195	584	0
216	584	0
239	584	0
262	584	0
284	584	0
307	584	0
331	584	0
355	584	0
379	584	1
403	584	1
427	584	1
452	584	1
477	584	1
503	584	1
527	584	1
553	584	0
579	584	0
603	584	0
631	584	0
659	584	0
682	584	0
709	584	0
735	584	0
760	584	0
786	584	1
811	584	1
835	584	1
859	584	1
885	584	1
907	584	1
933	584	0
959	584	0
979	584	0
1006	584	0
1030	584	0
6	608	0
28	608	0
52	608	0
78	608	1
101	608	1
122	608	1
146	608	1
171	608	1
195	608	0
216	608	0
241	606	0
262	608	0
284	608	0
307	608	0
331	608	0
355	608	0
379	608	0
403	608	0
427	608	0
452	608	1
477	608	1
503	608	1
527	608	1
553	608	1
579	608	1
603	608	1
631	608	0
659	608	0
682	608	0
709	608	0
735	608	0
760	608	0
787	613	0
811	608	0
835	608	1
859	608	1
885	608	1
907	608	1
933	608	1
959	608	1
979	608	1
1006	608	1
1030	608	1
6	632	0
28	632	0
52	632	0
78	632	0
101	632	0
122	632	0
146	632	1
171	632	1
195	632	1
216	632	1
239	632	1
262	632	1
284	632	1
307	632	1
331	632	1
355	632	0
379	632	0
403	632	0
427	632	0
452	632	0
477	632	1
503	632	1
527	632	1
553	632	1
579	632	1
603	632	1
631	632	1
659	632	1
682	632	0
709	632	0
735	632	0
760	632	0
786	632	0
811	632	0
835	632	0
859	632	1
885	632	1
907	632	1
933	632	1
959	632	1
979	632	1
1006	632	1
1030	632	1
8	657	1
28	655	1
52	655	1
78	655	0
101	655	0
122	655	0
146	655	0
171	655	0
195	655	1
216	655	1
239	655	1
262	655	1
284	655	1
307	655	1
331	655	1
355	655	1
379	655	1
403	655	0
427	655	0
452	655	0
477	655	0
503	655	0
527	655	0
553	655	0
579	655	1
603	655	1
631	655	1
659	655	1
682	655	1
709	655	1
735	655	0
760	655	0
786	655	0
812	655	0
835	655	0
859	655	0
885	655	0
907	655	0
933	655	1
959	655	1
979	655	1
1006	655	1
1030	655	1
6	678	1
28	678	1
52	678	1
78	678	1
101	678	1
122	678	0
146	678	0
171	678	0
195	678	0
216	678	0
239	678	0
262	678	1
284	678	1
307	678	1
331	678	1
355	678	1
379	678	1
403	678	1
427	678	1
452	678	1
477	678	0
503	678	0
527	678	0
553	678	0
579	678	0
603	678	0
633	682	0
659	682	0
682	678	0
709	678	0
735	678	1
760	678	1
786	678	1
811	678	1
835	678	0
859	678	0
885	678	0
907	678	0
933	678	0
959	678	0
979	678	0
1006	678	1
1030	678	1
