8	11	1
31	11	1
55	11	1
77	11	1
100	11	1
123	11	1
145	11	1
169	11	1
193	11	1
217	11	0
240	11	0
262	11	0
284	11	0
306	11	0
330	11	0
360	11	0
383	11	1
409	11	1
430	11	1
457	11	1
488	11	1
512	11	1
535	11	1
560	11	0
584	11	0
609	11	0
635	11	0
658	8	0
682	11	1
706	11	1
731	11	1
756	11	1
781	11	1
806	11	1
833	11	1
859	11	0
884	11	0
908	11	0
932	11	1
956	11	1
981	11	1
1004	11	1
1028	11	1
8	35	0
31	35	1
55	35	1
77	35	1
100	35	1
123	35	1
145	35	1
169	35	1
193	35	1
217	35	1
240	35	1
262	35	1
284	35	0
306	35	0
334	33	0
360	35	0
383	35	0
409	35	0
430	35	0
452	33	1
481	31	1
514	33	0
535	35	1
560	35	1
584	35	1
609	35	1
635	35	1
658	35	1
675	34	1
703	31	0
729	32	0
754	32	0
774	30	0
806	35	1
833	35	1
859	35	1
884	35	1
908	35	1
934	32	0
959	30	0
984	33	0
1006	31	0
1029	32	0
8	54	0
31	54	0
55	54	0
77	54	0
100	54	0
123	54	1
145	54	1
169	54	1
193	54	1
217	54	1
240	54	1
262	54	1
284	54	1
306	54	1
330	54	1
360	54	1
383	54	1
409	54	1
430	54	0
457	54	0
488	54	0
512	54	0
535	54	0
560	54	0
584	54	0
609	54	0
635	54	0
658	54	1
682	54	1
706	54	1
731	54	1
756	54	1
781	54	1
806	54	0
833	54	0
859	54	0
884	54	1
908	54	1
932	54	1
956	54	1
981	54	1
1004	54	1
1028	54	1
8	78	1
31	78	1
55	78	1
77	78	0
100	78	0
123	78	0
145	78	0
169	78	0
193	78	1
217	78	1
240	78	1
262	78	1
284	78	1
306	78	1
330	78	1
360	78	1
383	78	1
409	78	1
430	78	1
457	78	1
488	78	1
512	78	1
535	78	1
560	78	1
584	78	1
609	78	1
635	78	0
658	78	0
682	82	0
707	81	0
734	81	0
756	78	1
781	78	1
806	78	1
833	78	1
859	78	1
884	78	1
908	78	0
932	78	0
956	78	0
981	78	0
1004	78	1
1028	78	1
8	101	1
31	101	1
55	101	1
77	101	1
100	101	1
123	101	1
145	101	0
169	101	0
193	101	0
217	101	0
240	101	0
262	103	0
284	103	0
306	101	1
330	101	1
360	101	1
383	101	1
409	101	1
430	101	1
457	101	1
489	105	0
512	101	0
534	104	0
560	101	0
584	101	0
609	101	0
635	101	1
658	101	1
682	101	1
706	101	1
731	101	1
756	101	0
782	102	0
806	101	0
833	101	0
859	101	1
884	101	1
908	101	1
932	101	1
956	101	1
981	101	1
1004	101	0
1028	101	0
8	125	1
31	125	1
55	125	1
77	125	1
100	125	1
123	125	1
145	125	1
169	125	1
193	125	1
217	125	0
240	125	0
262	125	0
284	125	0
306	125	0
330	125	0
360	125	1
383	125	1
409	125	1
430	125	0
457	125	0
488	125	1
512	125	1
535	125	1
560	125	1
584	125	1
609	125	0
635	125	0
658	125	0
682	125	0
706	125	1
731	125	1
756	125	1
781	125	1
806	125	1
833	125	1
859	125	0
884	125	0
908	125	0
932	125	0
956	125	1
981	125	1
1004	125	1
1028	125	1
8	143	0
31	143	1
55	143	1
77	143	1
100	143	1
123	143	1
145	143	1
169	143	1
193	143	1
217	143	1
240	143	1
262	143	0
284	143	0
306	143	0
330	143	0
360	143	0
383	143	0
409	143	0
430	143	0
457	143	0
488	143	1
512	143	1
535	143	1
560	143	1
584	143	1
609	143	1
635	143	1
658	143	1
682	143	1
706	143	0
728	142	0
756	143	0
783	145	0
805	143	0
833	143	1
859	143	1
884	143	1
908	143	1
932	143	1
956	143	1
979	145	0
1007	145	0
1029	144	0
8	165	0
31	165	0
55	165	0
77	165	0
100	165	1
123	165	1
145	165	1
169	165	1
193	165	1
217	165	1
240	165	1
262	165	1
284	165	1
306	165	1
330	165	1
360	165	1
383	165	0
409	165	0
430	165	0
457	165	0
488	165	1
512	165	1
535	165	1
560	165	0
583	169	0
611	169	0
635	165	0
658	165	1
682	165	1
706	165	1
731	165	1
756	165	1
781	165	1
806	165	1
833	165	0
856	165	0
884	165	0
908	165	0
932	165	1
956	165	1
981	165	1
1004	165	1
1028	165	1
8	189	0
31	189	1
55	189	0
77	189	0
100	189	0
123	189	0
145	189	0
169	189	1
193	189	1
217	189	1
240	189	1
262	189	1
284	189	1
306	189	1
330	189	1
360	189	1
383	189	0
409	189	0
430	189	0
457	189	1
488	189	1
512	189	0
535	189	1
560	189	1
584	189	1
609	189	1
635	189	1
658	189	0
682	189	0
706	189	0
731	189	0
757	190	0
781	189	1
806	189	1
833	189	1
859	189	1
884	189	1
908	189	1
932	189	0
956	189	0
981	189	0
1004	189	0
1028	189	1
8	214	1
31	214	1
55	214	1
77	214	1
100	214	1
123	214	0
144	215	0
169	214	0
193	214	0
217	214	1
240	214	1
262	214	0
284	214	0
306	214	1
330	214	1
360	214	1
383	214	1
409	214	1
430	214	1
457	214	1
488	214	1
512	214	0
536	217	0
560	214	0
584	214	0
609	214	1
635	214	1
658	214	1
682	214	1
706	214	1
731	214	1
756	214	1
781	214	0
806	214	0
833	214	0
859	214	0
884	214	1
908	214	1
932	214	1
956	214	1
981	214	1
1004	214	1
1032	210	0
8	235	1
31	235	1
55	235	1
77	235	1
100	235	1
123	235	1
145	235	1
169	235	1
193	235	1
217	235	1
240	235	0
262	235	0
284	235	0
306	235	1
330	235	0
360	235	0
383	235	1
409	235	1
430	235	1
457	235	1
488	235	1
512	235	1
535	235	1
560	235	1
584	235	1
609	235	0
635	235	0
658	235	0
682	235	0
706	235	0
731	235	1
756	235	1
781	235	1
806	235	1
833	235	1
860	235	0
888	234	0
908	235	0
929	235	0
957	234	0
982	234	0
1004	235	1
1028	235	1
8	254	1
31	254	1
55	254	1
77	254	1
100	254	1
123	254	1
145	254	1
169	254	1
193	254	1
217	254	1
240	254	0
262	254	0
284	254	0
306	254	0
330	254	0
360	254	0
383	254	0
404	255	0
430	253	0
457	254	0
487	261	0
512	261	0
540	261	0
558	260	0
584	254	1
609	254	1
635	254	1
658	254	1
682	254	1
706	254	1
731	254	0
756	254	0
781	254	0
806	254	1
833	254	1
859	254	1
884	254	1
908	254	1
932	254	1
956	254	1
981	254	1
1004	254	0
1028	254	0
8	279	0
31	279	0
55	279	0
77	279	0
100	279	1
123	279	1
145	279	1
169	279	1
193	279	1
217	279	1
240	279	1
262	279	0
284	279	0
306	279	0
330	279	0
360	279	1
383	279	1
409	279	1
430	279	1
457	279	1
488	279	1
512	279	1
535	279	1
560	279	1
585	280	0
607	282	0
634	282	0
658	279	0
682	279	1
706	279	1
731	279	1
756	279	1
781	279	1
806	279	1
833	279	1
858	282	0
886	282	0
908	279	0
932	280	0
956	279	1
981	279	1
1004	279	1
1028	279	1
8	300	0
31	300	0
55	300	0
77	300	0
100	300	0
123	300	0
145	300	0
169	300	1
193	300	1
217	300	0
240	300	1
262	300	1
284	300	1
306	300	0
330	300	0
360	301	0
385	300	0
413	301	0
430	300	0
457	300	1
488	300	1
512	300	0
535	300	0
560	300	1
584	300	1
609	300	1
635	300	1
658	300	1
682	300	0
706	300	0
731	300	0
756	300	0
781	300	0
806	300	1
833	300	1
859	300	1
884	300	1
908	300	1
932	300	1
956	300	0
981	300	0
1004	300	0
1028	300	0
8	328	1
31	328	1
55	328	1
77	328	1
96	327	0
122	327	0
146	325	0
169	328	0
193	328	0
217	328	1
240	328	1
262	328	0
284	328	0
306	328	1
330	328	1
360	328	1
384	322	1
409	328	1
430	328	1
457	328	1
488	328	1
512	328	1
535	328	0
562	330	0
582	330	0
609	328	0
635	328	1
658	328	1
682	328	1
706	328	1
731	328	1
756	328	1
781	328	1
806	328	0
833	328	0
859	328	0
884	328	1
908	328	1
932	328	1
956	328	1
981	328	1
1004	328	1
1028	328	1
8	347	1
31	347	1
55	347	1
77	347	1
100	347	1
123	347	1
145	347	1
169	347	0
193	347	0
217	347	1
240	347	1
267	346	0
284	347	0
306	346	0
330	348	0
363	344	0
383	347	0
409	347	1
430	347	1
457	347	1
488	347	1
512	347	1
535	347	1
560	347	1
584	347	1
609	347	1
635	347	1
658	347	0
682	347	0
706	347	0
731	347	0
756	347	1
781	347	1
806	347	1
833	347	1
859	347	1
884	347	1
908	347	1
932	347	0
956	347	0
981	347	0
1004	347	1
1028	347	1
8	370	1
31	370	1
55	370	1
77	370	1
100	370	1
123	370	1
145	370	1
169	370	0
193	370	0
217	370	0
240	370	0
262	370	1
284	370	1
306	370	1
330	370	1
360	370	1
384	367	0
408	364	0
433	362	0
453	362	0
496	370	0
512	370	0
535	370	0
560	370	0
584	370	0
609	370	1
635	370	1
658	370	1
682	370	1
706	370	1
731	370	1
756	370	0
781	370	0
806	370	0
833	370	0
859	370	1
884	370	1
908	370	1
932	370	1
956	370	1
981	370	1
1004	370	1
1028	370	0
8	390	0
31	390	0
55	390	0
77	390	0
100	390	0
123	390	1
145	390	1
169	390	1
193	390	1
217	390	0
240	390	0
262	390	0
284	390	0
306	390	1
330	390	1
356	389	0
383	390	1
409	390	1
430	390	1
457	390	1
488	390	1
512	390	1
535	390	1
560	390	1
584	390	1
609	390	0
635	390	0
658	390	0
682	390	0
706	390	1
731	390	1
756	390	1
781	390	1
806	390	1
833	390	1
859	390	1
884	390	0
908	390	0
932	390	0
956	392	0
981	390	1
1004	390	1
1028	390	1
8	411	0
31	411	0
55	411	0
77	411	0
100	411	0
123	411	1
145	411	1
169	411	1
193	411	0
217	411	1
240	411	1
262	411	1
284	411	1
306	411	1
330	411	1
360	407	0
383	411	1
409	411	1
430	411	1
457	411	0
488	411	1
512	411	1
535	411	1
560	411	0
584	411	1
609	411	1
635	411	1
658	411	1
682	411	1
706	411	1
731	411	0
756	411	0
781	411	0
806	411	0
833	411	1
859	411	1
884	411	1
908	411	1
932	411	1
956	411	1
982	413	0
1004	411	0
1028	413	0
8	435	1
31	435	1
55	435	1
77	435	0
100	435	1
123	435	1
145	435	1
169	435	1
193	435	0
217	435	0
236	436	0
264	434	0
287	435	0
306	435	0
330	435	1
360	435	1
383	435	1
409	435	1
430	435	1
457	435	1
488	435	1
512	435	1
535	435	1
560	435	0
582	438	0
602	438	0
635	435	0
656	436	0
682	435	1
706	435	1
731	435	1
756	435	1
781	435	1
806	435	1
833	435	0
859	435	0
884	435	0
908	435	0
932	435	1
956	435	1
981	435	1
1004	435	1
1028	435	1
8	464	1
31	464	1
55	464	1
77	464	0
100	464	0
123	464	0
145	464	0
169	464	0
193	464	1
217	464	1
240	464	1
262	464	1
284	464	1
310	462	0
333	461	0
355	458	0
389	458	0
409	464	0
430	464	0
457	464	0
488	464	0
512	464	1
535	464	1
560	464	1
584	464	1
609	464	1
635	464	1
658	464	1
682	464	0
706	464	0
731	464	0
756	464	0
781	464	1
806	464	1
833	464	1
859	464	1
884	464	1
908	464	1
932	464	1
956	464	0
981	464	0
1004	464	0
1028	464	0
8	483	1
31	483	1
55	483	1
77	483	1
100	483	1
123	483	1
145	483	1
169	483	0
193	483	0
218	482	0
240	481	0
262	483	0
284	483	1
306	483	1
330	483	1
360	483	1
383	483	1
409	483	1
430	483	1
457	483	1
488	483	1
512	483	1
535	483	0
560	483	0
584	483	0
609	483	0
635	483	1
658	483	1
682	483	1
706	483	1
731	483	1
756	483	1
781	483	0
806	483	0
833	483	0
859	483	0
884	483	1
908	483	1
932	483	1
956	483	1
981	483	1
1004	483	1
1028	483	1
8	504	0
31	504	0
55	504	1
77	504	1
100	504	1
123	504	0
145	504	1
169	504	1
193	504	1
217	504	1
240	504	1
262	504	1
284	504	1
306	504	1
330	504	1
365	511	0
387	510	0
410	510	0
432	512	0
456	509	0
488	504	1
512	504	1
535	504	1
560	504	1
584	504	1
609	504	1
635	504	0
658	504	0
682	504	0
706	504	0
728	504	0
756	504	1
781	504	1
806	504	1
833	504	1
859	504	1
884	504	1
908	504	0
932	504	0
956	504	0
981	504	0
1004	504	1
1028	504	1
8	526	0
31	526	1
55	526	1
77	526	1
100	526	1
123	526	0
144	528	0
166	527	0
191	526	0
217	526	0
234	534	0
262	526	1
284	526	1
306	526	1
330	526	1
360	526	1
384	533	1
412	530	1
431	530	1
449	531	1
489	530	0
511	530	0
533	530	0
564	531	0
584	526	0
609	526	1
635	526	1
658	526	1
682	526	1
706	526	1
735	522	0
756	526	0
784	526	0
806	526	0
830	530	0
859	526	1
884	526	1
908	526	1
932	526	1
956	526	1
981	526	1
1004	526	1
1028	526	0
8	550	0
31	550	1
55	550	0
77	550	0
100	550	1
123	550	1
145	550	1
169	550	1
193	550	1
217	550	1
240	550	1
262	550	1
284	550	1
306	550	1
330	550	0
360	550	1
383	550	1
409	550	1
430	550	1
457	550	1
488	550	1
512	550	1
535	550	1
560	550	1
584	550	0
608	550	0
635	550	0
658	550	0
682	550	0
706	550	1
731	550	1
756	550	1
781	550	1
806	550	1
833	550	1
861	547	0
883	548	0
908	550	0
932	550	0
956	550	1
981	550	1
1004	550	1
1028	550	1
8	575	1
31	575	1
55	575	1
77	575	1
100	575	1
123	575	1
145	575	1
169	575	1
193	575	0
217	575	0
240	575	0
261	578	0
284	575	0
306	575	1
330	575	1
360	575	1
383	575	1
409	575	1
437	577	0
457	575	0
488	575	0
512	575	0
535	575	0
560	575	0
584	575	1
609	575	1
635	575	1
658	575	1
682	575	1
706	575	0
731	575	0
756	575	0
781	575	0
806	575	1
833	575	1
859	575	1
884	575	1
908	575	1
932	575	1
956	575	0
981	575	0
1004	575	0
1028	575	0
8	602	0
31	602	0
55	602	1
77	602	1
100	602	1
123	602	1
145	602	1
169	602	1
193	602	1
217	602	1
240	602	1
262	602	1
284	602	0
306	602	0
331	606	0
361	603	0
384	602	0
409	602	0
430	602	1
457	602	1
488	602	1
512	602	1
535	602	1
560	602	0
584	602	0
609	602	0
635	602	0
658	602	1
682	602	1
706	602	1
731	602	1
756	602	1
781	602	1
808	600	0
833	602	0
859	602	0
884	602	0
908	602	1
932	602	1
956	602	1
981	602	1
1004	602	1
1028	602	1
8	626	0
31	626	0
55	626	1
77	626	1
100	626	1
123	626	0
145	626	0
169	626	0
193	626	0
219	629	0
239	629	0
262	626	1
284	626	1
306	626	1
330	626	1
360	626	1
383	626	1
409	626	0
430	626	1
457	626	1
488	626	0
512	626	0
535	626	1
560	626	1
584	626	1
609	626	1
635	626	1
658	626	0
682	626	0
706	626	0
731	626	0
756	626	1
781	626	1
806	626	1
833	626	1
859	626	1
884	626	1
910	626	0
932	626	0
956	626	0
981	626	0
1004	626	0
1028	626	1
8	654	0
31	654	0
55	654	0
77	654	0
100	654	1
123	654	1
145	654	1
169	654	0
193	654	0
217	654	1
240	654	0
262	654	0
282	654	0
308	654	0
330	654	0
360	654	1
383	654	1
409	654	1
430	654	1
457	654	1
488	654	1
512	654	0
535	654	0
560	654	0
584	654	0
609	654	0
635	654	1
658	654	1
682	654	1
706	654	1
731	654	1
756	654	1
781	654	0
806	654	0
833	654	0
859	654	0
884	654	1
908	654	1
932	654	1
956	654	1
981	654	1
1004	654	1
1029	654	0
8	682	1
31	682	1
55	682	0
77	682	0
100	682	0
123	682	0
145	682	0
169	682	1
193	682	1
217	682	1
240	682	1
262	682	1
284	682	1
306	682	1
330	682	1
360	682	0
383	682	0
409	682	0
430	682	0
457	682	0
488	682	1
512	682	1
535	682	1
560	682	1
584	682	1
609	682	0
635	682	0
658	682	0
682	682	0
706	682	0
731	682	1
756	682	1
781	682	1
806	682	1
833	682	1
859	682	1
884	682	0
908	682	0
932	682	0
956	682	0
981	682	1
1004	682	1
1028	682	1
