9	12	1
35	12	1
63	12	1
89	12	1
115	12	1
142	12	1
168	12	1
194	12	1
222	12	1
249	12	1
275	12	1
299	12	1
324	12	1
353	12	1
378	12	1
406	12	1
433	12	0
462	12	0
488	12	0
515	12	0
540	12	0
567	12	0
594	12	0
620	12	0
645	12	0
673	12	0
697	12	0
725	12	0
752	12	0
779	12	0
808	12	1
837	12	1
865	12	1
891	12	0
916	12	0
945	12	0
975	7	0
1003	12	0
1028	12	0
9	35	1
35	35	1
63	35	1
89	35	1
115	35	1
142	35	1
171	38	0
199	39	0
222	41	1
249	35	1
275	35	1
299	38	0
327	36	0
353	35	0
378	35	1
406	35	1
433	35	0
462	35	0
488	35	0
515	35	0
540	35	0
567	35	0
594	35	0
620	35	0
645	35	0
673	35	0
697	35	0
725	35	0
752	35	0
779	35	0
808	35	0
837	35	0
865	35	0
891	35	0
927	33	1
951	31	1
975	29	1
1003	35	0
1028	35	0
9	69	1
35	69	1
63	69	1
89	69	1
115	69	1
142	69	1
168	69	1
194	69	1
222	69	1
249	69	1
275	69	0
299	69	0
324	69	0
353	69	0
378	69	0
406	69	1
428	64	1
456	62	1
488	69	0
515	69	0
540	69	0
564	67	0
597	58	0
620	69	0
645	69	0
673	69	0
697	69	0
725	69	0
752	69	0
779	69	0
808	69	0
837	69	0
865	69	0
891	69	0
916	69	0
945	69	0
975	69	0
1003	69	0
1028	69	0
9	91	1
35	91	1
63	91	1
89	91	1
115	91	1
142	91	1
171	91	0
191	91	0
223	95	0
243	96	0
275	91	0
299	91	0
324	91	0
353	91	0
378	91	0
406	91	0
433	91	0
462	91	0
488	91	0
515	91	0
540	91	1
575	86	1
595	83	1
620	91	0
645	91	0
673	91	0
697	91	0
725	91	0
752	91	0
779	91	0
808	91	0
837	91	0
865	91	0
891	91	0
916	91	0
945	91	0
975	91	0
1003	91	0
1028	91	0
9	119	1
35	119	1
63	119	1
89	119	1
115	119	1
142	119	1
168	119	1
194	119	1
222	119	1
249	119	1
275	119	1
299	119	0
324	119	0
353	119	0
378	119	0
406	119	0
433	119	0
462	119	0
488	119	0
515	119	0
540	119	0
567	119	0
594	119	0
620	119	0
645	119	0
673	119	1
697	119	1
725	119	1
752	119	0
779	119	0
808	119	0
837	119	0
865	119	0
891	119	0
916	119	0
945	119	0
975	119	0
1003	119	0
1028	119	0
9	140	1
35	140	1
63	140	1
89	140	1
115	140	1
142	140	1
168	140	1
194	140	1
222	140	1
249	140	1
275	140	1
299	140	0
324	140	0
353	140	0
378	140	0
406	140	0
433	140	0
462	140	0
488	140	0
515	140	0
540	140	0
567	140	0
594	140	0
620	140	0
645	140	0
673	140	0
697	140	0
725	140	0
752	140	0
779	140	1
808	140	1
837	140	1
865	140	0
891	140	0
916	140	0
945	140	0
975	140	0
1003	140	0
1028	140	0
9	165	1
35	165	1
63	165	1
89	165	1
115	165	1
142	165	1
168	165	1
194	165	1
222	165	1
249	165	1
275	165	1
299	165	1
324	165	0
353	165	0
378	165	0
406	165	0
433	165	0
462	165	0
488	165	0
515	165	0
540	165	0
567	165	0
594	165	0
620	165	0
645	165	0
673	165	0
697	165	0
725	165	0
752	165	0
779	165	0
808	165	0
837	165	0
865	165	0
891	165	0
916	165	1
945	165	1
975	165	0
1003	165	0
1028	165	0
9	200	1
35	200	1
63	200	1
89	200	1
115	200	1
142	200	1
168	200	1
194	200	1
222	200	1
249	200	1
275	200	0
299	200	0
324	200	0
353	200	0
378	200	1
406	194	1
427	192	1
462	200	0
488	200	0
515	200	0
540	200	0
567	200	0
594	200	0
620	200	0
645	200	0
673	200	0
697	200	0
725	200	0
752	200	0
779	200	0
808	200	0
837	200	0
865	200	0
891	200	0
916	200	0
945	200	0
975	200	0
1003	200	1
1028	200	1
9	231	1
35	231	1
63	231	1
89	231	1
115	231	1
142	231	1
168	231	1
194	231	1
222	231	1
249	231	1
275	231	1
299	231	1
324	231	0
353	231	0
378	231	0
406	231	0
433	231	0
462	231	0
488	231	0
515	231	1
540	231	1
567	231	1
594	231	0
620	231	0
645	231	0
673	231	0
697	231	0
725	231	0
752	231	0
779	231	0
808	231	0
837	231	0
865	231	0
891	231	0
916	231	0
945	231	0
975	231	0
1003	231	1
1028	231	1
9	264	1
35	264	1
63	264	1
89	264	1
115	264	1
142	264	1
168	264	1
194	264	1
219	264	0
247	264	0
275	264	0
299	264	0
324	264	0
353	264	0
378	264	0
406	264	0
433	264	0
462	264	0
488	264	0
515	264	0
540	264	0
567	264	0
594	264	0
620	264	1
645	264	1
673	264	1
697	264	1
725	264	0
752	264	0
779	264	0
808	264	0
837	264	0
865	264	0
891	264	0
916	264	0
945	264	0
975	264	0
1003	264	0
1028	264	0
9	292	1
35	292	1
63	292	1
89	292	1
115	292	1
142	292	1
168	292	1
194	292	1
222	292	1
249	292	1
277	291	0
299	292	0
324	292	0
353	292	0
378	292	0
406	292	0
433	292	0
462	292	0
488	292	0
515	292	0
540	292	0
567	292	0
594	292	0
620	292	0
645	292	0
673	292	0
697	292	0
725	292	0
752	292	1
779	292	1
808	292	1
837	292	0
864	301	1
891	292	1
916	292	1
945	292	0
975	292	0
1003	292	0
1028	292	0
9	319	1
37	320	0
63	321	0
89	319	1
115	319	1
142	319	1
168	319	1
194	319	1
222	319	1
249	319	1
275	319	1
299	319	0
324	319	0
353	319	0
378	319	0
406	319	0
433	319	0
462	319	0
488	319	0
515	319	0
540	319	0
567	319	0
594	319	0
620	319	0
645	319	0
673	319	0
697	319	0
725	319	0
752	319	0
779	319	0
808	319	0
837	319	0
867	324	1
891	319	1
916	319	1
945	319	0
975	319	0
1003	319	0
1028	319	0
9	352	1
35	352	1
63	352	1
89	352	1
115	352	1
142	352	1
168	352	1
194	352	1
222	352	0
249	352	0
275	352	0
299	352	0
324	352	0
353	352	1
378	352	1
406	352	1
433	352	0
462	352	0
488	352	0
515	352	0
540	352	0
567	352	0
594	352	0
620	352	0
645	352	0
673	352	0
697	352	0
725	352	0
752	352	0
779	352	0
808	352	0
837	352	0
865	352	0
891	352	0
916	352	0
945	352	0
975	352	1
1003	352	1
1028	352	0
5	383	0
35	377	1
63	377	1
89	377	1
115	377	1
142	377	1
168	384	1
195	387	1
222	377	0
249	377	0
275	377	0
299	377	0
324	377	0
353	377	0
378	377	0
406	377	0
433	377	0
462	377	0
480	381	1
507	379	1
540	377	0
567	377	0
594	377	0
620	377	0
645	377	0
673	377	0
697	377	0
725	377	0
752	377	0
779	377	0
808	377	0
837	377	0
865	377	0
891	377	0
916	377	0
945	377	0
975	377	0
1003	377	0
1028	377	0
9	407	1
35	407	1
63	407	1
89	407	1
115	407	1
142	407	0
168	407	0
196	407	0
222	407	0
249	407	0
275	407	0
299	407	0
324	407	0
353	407	0
378	407	0
406	407	0
433	407	0
462	407	0
488	407	0
515	407	0
540	407	0
567	407	0
587	413	1
620	407	1
647	400	1
673	407	0
697	407	0
725	407	0
751	406	0
779	407	0
808	407	0
837	407	0
865	407	0
891	407	0
916	407	0
945	407	0
975	407	0
1003	407	0
1028	407	0
9	427	1
35	427	1
63	427	1
89	427	1
115	427	1
142	427	0
168	427	0
194	427	0
222	427	0
249	427	0
275	427	0
299	427	0
324	427	0
353	427	0
378	427	0
406	427	0
433	427	0
462	427	0
488	427	0
515	427	0
540	427	0
567	427	0
598	431	0
620	427	0
645	427	0
673	427	0
701	435	1
730	429	1
759	423	1
779	427	0
808	427	0
837	427	0
865	427	0
891	427	0
916	427	0
945	427	0
975	427	0
1003	427	0
1028	427	0
9	458	1
35	458	1
63	458	1
89	458	1
115	458	1
142	458	1
168	458	0
194	458	0
222	458	1
249	458	1
275	458	0
299	458	0
324	458	0
353	458	0
378	458	0
406	458	0
433	458	0
462	458	0
488	458	0
515	458	0
540	458	0
567	458	0
594	458	0
620	458	0
645	458	0
673	458	0
697	458	0
725	458	0
752	458	0
779	458	0
808	467	1
837	458	1
865	458	1
886	455	1
916	458	0
945	458	0
975	458	0
1003	458	0
1028	458	0
14	482	0
34	481	0
59	483	0
91	485	0
117	483	0
144	483	0
168	482	0
194	482	0
223	486	0
249	482	0
275	482	0
299	482	0
324	482	1
353	482	1
378	482	1
406	482	0
433	482	0
462	482	0
488	482	0
515	482	0
540	482	0
567	482	0
594	482	0
620	482	0
645	482	0
673	482	0
697	482	0
725	482	0
752	482	0
779	482	0
808	487	0
837	482	0
865	482	0
891	482	0
916	482	0
936	488	1
967	480	1
997	475	1
1028	482	0
9	508	1
35	508	1
63	508	1
89	508	1
115	508	0
142	508	0
168	508	0
194	508	0
222	508	0
249	508	0
275	508	0
299	508	0
324	508	0
353	508	0
378	508	0
406	508	0
433	508	1
462	508	1
488	508	1
515	508	1
540	508	0
567	508	0
594	508	0
620	508	0
645	508	0
673	508	0
697	508	0
725	508	0
752	508	0
779	508	0
808	508	0
837	508	0
865	508	0
891	508	0
916	508	0
945	508	0
975	508	0
1003	508	0
1028	508	0
9	542	0
35	542	0
63	542	0
89	542	0
115	542	0
142	542	0
168	542	0
194	542	0
222	542	0
249	542	0
275	542	0
299	542	0
324	542	0
353	542	0
378	542	0
406	542	0
433	542	0
462	542	0
488	542	0
516	553	1
540	542	1
567	542	1
596	536	1
620	532	1
645	542	0
673	542	0
697	542	0
725	542	0
752	542	0
779	542	0
808	542	0
837	542	0
865	542	0
891	542	0
916	542	0
945	542	0
975	542	0
1003	542	0
1028	542	0
9	573	0
35	573	0
63	573	0
89	573	0
115	573	0
142	573	0
168	573	0
194	573	0
222	573	0
249	573	0
275	573	0
299	573	0
324	573	0
353	573	0
378	573	0
406	573	0
433	573	0
462	573	0
488	573	0
515	573	0
540	573	0
567	573	0
594	573	0
620	573	1
645	573	1
673	573	1
697	573	1
725	573	0
752	573	0
779	573	0
807	573	0
836	571	0
865	573	0
891	573	0
916	573	0
945	573	0
975	573	0
1003	573	0
1028	573	0
8	599	1
35	594	0
63	594	0
89	594	0
115	594	0
142	594	0
168	594	1
194	594	1
222	594	0
249	594	0
275	594	0
299	594	0
324	594	0
353	594	0
378	594	0
406	594	0
433	594	0
462	594	0
488	594	0
515	594	0
540	594	0
567	594	0
594	594	0
620	594	0
645	594	0
673	594	0
697	594	0
725	594	0
752	594	0
779	594	1
808	594	1
837	594	1
865	594	0
891	594	0
916	594	0
945	594	0
975	594	0
1003	594	0
1028	594	0
9	627	0
35	627	0
63	627	0
89	627	0
115	627	0
142	627	0
168	627	0
194	627	0
222	627	0
249	627	0
275	627	1
299	627	1
324	627	1
353	627	0
378	627	0
406	627	0
433	627	0
462	627	0
488	627	0
515	627	0
540	627	0
567	627	0
594	627	0
620	627	0
645	627	0
673	627	0
697	627	0
725	627	0
752	627	0
779	627	0
808	627	0
837	627	0
865	627	0
891	627	1
916	627	1
945	627	0
975	627	0
1002	626	0
1028	622	0
9	649	0
35	649	0
63	649	0
89	649	0
115	649	0
142	649	0
168	649	0
194	649	0
222	649	0
249	649	0
275	649	0
299	649	0
324	649	0
353	649	0
378	649	0
406	649	1
433	649	1
462	649	1
488	649	0
515	649	0
540	649	0
570	648	0
594	649	0
620	649	0
645	649	0
673	649	0
697	649	0
725	649	0
752	649	0
779	649	0
808	649	0
837	649	0
865	649	0
891	649	0
916	649	0
945	649	0
975	649	0
998	648	0
1023	644	1
9	673	0
35	673	0
63	673	0
89	673	0
115	673	0
142	673	0
168	673	0
194	673	0
222	673	0
249	673	0
275	673	0
299	673	0
324	673	0
353	673	0
378	673	0
406	673	0
433	673	0
462	673	0
488	673	0
515	673	1
540	673	1
567	673	1
594	673	0
620	673	0
645	673	0
673	673	0
697	673	0
725	673	0
752	673	0
779	673	0
808	673	0
837	673	0
865	673	0
891	673	0
916	673	0
945	673	0
975	673	0
1003	673	0
1028	673	0
