7	24	1
34	24	1
62	24	1
89	24	1
120	24	0
151	24	0
183	24	0
214	24	0
238	24	0
263	24	0
286	24	0
305	24	0
331	24	0
355	24	0
376	24	0
400	24	0
427	24	0
446	24	0
470	24	0
487	24	0
517	24	0
547	24	0
574	24	1
597	24	1
625	24	1
652	24	1
683	24	1
709	24	1
738	24	1
768	24	0
796	24	0
829	24	0
860	24	0
887	24	0
921	24	0
947	24	0
972	24	0
1001	24	0
1028	24	0
7	54	0
33	51	0
62	47	1
89	47	1
120	47	1
151	47	1
183	47	1
214	47	1
238	47	0
263	47	0
286	47	0
305	47	0
331	47	0
355	47	0
376	47	0
400	47	0
427	47	0
446	47	0
470	47	0
487	47	0
517	47	0
547	47	0
574	47	0
597	47	0
625	47	0
652	47	1
683	47	1
709	47	1
738	47	1
768	47	1
796	47	1
825	47	1
860	47	0
893	43	0
921	47	0
947	47	0
972	47	0
1001	47	0
1028	47	0
7	75	0
34	75	0
62	75	0
89	75	0
120	75	0
151	75	1
183	75	1
214	75	1
238	75	1
263	75	1
286	75	1
305	75	1
331	75	0
355	75	0
376	75	0
400	75	0
427	75	0
446	75	0
470	75	0
487	75	0
517	75	0
547	75	0
574	75	0
597	75	0
625	75	0
652	75	0
683	75	0
709	75	0
738	75	1
768	75	1
796	75	1
829	75	1
860	75	1
887	75	1
921	75	1
947	69	0
975	68	0
997	62	0
1030	65	0
7	110	0
34	110	0
62	110	0
89	110	0
120	110	0
151	110	0
183	110	0
214	110	0
238	110	0
263	110	0
286	110	1
305	110	1
331	110	1
355	110	1
376	110	1
400	110	1
427	110	1
446	110	0
470	110	0
487	110	0
517	110	0
547	110	0
574	110	0
597	110	0
625	110	0
652	110	0
683	110	0
709	110	0
738	110	0
768	110	0
796	110	0
829	110	0
860	110	0
892	108	1
924	104	1
945	98	1
975	91	1
1002	91	1
1027	86	1
7	137	0
34	137	0
62	137	0
89	137	0
130	131	1
151	137	0
183	137	0
214	137	0
238	137	0
263	137	0
286	137	0
305	137	0
331	137	0
355	137	0
376	137	0
400	137	0
427	137	1
446	137	1
470	137	1
487	137	1
517	137	1
547	137	1
574	137	1
597	137	0
625	137	0
652	133	0
686	132	0
709	137	0
738	137	0
768	137	0
796	137	0
829	137	0
860	137	0
887	137	0
921	137	0
947	137	0
973	132	0
1000	127	0
1029	121	1
7	168	1
34	168	1
62	168	0
89	168	0
112	169	0
131	167	1
183	168	0
214	168	0
238	168	0
263	168	0
286	168	0
305	168	0
331	168	0
355	168	0
376	168	0
400	168	0
427	168	0
446	168	0
470	168	0
487	168	0
517	168	1
547	168	1
574	168	1
597	168	1
625	168	1
652	168	1
683	160	1
707	157	1
738	168	0
768	168	0
796	168	0
829	168	0
860	168	0
887	168	0
921	168	0
947	168	0
972	168	0
1001	168	0
1028	168	0
7	195	1
34	195	1
62	195	1
89	195	1
120	195	1
155	195	0
183	195	0
214	195	0
238	195	0
263	195	0
286	195	0
305	195	0
331	195	0
355	195	0
376	195	0
400	195	0
427	195	0
446	195	0
470	195	0
487	195	0
517	195	0
547	195	0
574	195	0
597	195	1
625	195	1
652	195	1
683	195	1
709	195	1
738	195	1
768	195	1
799	191	0
831	191	0
859	193	0
887	195	0
921	195	0
948	192	0
974	190	0
1001	187	0
1027	187	0
7	227	0
34	227	0
62	227	0
89	227	0
120	227	0
151	227	1
183	227	1
214	227	1
238	227	1
263	227	1
286	227	0
305	227	0
331	227	0
353	222	0
381	220	0
400	227	0
427	227	0
446	227	0
470	227	0
487	227	0
517	227	0
547	227	0
574	227	0
597	227	0
625	227	0
652	227	0
683	227	0
709	227	1
738	227	1
775	221	1
796	219	1
826	219	1
848	213	1
878	210	1
919	212	0
946	210	0
975	210	0
1002	211	0
1025	215	0
7	252	0
34	252	0
62	252	0
89	252	0
120	252	0
151	252	0
183	252	0
214	252	0
238	252	0
263	252	1
286	252	1
305	252	1
331	252	1
355	252	1
376	252	1
400	252	0
427	252	0
446	252	0
470	252	0
487	252	0
517	252	0
547	252	0
574	252	0
597	252	0
625	252	0
652	252	0
683	252	0
709	252	0
738	252	0
768	252	0
796	252	0
829	252	0
862	247	1
885	242	1
915	239	1
939	235	1
970	235	1
999	240	0
1028	252	1
7	281	0
34	281	0
62	281	0
89	281	0
120	281	0
151	281	0
183	281	0
214	281	0
238	281	0
263	281	0
286	281	0
305	281	0
331	281	0
355	281	0
376	281	1
400	281	1
427	281	1
446	281	1
470	281	1
487	281	1
517	281	1
547	281	1
574	281	0
597	281	0
625	281	0
652	281	0
683	281	0
709	281	0
738	281	0
768	281	0
796	281	0
829	281	0
860	281	0
887	281	0
921	281	0
947	281	0
972	281	0
1001	281	0
1028	281	0
7	315	0
34	315	0
62	315	0
89	315	0
120	315	0
151	315	0
183	315	0
214	315	0
238	315	0
263	315	0
286	315	0
305	315	0
331	315	0
355	315	0
376	315	0
400	315	0
427	315	0
446	315	0
470	315	1
487	315	1
517	315	1
547	315	1
574	315	1
597	315	1
625	315	1
652	315	0
683	315	0
712	312	0
738	315	0
768	315	0
796	315	0
829	315	0
860	315	0
887	315	0
921	315	0
947	315	0
972	315	0
1001	315	0
1028	315	0
3	354	1
35	351	1
62	344	1
94	343	1
128	342	0
151	344	0
183	344	0
214	344	0
238	344	0
263	344	0
286	344	0
305	344	0
331	344	0
355	344	0
376	344	0
400	344	0
427	344	0
446	344	0
470	344	0
487	344	0
517	344	0
547	344	1
574	344	1
597	344	1
625	344	1
652	344	1
683	344	1
711	336	1
738	344	0
768	344	0
797	341	0
829	344	0
860	344	0
887	344	0
921	344	0
947	344	0
972	344	0
1001	344	0
1028	344	0
7	388	1
34	386	0
62	386	0
89	386	0
114	392	1
146	388	1
177	384	1
206	383	1
237	378	1
263	386	0
286	386	0
305	386	0
331	386	0
355	386	0
376	386	0
400	386	0
427	386	0
446	386	0
470	386	0
487	386	0
517	386	0
547	386	0
574	386	0
597	386	0
625	386	0
652	386	0
683	386	1
711	383	1
739	379	1
763	375	1
796	372	1
834	382	0
861	396	1
891	391	1
921	386	1
947	386	0
972	386	0
1001	386	0
1028	386	0
7	415	0
34	415	0
62	415	0
89	415	0
120	415	0
151	415	0
183	415	0
214	415	1
238	415	1
263	415	1
286	415	1
305	415	1
331	415	1
355	415	1
376	415	1
400	415	0
427	415	0
446	415	0
470	415	0
487	415	0
517	415	0
547	415	0
574	415	0
597	415	0
625	415	0
652	415	0
683	415	0
709	415	0
738	415	0
768	415	0
796	415	0
829	415	0
860	415	0
887	415	0
921	415	0
947	415	0
972	415	1
1001	415	1
1028	415	1
9	439	1
34	447	0
62	447	0
89	447	0
120	447	0
151	447	0
183	447	0
214	447	0
238	447	0
263	447	0
286	447	0
305	447	0
331	447	1
355	447	1
376	447	1
400	447	1
427	447	1
446	447	1
470	447	1
487	447	1
517	447	1
547	447	1
574	447	1
597	447	1
625	447	0
652	447	0
683	447	0
709	447	0
738	447	0
768	447	0
796	447	0
829	447	0
860	447	0
887	447	0
921	447	0
947	447	0
972	447	0
1001	447	0
1028	447	0
7	476	1
34	476	0
62	476	0
89	476	0
120	476	0
151	476	0
183	476	0
214	476	0
238	476	0
263	476	0
286	476	0
305	476	0
331	476	0
355	476	0
376	476	0
400	476	0
427	476	1
446	476	1
470	476	1
487	476	1
517	476	1
547	476	1
574	476	1
597	476	1
625	476	1
652	476	1
683	476	0
709	476	0
738	476	0
768	476	0
796	476	0
829	476	0
860	476	0
887	476	0
921	476	0
947	476	0
972	476	0
1001	476	0
1028	476	0
8	519	1
33	514	1
62	511	1
89	504	1
120	504	1
151	504	0
183	504	0
214	504	0
238	504	0
263	504	0
286	504	0
305	504	0
331	504	0
355	504	0
376	504	0
400	504	0
427	504	0
446	504	0
470	504	0
487	504	1
517	504	1
547	504	1
574	504	1
597	504	1
625	504	1
652	504	1
683	504	1
709	504	1
738	504	1
768	504	0
796	504	0
829	504	0
860	504	0
887	504	0
921	504	0
947	504	0
972	504	0
1001	504	0
1028	504	0
5	554	0
31	550	1
64	544	1
89	539	1
120	539	1
151	539	1
183	539	1
214	539	1
238	539	1
263	539	1
286	539	0
305	539	0
331	539	0
355	539	0
376	539	0
400	539	0
427	539	0
446	539	0
470	539	0
487	539	0
517	539	0
547	539	0
574	539	0
597	539	0
625	539	0
652	539	1
683	539	1
709	539	1
738	539	1
768	539	1
796	539	1
829	539	1
860	539	1
887	539	0
918	539	0
941	539	0
967	538	1
1001	539	0
1028	539	0
7	574	0
34	574	0
62	574	0
89	574	0
120	574	0
150	580	1
183	574	1
214	574	1
238	574	1
263	574	1
286	574	1
305	574	1
331	574	1
355	574	1
376	574	1
400	574	0
427	574	0
446	574	0
470	574	0
487	574	0
517	574	0
547	574	0
574	574	0
597	574	0
625	574	0
652	574	0
683	574	0
709	574	0
738	574	1
768	574	1
796	574	1
829	574	1
860	574	1
887	574	1
917	571	1
947	568	1
972	574	0
1001	574	0
1027	569	0
7	598	0
34	598	0
62	598	0
89	598	0
120	598	0
148	599	0
183	598	0
214	598	0
238	598	1
263	598	1
286	598	1
305	598	1
331	598	1
355	598	1
376	598	1
400	598	1
427	598	1
446	598	1
470	598	1
487	598	1
517	598	0
547	598	0
574	598	0
597	598	0
625	598	0
652	598	0
683	598	0
709	598	0
738	598	0
768	598	0
796	598	0
829	598	0
860	598	1
887	598	1
921	598	1
947	598	1
972	598	1
1001	598	1
1031	595	1
7	635	0
34	635	0
62	635	0
89	635	0
120	635	0
151	635	0
183	635	0
214	635	0
238	635	0
263	635	0
286	635	0
305	635	0
331	635	0
355	635	1
376	635	1
400	635	1
427	635	1
446	635	1
470	635	1
487	635	1
517	635	1
547	635	1
576	627	1
597	635	0
625	635	0
652	635	0
683	635	0
709	635	0
738	635	0
768	635	0
796	635	0
829	635	0
860	635	0
887	635	0
921	635	0
947	635	0
972	635	0
1001	635	0
1028	635	0
7	658	0
32	659	0
62	658	1
89	658	1
120	658	0
151	658	0
183	658	0
214	658	0
238	658	0
263	658	0
286	658	0
305	658	0
331	658	0
355	658	0
376	658	0
400	658	0
427	658	0
446	658	0
470	658	1
487	658	1
517	658	1
547	658	1
574	658	1
597	658	1
625	658	1
652	658	1
683	658	1
709	658	0
738	658	0
768	658	0
796	658	0
829	658	0
860	658	0
887	658	0
921	658	0
947	658	0
972	658	0
1001	658	0
1028	658	0
7	683	1
34	683	1
62	683	1
89	683	1
120	683	0
151	683	0
183	683	0
214	683	1
238	683	0
263	683	0
286	683	0
305	683	0
331	683	0
355	683	0
376	683	0
400	683	0
427	683	0
446	683	0
470	683	0
487	683	0
517	683	0
547	683	0
574	683	1
597	683	1
625	683	1
652	683	1
683	683	1
709	683	1
738	683	1
768	683	1
796	683	1
829	683	0
860	683	0
887	683	0
921	683	0
947	683	0
972	683	0
1001	683	0
1028	683	0
