6	12	1
29	12	0
52	12	0
75	12	0
100	12	0
126	12	0
151	12	0
175	12	0
199	10	0
225	13	0
248	12	0
272	12	0
294	12	0
317	12	0
341	12	0
366	12	0
391	12	0
415	12	0
437	12	1
460	12	1
484	12	1
508	12	1
530	12	1
554	12	1
579	12	1
604	12	1
629	12	1
652	12	1
676	12	1
696	12	1
719	12	1
744	12	1
769	9	0
792	10	0
816	11	0
836	10	0
860	8	0
888	9	0
916	12	0
935	12	0
959	12	0
984	12	0
1010	12	0
1031	12	1
6	37	0
29	37	0
52	37	0
75	37	0
100	37	1
126	37	1
151	37	1
175	37	1
199	37	1
224	37	1
248	37	1
272	37	0
294	37	0
317	37	0
341	37	0
366	37	0
391	37	0
415	37	0
436	41	0
458	40	0
487	40	0
512	42	0
531	42	0
554	37	1
579	37	1
604	37	1
629	37	1
652	37	1
676	37	1
696	37	1
719	37	1
744	37	1
766	37	1
790	37	1
812	37	1
836	37	1
861	37	1
888	35	0
908	36	0
932	37	0
956	36	0
984	37	0
1010	37	0
1031	37	0
6	62	0
29	62	0
52	62	0
75	62	0
100	62	0
126	62	1
151	62	1
175	62	1
199	62	1
224	62	1
248	62	1
272	62	1
294	62	1
317	62	1
341	62	1
366	62	1
391	62	0
415	62	0
437	62	0
460	62	0
484	62	0
508	62	0
530	62	0
554	62	0
579	62	0
604	62	0
629	62	0
652	62	1
676	62	1
696	62	1
719	62	1
744	62	1
766	62	1
790	62	1
812	62	1
836	62	1
861	62	1
884	62	1
910	62	1
935	62	1
959	62	1
984	62	1
1010	62	1
1031	62	1
6	86	0
29	86	0
52	86	0
75	86	0
100	86	0
126	86	0
151	88	0
178	87	0
203	101	1
228	101	1
253	96	1
273	98	1
294	94	1
316	94	1
341	86	1
366	86	1
391	86	1
415	86	1
437	86	1
460	86	1
484	86	1
508	86	1
530	86	0
554	86	0
579	86	0
604	86	0
629	86	0
652	86	0
676	86	0
696	86	0
719	86	0
744	86	0
766	86	1
790	86	1
812	86	1
836	86	1
861	86	1
884	86	1
910	86	1
935	86	1
959	86	1
984	86	1
1011	86	1
1031	86	1
6	113	0
29	113	0
52	113	0
75	113	0
100	113	0
126	113	0
151	113	0
175	113	0
201	119	0
225	120	0
251	119	0
272	119	0
295	119	0
316	124	1
340	126	1
368	126	1
392	123	1
416	122	1
437	113	1
460	113	1
484	113	1
508	113	1
530	113	1
554	113	1
579	113	1
604	113	1
629	113	1
652	113	0
676	113	0
696	113	0
719	113	0
744	113	0
766	113	0
790	113	0
812	113	0
836	113	0
861	113	0
884	113	1
910	113	1
935	113	1
959	113	1
984	113	1
1010	113	1
1031	113	1
6	136	0
29	136	0
52	136	0
75	136	0
100	136	0
126	136	0
151	136	0
175	136	0
199	136	0
224	136	0
248	136	0
272	136	0
294	136	0
316	142	0
344	142	0
368	142	0
393	142	0
418	145	1
437	145	1
464	142	1
484	136	1
508	136	1
530	136	1
554	136	1
579	136	1
604	136	1
629	136	1
652	136	1
676	136	1
696	136	1
719	136	1
744	136	0
766	136	0
790	136	0
812	136	0
836	136	0
861	136	0
884	136	0
910	136	0
935	136	0
959	136	0
984	136	1
1010	136	1
1031	136	1
10	174	0
29	172	0
50	176	1
70	173	1
100	174	1
124	170	1
152	170	1
181	173	1
204	171	1
225	166	0
248	161	0
272	161	0
294	161	0
317	161	0
341	161	0
366	161	0
391	161	0
415	165	0
437	165	0
460	161	0
484	161	1
508	161	1
530	161	1
554	161	1
579	161	1
604	161	1
629	161	1
652	161	1
676	161	1
696	161	1
719	161	1
744	161	1
766	161	1
790	161	1
812	161	1
837	159	0
862	161	0
884	161	0
910	161	0
935	161	0
959	161	0
984	161	0
1010	161	0
1031	161	0
4	197	0
33	197	0
53	199	0
80	203	0
105	201	1
132	196	1
152	195	1
174	197	1
199	195	1
224	187	1
248	187	1
272	187	1
294	187	1
317	187	1
341	187	1
366	187	0
391	187	0
415	187	0
437	187	0
460	187	0
484	187	0
508	187	0
530	187	0
554	187	0
579	187	0
604	187	0
629	187	1
652	187	1
676	187	1
696	187	1
719	187	1
744	187	1
766	187	1
790	187	1
812	187	1
836	187	1
861	187	1
884	187	1
910	187	1
935	187	1
959	187	1
984	187	0
1010	187	0
1031	187	0
6	220	0
29	220	0
52	220	0
75	220	0
100	226	0
133	226	0
153	223	0
175	220	1
199	220	1
224	220	1
248	220	1
272	220	1
294	220	1
317	220	1
341	220	1
367	229	1
393	230	1
416	228	1
442	228	1
463	232	1
487	226	0
508	220	0
530	220	0
554	220	0
579	220	0
604	220	0
629	220	0
652	220	0
676	220	0
696	220	0
717	217	0
744	220	1
766	220	1
790	220	1
812	220	1
836	220	1
861	220	1
884	220	1
910	220	1
935	220	1
959	220	1
984	220	1
1010	220	1
1031	220	1
6	250	0
29	250	0
52	250	0
75	250	0
100	250	0
126	250	0
151	250	0
175	250	0
199	250	0
224	250	0
248	250	0
272	250	1
294	250	1
317	250	1
341	250	1
366	250	1
391	250	1
415	250	1
437	250	1
460	250	1
484	250	1
508	250	1
530	250	1
554	250	1
579	250	0
604	250	0
629	250	0
647	249	0
676	250	0
696	250	0
719	250	0
747	252	0
767	250	0
790	250	0
812	250	0
836	250	1
861	250	1
884	250	1
910	250	1
935	250	1
959	250	1
984	250	1
1010	250	1
1031	250	1
6	286	0
29	286	0
52	286	0
75	286	0
100	286	0
126	286	0
151	286	0
175	286	0
199	286	0
224	286	0
248	286	0
272	286	0
294	286	0
317	286	0
341	286	0
366	286	1
391	286	1
415	286	1
437	286	1
460	286	1
484	286	1
508	286	1
530	286	1
554	286	1
579	286	1
604	286	1
629	286	1
652	286	1
676	286	1
696	286	1
719	286	1
744	286	1
766	286	1
792	284	0
812	286	0
836	286	0
861	286	0
884	286	0
910	286	0
935	286	0
959	286	0
984	286	0
1010	286	0
1031	286	0
6	313	1
29	313	1
52	313	1
75	313	1
100	313	1
126	313	1
151	313	1
175	313	1
199	313	0
224	313	0
248	313	0
272	313	0
294	313	0
317	313	0
341	313	0
366	313	0
391	313	0
415	313	0
437	313	0
460	313	0
484	313	1
508	313	1
530	313	1
554	313	1
579	313	1
604	313	1
629	313	1
652	313	1
676	313	1
696	313	1
719	313	1
744	313	1
766	313	1
790	313	1
812	313	1
836	313	1
861	313	1
884	313	1
910	313	0
935	313	0
959	313	0
984	313	0
1010	313	0
1031	313	0
6	345	0
29	345	0
52	345	0
75	345	1
100	345	1
126	345	1
151	345	1
175	345	1
199	345	1
224	345	1
248	345	1
272	345	1
294	345	1
317	345	1
341	345	1
366	345	0
391	345	0
415	345	0
437	345	0
460	345	0
484	345	0
508	345	0
530	345	0
554	345	0
579	345	1
604	345	1
629	345	1
652	345	1
676	345	1
696	345	1
719	345	1
744	345	1
766	345	1
790	345	1
812	345	1
836	345	1
861	345	1
884	345	1
910	345	1
935	345	1
959	345	1
984	345	1
1010	345	1
1031	345	1
6	371	0
29	371	0
52	371	0
75	371	0
100	371	0
126	371	0
151	371	0
175	371	1
199	371	1
224	371	1
248	371	1
272	371	1
294	371	1
317	371	1
341	371	1
366	371	1
391	371	1
415	371	1
437	371	1
460	371	0
484	371	0
508	371	0
530	371	0
554	371	0
579	371	0
604	371	0
629	371	0
652	371	0
676	371	0
696	371	1
719	371	1
744	371	1
766	371	1
790	371	1
812	371	1
836	371	1
861	371	1
884	371	1
910	371	1
935	371	1
959	371	1
984	371	1
1010	371	1
1031	371	1
6	399	0
29	399	0
52	399	0
75	399	0
100	399	0
126	399	0
151	399	0
175	399	0
199	399	0
224	399	1
248	399	1
272	399	1
294	399	1
317	399	1
341	399	1
366	399	1
391	399	1
415	399	1
437	399	1
460	399	1
484	399	1
508	399	1
530	399	1
554	399	0
579	399	0
604	399	0
629	399	0
652	399	0
676	399	0
696	399	0
719	399	0
744	399	0
766	399	0
790	399	0
812	399	1
836	399	1
861	399	1
884	399	1
910	399	1
935	399	1
959	399	1
984	399	1
1010	399	1
1031	399	1
9	427	0
29	428	0
52	428	0
75	428	0
100	428	0
126	428	0
151	428	0
175	428	0
199	428	0
224	428	0
248	428	0
272	428	0
294	428	0
317	428	1
341	428	1
366	428	1
391	428	1
415	428	1
437	428	1
460	428	1
484	428	1
508	428	1
530	428	1
554	428	1
579	428	1
604	428	1
629	428	1
651	427	0
675	426	0
697	426	0
719	428	0
744	428	0
766	428	0
790	428	0
812	428	0
836	428	0
861	428	0
884	428	0
910	428	1
932	425	1
961	419	1
985	422	1
1012	425	1
1031	428	1
6	456	1
29	456	1
52	456	1
75	456	1
100	456	1
126	456	0
151	456	0
175	456	0
199	456	0
224	456	0
248	456	0
272	456	0
294	456	0
317	456	0
341	456	0
366	456	0
391	456	0
415	456	1
437	456	1
460	456	1
484	456	1
508	456	1
530	456	1
554	456	1
579	456	1
604	456	1
629	456	1
652	456	1
676	456	1
696	456	1
719	456	1
744	456	1
760	454	0
786	453	0
810	451	0
832	453	0
860	453	0
884	456	0
910	456	0
935	456	0
959	456	0
984	456	0
1008	452	0
1028	448	1
6	484	1
29	484	1
52	484	1
75	484	1
100	484	1
126	484	1
151	484	1
175	484	1
199	484	1
224	484	1
248	484	1
276	483	0
292	483	0
312	483	0
344	482	0
363	482	0
391	484	0
415	484	0
437	484	0
460	484	0
484	484	0
510	488	0
530	484	1
554	484	1
579	484	1
604	484	1
629	484	1
652	484	1
676	484	1
696	484	1
719	484	1
744	484	1
766	484	1
790	484	1
812	484	1
836	484	1
861	484	1
884	484	1
910	484	1
935	484	1
959	484	1
984	484	0
1010	484	0
1031	484	0
6	512	0
29	512	0
52	512	0
75	512	0
100	512	1
126	512	1
151	512	1
175	512	1
199	512	1
224	512	1
248	512	1
272	512	1
294	512	1
317	512	1
341	512	1
366	512	1
391	512	1
415	512	1
437	512	0
460	512	0
484	512	0
508	512	0
530	512	0
554	512	0
579	512	0
605	512	0
627	510	0
652	512	1
676	512	1
696	512	1
719	512	1
744	512	1
766	512	1
790	512	1
812	512	1
836	512	1
861	512	1
884	512	1
910	512	1
935	512	1
959	512	1
984	512	1
1010	512	1
1031	512	1
6	541	0
29	541	0
52	541	0
75	541	0
100	541	0
126	541	0
151	541	0
175	541	0
199	541	1
224	541	1
248	541	1
272	541	1
294	541	1
317	541	1
341	541	1
366	541	1
391	541	1
415	541	1
437	541	1
460	541	1
484	541	1
508	539	0
526	539	0
552	538	0
580	538	0
604	538	0
629	541	0
652	541	0
676	541	0
696	541	0
719	541	0
744	544	0
766	541	1
790	541	1
812	541	1
836	541	1
861	541	1
884	541	1
910	541	1
935	541	1
959	541	1
984	541	1
1010	541	1
1031	541	1
6	566	0
26	567	0
49	567	0
75	568	0
100	568	0
126	568	0
151	568	0
175	568	0
199	568	0
224	568	0
248	568	0
272	568	0
294	568	1
317	568	1
341	568	1
366	568	1
391	568	1
415	568	1
437	568	1
460	568	1
484	568	1
508	568	1
530	568	1
554	568	1
579	568	1
604	568	1
629	568	1
652	568	1
676	568	1
697	566	0
718	565	0
744	568	0
766	568	0
790	568	0
812	568	0
836	568	0
861	568	0
884	568	0
911	571	0
934	571	0
962	569	0
984	568	1
1010	568	1
1031	568	1
6	591	1
29	591	1
52	591	1
75	591	1
100	591	0
126	591	0
151	591	0
176	590	0
196	590	0
224	591	0
248	591	0
272	591	0
294	591	0
317	591	0
341	591	0
366	594	0
391	591	1
415	591	1
437	591	1
460	591	1
484	591	1
508	591	1
530	591	1
554	591	1
579	591	1
604	591	1
629	591	1
652	591	1
676	591	1
696	591	1
719	591	1
744	591	0
768	592	0
790	591	0
812	591	0
836	591	0
861	591	0
884	591	0
910	591	0
935	591	0
959	591	0
984	591	0
1010	591	0
1031	591	0
6	619	1
29	619	1
52	619	1
75	619	1
100	619	1
126	619	1
151	619	1
175	619	1
199	619	1
224	619	1
248	619	0
272	619	0
294	619	0
317	619	0
341	619	0
366	619	0
391	619	0
415	619	0
437	619	0
460	619	0
484	619	0
508	619	1
530	619	1
554	619	1
579	619	1
604	619	1
629	619	1
652	619	1
676	619	1
696	619	1
719	619	1
744	619	1
766	619	1
790	619	1
812	619	1
836	619	1
861	619	1
884	619	1
910	619	1
935	619	1
959	619	0
984	619	0
1010	619	0
1031	619	0
6	644	0
29	645	0
52	644	0
75	644	1
100	644	1
126	644	1
151	644	1
175	644	1
199	644	1
224	644	1
248	644	1
272	644	1
294	644	1
317	644	1
341	644	1
366	644	1
391	644	1
415	644	1
437	644	0
460	644	0
484	644	0
508	644	0
530	644	0
554	644	0
579	644	0
604	644	1
629	644	1
652	644	1
676	644	1
696	644	1
719	644	1
744	644	1
766	644	1
790	644	1
812	644	1
836	644	1
861	644	1
884	644	1
910	644	1
935	644	1
959	644	0
985	645	0
1004	640	0
1028	639	0
6	674	0
29	674	0
52	674	0
75	674	0
100	674	0
126	674	0
151	674	1
175	674	1
199	674	1
224	674	1
248	674	1
272	674	1
294	674	1
317	674	1
341	674	1
366	674	1
391	674	1
415	674	1
437	674	1
460	674	1
484	674	0
507	675	0
530	674	0
554	674	0
579	674	0
604	674	0
629	674	0
652	674	0
676	674	0
696	674	0
719	674	0
744	674	1
766	674	1
790	674	1
812	674	1
836	674	1
861	674	1
884	674	1
910	674	1
935	674	1
959	674	1
984	674	1
1010	674	1
1031	674	1
