3	4	0
25	4	1
49	4	1
73	4	1
97	4	1
120	4	1
143	4	1
167	4	1
190	4	1
214	4	1
237	4	1
261	4	1
285	4	0
306	4	0
329	4	0
353	4	0
377	4	0
398	4	0
421	4	0
444	4	0
466	4	1
491	4	1
514	4	1
538	4	1
561	4	1
585	4	1
609	4	1
633	4	1
657	4	1
681	4	0
705	4	0
728	4	0
754	4	0
775	4	0
797	4	0
819	4	0
841	4	0
865	4	0
888	4	1
911	4	1
935	4	0
959	4	0
982	4	1
1007	4	1
1029	4	1
3	25	0
25	25	1
49	25	1
73	25	1
97	25	1
120	25	1
143	25	1
167	25	1
190	25	1
214	25	1
237	25	1
261	25	1
285	25	1
306	25	1
329	25	1
353	25	0
377	25	0
398	25	0
421	25	0
444	25	0
466	25	0
491	25	0
514	25	0
538	25	1
561	25	1
585	25	1
609	25	1
633	25	1
657	25	1
681	25	1
705	25	0
728	25	0
753	21	0
778	23	0
797	25	0
819	25	0
841	25	0
865	25	0
888	25	0
911	25	0
935	25	0
959	25	0
982	25	0
1007	25	0
1029	25	1
3	47	1
25	47	1
49	47	1
73	47	0
97	47	0
120	47	0
143	47	1
167	47	1
191	47	1
214	47	1
237	47	1
261	47	1
285	47	1
306	47	1
329	47	1
353	47	1
377	47	1
398	47	1
421	47	1
444	47	1
466	47	0
491	47	0
514	47	0
538	47	0
561	47	0
585	47	0
609	47	1
633	47	1
657	47	1
681	47	1
705	47	1
728	47	1
754	47	1
775	47	1
797	47	1
819	47	1
841	47	1
865	47	0
888	47	0
911	47	0
935	47	0
959	47	0
982	47	0
1007	47	0
1029	47	1
3	66	1
25	66	1
49	66	1
73	66	1
97	66	1
120	66	1
143	66	0
167	66	0
190	66	0
214	66	1
237	66	1
261	66	1
285	66	1
306	66	1
329	66	1
353	66	1
377	66	1
398	66	1
421	66	1
444	66	1
466	66	1
491	66	1
514	66	1
538	66	0
561	66	0
585	66	0
609	66	0
633	66	0
657	66	0
681	66	1
705	66	1
727	63	1
754	66	1
775	66	1
797	66	1
819	66	1
841	66	1
865	66	1
888	66	1
911	66	0
935	66	0
959	66	0
982	66	0
1007	66	0
1029	66	0
3	86	1
25	86	1
49	86	1
73	86	1
97	86	1
120	86	1
143	86	1
167	86	1
190	86	0
214	86	0
237	86	0
261	86	0
289	86	0
306	86	0
329	86	0
353	86	0
377	86	0
398	86	1
421	86	1
444	86	1
466	86	1
491	86	1
514	86	1
538	86	0
561	85	0
585	86	0
609	86	0
633	86	0
657	86	0
681	86	0
705	86	0
728	86	0
753	88	0
775	86	0
797	86	1
819	86	1
841	86	1
865	86	1
888	86	1
911	86	0
936	82	0
959	86	0
982	86	0
1007	86	0
1029	86	0
4	114	0
25	109	1
49	109	1
73	109	1
97	109	1
120	109	1
143	109	1
167	109	1
190	109	1
214	109	1
237	109	1
261	109	0
285	109	0
306	109	0
329	109	0
353	109	0
377	109	0
398	111	0
421	111	0
444	109	0
466	109	1
491	109	1
514	109	1
538	109	1
561	109	1
585	109	1
609	109	1
633	109	0
657	109	0
681	109	0
705	109	0
728	109	0
754	109	0
775	109	0
797	109	0
819	109	0
841	109	0
865	109	0
888	109	1
911	109	1
935	109	1
959	109	1
982	109	1
1007	109	1
1029	109	1
3	131	0
25	131	1
49	131	1
73	131	1
97	131	1
120	131	1
143	131	1
167	131	1
190	131	1
214	131	1
237	131	1
261	131	1
285	131	1
306	131	1
329	131	0
353	131	0
377	131	0
398	131	0
421	131	0
444	131	0
466	131	0
491	131	0
514	131	1
538	131	1
561	131	1
585	131	1
609	131	1
633	131	1
657	131	1
681	131	1
705	131	0
728	131	0
754	131	0
775	131	0
797	131	0
819	131	0
841	131	0
865	131	0
888	131	0
911	131	0
935	131	1
959	131	1
982	131	1
1007	131	1
1029	131	1
3	154	1
25	154	1
49	154	1
73	154	1
97	154	0
120	154	1
143	154	1
167	154	1
190	154	1
214	154	1
237	154	1
261	154	1
285	154	1
306	154	1
329	154	1
353	154	1
377	154	0
398	154	0
421	154	0
444	154	0
466	154	0
491	154	0
514	154	0
538	154	1
561	154	1
585	154	1
609	154	1
633	154	1
657	154	1
681	154	1
705	154	1
728	154	1
754	154	0
775	154	0
797	154	0
819	154	0
841	154	0
865	154	0
888	154	0
911	154	0
935	154	0
959	154	0
982	154	0
1007	154	1
1029	154	1
3	173	1
25	173	1
49	173	1
73	173	1
97	173	0
120	173	0
143	173	0
167	173	0
190	173	1
214	173	1
237	173	1
261	173	1
285	173	1
306	173	1
329	173	1
353	173	1
377	173	1
398	173	1
421	173	1
444	173	0
466	173	0
491	173	0
514	173	0
538	173	0
561	173	0
585	173	0
609	173	0
633	173	0
657	173	1
681	173	1
705	173	1
728	173	1
754	173	1
775	173	1
797	173	1
819	173	0
841	173	0
865	173	0
888	173	0
911	173	0
935	173	0
959	173	0
982	173	0
1007	173	0
1029	173	0
3	192	1
25	192	1
49	192	1
73	192	1
97	192	1
120	192	0
143	192	0
167	192	0
190	192	0
214	192	0
237	192	1
261	192	1
285	192	1
306	192	1
329	192	1
353	192	1
377	192	1
398	192	1
421	192	1
444	192	1
466	192	1
491	192	0
514	192	0
538	192	0
561	192	0
585	192	0
609	192	0
633	192	0
657	192	0
681	192	0
705	192	0
728	192	1
754	192	1
775	192	1
797	192	1
819	192	1
841	192	1
865	192	1
888	192	0
911	192	0
935	192	0
959	192	0
982	192	0
1007	192	0
1029	192	0
3	211	1
25	211	1
49	211	1
73	211	1
97	211	1
120	211	1
143	211	1
167	211	1
190	211	0
214	211	0
237	211	0
260	214	0
285	211	0
306	211	0
329	211	1
353	211	1
377	211	1
398	211	1
421	211	1
444	211	1
466	211	1
491	211	1
514	211	1
538	211	1
561	211	0
585	211	0
609	211	0
633	211	0
657	211	0
681	211	0
705	211	0
729	211	0
754	211	0
775	211	0
797	211	1
819	211	1
841	211	1
865	211	1
888	211	1
911	211	1
935	211	1
959	211	1
982	211	0
1007	211	0
1029	211	0
3	230	1
25	230	1
49	230	1
73	230	1
97	230	1
120	230	1
143	230	1
167	230	1
190	230	1
214	230	1
237	230	0
261	230	0
285	230	0
306	230	0
329	230	1
353	230	1
377	230	0
398	230	0
421	230	0
444	230	1
466	230	1
491	230	1
514	230	1
538	230	1
561	230	1
585	230	1
609	230	1
633	230	0
657	230	0
681	230	0
705	230	0
728	230	0
754	230	0
775	230	0
797	230	0
819	230	0
841	230	0
865	230	1
888	230	1
911	230	1
935	230	1
959	230	1
982	230	1
1007	230	1
1029	230	1
3	245	0
25	245	1
49	245	1
73	245	1
97	245	1
120	245	1
143	245	1
167	245	1
190	245	1
214	245	1
237	245	1
261	245	1
285	245	0
306	245	0
329	245	0
353	245	0
377	245	0
398	245	0
421	245	0
444	245	1
466	245	0
491	245	0
514	245	1
538	245	1
561	245	1
585	245	1
609	245	1
633	245	1
657	245	1
681	245	0
705	245	0
728	245	0
754	245	0
775	245	0
797	245	0
819	245	0
841	245	0
865	245	1
888	245	1
911	245	1
935	245	1
959	245	1
982	245	1
1007	245	1
1029	245	1
3	269	0
25	269	0
49	269	1
73	269	1
97	269	1
120	269	1
143	269	1
167	269	1
190	269	1
214	269	1
237	269	1
261	269	1
285	269	1
306	269	1
329	269	1
353	269	0
377	269	0
398	269	0
421	269	0
444	269	0
466	269	0
491	269	0
514	269	0
538	269	0
561	269	1
585	269	1
609	269	1
633	269	1
657	269	1
681	269	1
705	269	1
728	269	0
754	269	0
775	269	0
797	269	0
819	269	0
841	269	0
865	269	0
888	269	0
911	269	0
935	269	0
959	269	0
982	269	1
1007	269	1
1029	269	1
3	287	0
25	287	0
49	287	0
73	287	1
97	287	1
120	287	1
143	287	1
167	287	1
190	287	1
214	287	1
237	287	1
261	287	1
285	287	1
306	287	1
329	287	1
353	287	1
377	287	1
398	287	1
421	287	0
444	287	0
466	287	0
491	287	0
514	287	0
538	287	0
561	287	0
585	287	0
609	287	0
633	287	1
657	287	1
681	287	1
705	287	1
728	287	1
754	287	1
775	287	1
797	287	0
819	287	0
841	287	0
865	287	0
888	287	0
911	287	0
935	287	0
959	287	0
982	287	0
1007	287	0
1029	287	1
3	307	0
25	307	1
49	307	1
73	307	1
97	307	0
120	307	0
143	307	0
167	307	0
190	307	0
214	307	1
237	307	1
261	307	1
285	307	1
306	307	1
329	307	1
353	307	1
377	307	1
398	307	1
421	307	1
444	307	1
466	307	1
491	307	0
514	307	0
538	307	0
561	307	0
585	307	0
609	307	0
633	307	0
657	307	0
681	307	1
705	307	1
728	307	1
754	307	1
775	307	1
797	307	1
819	307	1
841	307	1
865	307	1
888	307	0
911	307	0
935	307	0
959	307	0
982	307	0
1007	307	0
1029	307	1
3	326	1
25	326	1
49	326	1
73	326	1
97	326	1
120	326	1
143	326	1
167	326	0
190	326	0
214	326	0
237	326	0
261	326	0
285	326	1
306	326	1
329	326	1
353	326	1
377	326	1
398	326	1
421	326	1
444	326	1
466	326	1
491	326	1
514	326	1
538	326	0
561	326	0
585	326	0
609	326	0
633	326	0
657	326	0
681	326	1
705	326	0
728	326	0
754	326	0
775	326	1
797	326	1
819	326	1
841	326	1
865	326	1
888	326	1
911	326	1
935	326	1
959	326	0
982	326	0
1007	326	0
1029	326	0
3	343	1
25	343	1
49	343	1
73	343	1
97	343	1
120	343	1
143	343	1
167	343	1
190	343	1
214	343	0
237	343	0
261	343	0
285	343	1
306	343	1
329	343	1
353	343	1
377	343	1
398	343	1
421	343	1
444	343	1
466	343	1
491	343	1
514	343	1
538	343	0
561	343	0
585	339	0
610	341	0
633	343	0
657	343	0
681	343	0
705	343	0
728	343	0
754	343	0
775	343	1
797	343	0
819	343	0
841	343	1
865	343	1
888	343	1
911	343	1
935	343	1
959	343	1
982	343	1
1007	343	1
1029	343	0
3	359	0
25	359	0
49	359	0
73	359	1
97	359	1
120	359	1
143	359	1
167	359	1
190	359	1
214	359	0
237	359	1
261	359	1
285	359	0
306	359	0
329	359	0
353	359	0
377	359	1
398	359	1
421	359	1
444	359	1
466	359	1
491	359	1
514	359	1
538	359	1
561	359	1
585	359	1
609	359	1
633	359	0
657	359	0
681	359	0
705	359	0
728	359	0
754	359	0
775	359	0
797	359	0
819	359	0
841	359	0
865	359	1
888	359	1
911	359	1
935	359	1
959	359	1
982	359	1
1007	359	1
1029	359	1
3	381	0
25	381	0
49	381	0
73	381	1
97	381	1
120	381	1
143	381	1
167	381	1
190	381	1
214	381	1
237	381	1
261	381	1
285	381	1
306	381	1
329	381	1
353	381	0
377	381	0
398	381	0
421	381	0
444	381	0
466	381	0
491	381	0
514	381	0
538	381	1
561	381	1
585	381	1
609	381	1
633	381	1
657	381	1
681	381	1
705	381	0
728	381	0
754	381	0
775	381	0
797	381	0
819	381	0
841	381	0
865	381	0
888	381	0
911	381	0
935	381	1
959	381	1
982	381	1
1007	381	1
1029	381	1
3	400	0
25	400	0
49	400	0
73	400	1
97	400	1
120	400	1
143	400	1
167	400	1
190	400	1
214	400	1
237	400	1
261	400	1
285	400	1
306	400	1
329	400	1
353	400	1
377	400	1
398	400	1
421	400	0
444	400	0
466	400	0
491	400	0
514	400	0
538	400	0
561	400	0
585	400	0
609	400	1
633	400	1
657	400	1
681	400	1
705	400	0
725	399	0
754	395	0
780	391	0
797	400	0
819	400	0
841	400	0
865	400	0
888	400	0
911	400	0
937	402	0
963	402	0
982	400	0
1007	400	0
1029	400	1
3	421	0
25	421	0
49	421	0
73	421	0
94	419	0
115	421	0
143	421	0
167	421	0
190	421	1
214	421	1
237	421	1
261	421	1
285	421	1
306	421	1
329	421	1
353	421	1
377	421	1
398	421	1
421	421	1
444	421	1
466	421	1
491	421	0
514	421	0
538	421	0
561	421	0
585	421	0
607	422	0
634	423	0
657	421	0
681	421	1
705	421	1
728	416	1
753	411	1
777	408	1
801	415	0
821	415	0
846	414	0
866	415	0
888	421	0
911	421	0
935	421	0
959	421	0
982	421	0
1007	421	0
1029	421	0
3	435	0
25	435	0
49	435	0
73	435	1
97	435	1
120	435	1
143	435	0
167	435	0
190	435	1
214	435	1
237	435	1
261	435	1
285	435	1
306	435	1
329	435	1
353	435	1
377	435	1
398	435	1
421	435	1
444	435	1
466	435	1
491	435	0
514	435	0
538	435	0
561	435	0
585	435	0
609	435	0
633	435	0
657	435	0
681	435	1
705	435	1
729	435	1
754	435	1
775	435	1
797	435	1
819	435	1
841	435	1
865	435	1
888	435	1
911	435	1
935	435	0
959	435	0
982	435	0
1007	435	0
1029	435	0
3	454	0
25	454	0
49	454	0
73	454	1
97	454	1
120	454	1
143	454	1
167	454	0
190	454	0
214	454	0
237	454	0
261	454	1
285	454	1
306	454	1
329	454	1
353	454	1
377	454	1
398	454	1
421	454	1
444	454	1
466	454	1
491	454	1
514	454	1
538	454	1
561	454	1
585	454	0
609	454	0
633	454	0
657	454	0
681	454	0
705	454	0
728	454	0
749	455	0
775	454	0
797	454	1
819	454	1
841	454	1
865	454	1
888	454	1
911	454	1
935	454	1
959	454	1
982	454	0
1007	454	0
1029	454	0
3	476	0
25	476	1
49	476	1
73	476	1
97	476	1
120	476	1
143	476	1
167	476	1
190	476	1
214	476	1
237	476	1
261	476	0
285	476	0
306	476	0
329	476	0
353	478	0
376	478	0
398	476	0
421	476	1
444	476	1
466	476	1
491	476	1
514	476	1
538	476	1
561	476	1
585	476	1
609	476	0
633	476	0
657	476	0
681	476	0
705	476	0
728	476	0
754	476	0
775	476	0
797	476	0
821	477	0
841	476	0
865	476	1
888	476	1
911	476	1
935	476	1
959	476	1
982	476	1
1007	476	1
1029	476	1
3	492	1
25	492	1
49	492	1
73	492	1
97	492	1
120	492	1
143	492	1
167	492	1
190	492	1
214	492	1
237	492	1
261	492	1
285	492	1
306	492	1
329	492	0
353	492	0
377	492	0
398	492	0
421	492	1
444	492	1
466	492	1
491	492	1
514	492	1
538	492	1
561	492	1
585	492	1
609	492	1
633	492	0
657	492	0
680	491	0
705	492	0
728	492	0
754	492	0
775	492	0
797	492	0
819	492	0
841	492	0
866	493	0
885	491	0
911	492	0
935	492	1
959	492	1
982	492	1
1007	492	1
1029	492	1
3	513	1
25	513	1
49	513	0
73	513	0
97	513	1
120	513	1
143	513	1
167	513	1
190	513	1
214	513	1
237	513	1
261	513	1
285	513	1
306	513	1
329	513	1
353	513	1
377	513	1
398	513	0
421	513	0
444	513	0
466	513	1
491	513	1
514	513	1
538	513	1
561	513	1
585	513	1
609	513	1
633	513	1
657	513	1
681	513	1
705	513	1
728	513	1
754	513	0
775	513	0
797	513	0
819	513	0
841	513	0
865	513	0
888	513	0
911	513	0
935	513	0
959	513	0
982	513	0
1007	513	1
1029	513	1
3	531	0
25	531	0
49	531	0
73	531	0
97	531	0
120	531	1
143	531	1
167	531	1
190	531	1
214	531	1
237	531	1
261	531	1
285	531	1
306	531	1
329	531	1
353	531	1
377	531	1
398	531	1
421	531	1
444	531	1
466	531	1
491	531	0
514	531	0
538	531	0
561	531	0
585	531	1
609	531	1
633	531	1
657	531	1
681	531	1
705	531	1
728	531	1
754	531	1
775	531	1
797	531	1
819	531	1
841	531	0
865	531	0
888	531	0
911	531	0
935	531	0
959	531	0
982	531	0
1007	531	0
1029	531	0
3	547	0
25	547	0
49	547	0
73	547	0
97	547	0
120	547	1
143	547	1
167	547	1
190	547	0
214	547	0
237	547	1
261	547	1
285	547	1
306	547	1
329	547	1
353	547	1
377	547	1
398	547	1
421	547	1
444	547	1
466	547	1
491	547	1
514	547	0
538	547	0
561	547	0
585	547	0
609	547	0
633	547	0
657	547	0
681	547	0
705	547	0
728	547	1
754	547	1
775	547	1
797	547	1
819	547	1
841	547	1
865	547	1
888	547	0
911	547	0
935	547	0
959	547	0
982	547	0
1007	547	0
1029	547	0
3	570	0
25	570	0
49	570	0
73	570	0
97	570	0
120	570	1
143	570	1
167	570	1
190	570	1
214	570	1
237	570	0
261	570	0
285	570	0
306	570	0
329	570	1
353	570	1
377	570	1
398	570	1
421	570	1
444	570	1
466	570	1
491	570	1
514	570	1
538	570	1
561	570	0
585	570	0
609	570	0
633	570	0
657	570	0
681	570	0
705	570	0
728	570	0
754	570	0
775	570	1
797	570	1
819	570	1
841	570	1
865	570	1
888	570	1
911	570	1
935	570	1
959	570	1
982	570	0
1007	570	0
1029	570	0
3	587	0
25	587	0
49	587	0
73	587	0
97	587	0
120	587	1
143	587	1
167	587	1
190	587	1
214	587	1
237	587	1
261	587	0
285	587	0
306	587	0
329	587	0
353	587	0
377	587	0
398	587	0
421	587	1
444	587	1
466	587	1
491	587	1
514	587	1
538	587	1
561	587	0
585	587	0
609	587	0
633	587	0
657	587	0
681	587	0
705	587	0
728	587	0
754	587	0
775	589	0
793	590	0
819	587	0
841	587	1
865	587	1
888	587	1
911	587	1
935	587	1
959	587	1
982	587	1
1007	587	1
1029	587	0
3	609	1
25	609	1
49	609	0
73	609	0
97	609	0
120	609	0
143	609	0
167	609	1
190	609	1
214	609	1
237	609	1
261	609	1
285	609	1
306	609	1
329	609	0
353	609	0
377	609	0
398	609	0
421	609	0
444	609	0
466	609	0
491	609	1
514	609	1
538	609	1
561	609	1
585	609	1
609	609	1
633	609	1
657	609	1
681	609	1
705	609	0
728	609	0
754	609	0
775	609	0
797	609	0
819	609	0
841	609	0
865	609	0
888	609	0
911	609	0
935	609	1
959	609	1
982	609	1
1007	609	1
1029	609	1
3	628	1
25	628	1
49	628	1
73	628	0
97	624	0
120	628	0
143	628	0
167	628	0
190	628	1
214	628	1
237	628	1
261	628	1
285	628	1
306	628	1
329	628	1
353	628	1
377	628	0
398	628	0
421	628	0
444	628	0
466	628	0
491	628	0
514	628	1
538	628	1
561	628	1
585	628	1
609	628	1
633	628	1
657	628	1
681	628	1
705	628	1
728	628	1
754	628	1
775	628	0
797	628	0
819	628	0
841	628	0
865	628	0
888	628	0
911	628	0
935	628	0
959	628	0
982	628	1
1007	628	1
1029	628	1
3	649	0
25	649	1
49	649	1
73	649	1
100	644	1
120	649	0
143	649	0
167	649	0
190	649	1
214	649	1
237	649	1
261	649	1
285	649	1
306	649	1
329	649	1
353	649	1
377	649	1
398	649	1
421	649	1
444	649	0
466	649	0
491	649	0
514	649	0
538	649	0
561	649	0
585	649	0
609	649	1
633	649	1
657	649	1
681	649	1
705	649	1
728	649	1
754	649	1
775	649	1
797	649	1
819	649	0
841	649	0
865	649	0
888	649	0
911	649	0
935	649	0
959	649	0
982	649	0
1007	649	0
1029	649	1
3	665	0
25	665	1
49	665	1
73	665	1
97	665	0
120	665	0
143	665	0
167	665	0
190	665	0
214	665	1
237	665	1
261	665	1
285	665	1
306	665	1
329	665	1
353	665	1
377	665	1
398	665	1
421	665	1
444	665	1
466	665	1
491	665	0
514	665	0
538	665	0
561	665	0
585	665	0
609	665	1
633	665	1
657	665	1
681	665	1
705	665	1
728	665	1
754	665	1
775	665	1
797	665	1
819	665	1
841	665	1
865	665	1
888	665	0
911	665	0
935	665	0
959	665	0
982	665	0
1007	665	0
1029	665	0
3	679	0
25	679	0
49	679	0
73	679	0
97	679	0
124	682	1
143	679	0
167	679	0
190	679	0
214	679	1
237	679	1
261	679	1
285	679	1
306	679	1
329	679	1
353	679	1
377	679	1
398	679	1
421	679	1
444	679	1
466	679	1
491	679	0
514	679	0
538	679	0
561	679	0
585	679	0
609	679	0
633	679	0
657	679	0
681	679	0
705	679	1
728	679	1
754	679	1
775	679	1
797	679	1
819	679	1
841	679	1
865	679	1
888	679	1
911	679	1
935	679	0
959	679	0
982	679	0
1007	679	0
1029	679	0
