6	12	0
30	12	0
55	12	0
79	12	0
102	12	0
125	12	0
150	12	0
173	12	0
196	12	0
218	12	0
241	12	0
265	12	0
288	12	0
312	12	0
337	12	0
362	12	0
387	12	0
407	12	0
432	12	0
455	12	1
478	12	1
501	12	1
524	12	1
547	12	1
571	12	1
593	12	1
618	12	1
642	12	1
664	12	1
686	12	1
710	12	1
735	12	1
758	12	0
781	12	0
803	12	0
827	11	0
853	12	0
878	12	0
901	12	0
921	12	0
943	12	0
966	12	0
989	12	0
1006	12	0
1027	12	0
6	31	0
30	31	0
55	31	0
79	31	0
102	31	0
125	31	0
150	31	0
173	31	0
196	31	0
218	31	0
241	31	0
265	31	0
288	31	0
312	31	0
337	31	0
362	31	0
387	31	0
407	31	0
432	31	0
455	31	0
478	31	0
501	31	0
524	31	0
547	31	0
571	31	1
593	31	1
618	31	1
642	31	1
664	31	1
686	31	1
710	31	1
735	31	1
758	31	1
781	31	1
804	31	1
828	31	1
853	31	1
878	34	1
901	31	1
921	31	1
943	31	1
966	31	1
989	31	0
1006	31	0
1027	31	0
6	54	1
30	54	1
55	54	1
79	54	1
102	54	1
125	54	1
150	54	1
173	54	1
196	54	1
218	54	1
241	54	1
265	54	0
288	54	0
312	54	0
337	54	0
362	54	0
387	54	0
407	54	0
432	54	0
455	54	0
478	54	0
501	54	0
524	54	0
547	54	0
571	54	0
593	54	0
618	54	0
642	54	0
664	54	1
686	54	1
710	54	1
735	54	1
758	54	1
781	54	1
804	54	1
828	54	1
853	54	1
878	54	1
901	54	1
921	54	1
943	54	1
966	54	1
989	54	1
1006	54	1
1027	54	1
6	76	1
30	76	1
50	74	1
83	75	1
102	76	1
125	76	1
150	76	1
173	76	1
196	76	1
218	76	1
241	76	1
265	76	1
288	76	1
312	76	1
337	76	1
362	76	0
387	76	0
407	76	0
432	76	0
455	76	0
478	76	0
501	76	0
524	76	0
547	76	0
571	76	0
593	76	0
618	76	0
642	76	0
664	76	0
686	76	0
710	76	0
735	76	0
758	76	0
781	76	0
807	78	0
828	76	0
853	76	0
878	76	0
901	76	1
921	76	1
943	76	1
966	76	1
989	76	1
1006	76	1
1027	76	1
6	103	0
30	103	0
55	103	0
79	103	0
102	103	0
125	103	0
150	103	0
173	103	0
196	103	1
218	103	1
241	103	1
265	103	1
288	103	1
312	103	1
337	103	1
362	103	1
387	103	1
407	103	1
432	103	1
455	103	1
478	103	0
501	103	0
524	103	0
547	103	0
571	103	0
593	103	0
618	103	0
642	103	0
664	103	0
686	103	0
710	103	0
735	103	0
758	103	0
781	103	0
804	103	0
828	103	0
853	103	0
878	103	0
901	103	0
921	103	0
943	103	0
966	103	0
989	103	1
1006	103	1
1027	103	1
6	133	0
30	133	0
55	133	0
79	133	0
102	133	0
125	133	0
150	133	0
173	133	0
196	133	0
218	133	0
241	133	0
265	133	0
288	133	1
312	133	1
337	133	1
362	133	1
388	131	1
407	133	1
432	133	1
455	133	1
478	133	1
501	133	1
524	133	1
547	133	1
571	133	1
593	133	0
619	135	0
642	133	0
660	131	0
684	131	0
710	133	0
735	133	0
758	133	0
781	133	0
804	133	0
828	133	0
853	133	0
878	133	0
901	133	0
921	133	0
943	133	0
966	133	0
989	133	0
1006	133	0
1027	133	0
6	159	0
30	159	0
55	159	0
79	159	0
102	159	0
125	159	0
150	159	0
173	159	0
196	159	0
218	159	0
241	159	0
265	159	0
288	159	0
312	159	0
337	159	0
362	159	0
387	159	0
407	159	0
432	159	0
455	159	0
478	159	0
501	159	0
524	159	1
547	159	1
571	159	1
593	159	1
618	159	1
642	159	1
664	159	1
686	159	1
710	159	1
735	159	1
758	159	1
781	159	1
804	159	1
828	159	0
853	159	0
878	159	0
901	159	0
921	159	0
943	159	0
966	159	0
989	159	0
1006	159	0
1027	159	0
6	181	1
30	181	1
55	181	1
79	181	1
102	181	0
125	181	0
150	181	0
173	181	0
196	181	0
218	181	0
241	181	0
265	181	0
288	181	0
312	181	0
337	181	0
362	181	0
387	181	0
407	181	0
432	181	0
455	181	0
478	181	0
501	181	0
524	181	0
546	184	0
570	183	0
595	184	0
618	181	1
642	181	1
664	181	1
686	181	1
710	181	1
735	181	1
758	181	1
781	181	1
804	181	1
828	181	1
853	181	1
878	181	1
901	181	1
921	181	1
943	181	1
966	181	0
989	181	0
1006	181	0
1027	181	0
6	198	1
30	198	1
55	198	1
79	198	1
102	198	1
125	198	1
150	198	1
173	198	1
196	198	1
218	198	0
241	198	0
265	198	0
288	198	0
312	198	0
337	198	0
362	198	0
387	198	0
407	198	0
432	198	0
455	198	0
478	198	0
501	198	0
524	198	0
547	198	0
571	198	0
593	198	0
618	198	0
642	198	1
664	198	1
686	198	1
710	198	1
735	198	1
758	198	1
781	198	1
804	198	1
828	198	1
853	198	1
878	198	1
901	198	1
921	198	1
943	198	1
966	198	1
989	198	1
1006	198	1
1027	198	1
6	219	0
35	225	1
53	226	1
80	226	1
102	222	1
125	219	1
150	219	1
173	219	1
196	219	1
218	219	1
241	219	1
265	219	1
288	219	1
312	219	1
337	219	0
362	219	0
387	219	0
407	219	0
432	219	0
455	219	0
478	219	0
501	219	0
524	219	0
547	219	0
571	219	0
593	219	0
618	219	0
642	219	0
664	219	0
686	219	0
710	219	0
735	219	0
758	221	0
781	223	0
805	221	0
828	219	0
853	219	0
878	219	1
901	219	1
921	219	1
943	219	1
966	219	1
989	219	1
1006	219	1
1027	219	1
6	248	0
30	248	0
55	248	0
79	248	0
102	248	0
125	248	0
150	248	1
173	248	1
196	248	1
218	248	1
241	248	1
265	248	1
288	248	1
312	248	1
337	248	1
362	248	1
387	248	1
407	248	1
428	249	1
455	248	1
478	248	1
501	248	1
524	248	1
547	248	0
571	248	0
593	248	0
618	248	0
642	248	0
664	248	0
686	248	0
710	248	0
735	248	0
758	248	0
781	248	0
804	248	0
828	248	0
853	248	0
878	248	0
901	248	0
921	248	0
943	248	0
966	248	1
989	248	1
1006	248	1
1027	248	1
6	267	0
30	267	0
55	267	0
79	267	0
102	267	0
125	267	0
150	267	0
173	267	0
196	267	0
218	267	0
241	267	0
265	267	1
288	267	1
312	267	1
337	267	1
362	267	1
387	267	1
407	267	1
432	267	1
455	267	1
478	267	1
501	267	1
524	267	1
547	267	1
573	267	0
595	266	0
617	266	0
642	267	0
664	267	0
686	267	0
710	267	0
735	267	0
758	267	0
781	267	0
804	267	0
828	267	0
853	267	0
878	267	0
901	267	0
921	267	0
943	267	0
966	267	0
989	267	0
1006	267	0
1027	267	0
6	288	0
30	288	0
55	288	0
79	288	0
102	288	0
125	288	0
150	288	0
173	288	0
196	288	0
218	288	0
241	288	0
265	288	0
288	288	0
312	288	0
337	288	0
362	288	1
387	288	1
407	288	1
432	288	1
455	288	1
477	287	1
501	288	1
524	288	1
547	288	1
571	288	1
593	288	1
618	288	1
642	288	1
664	288	1
686	288	1
710	288	1
735	288	1
758	288	1
781	288	1
804	288	0
828	288	0
853	288	0
878	288	0
901	288	0
921	288	0
943	288	0
966	288	0
989	288	0
1006	288	0
1027	288	0
6	314	1
30	314	1
55	314	0
79	314	0
102	314	0
125	314	0
150	314	0
173	314	0
196	314	0
218	314	0
241	314	0
265	314	0
288	314	0
312	314	0
337	314	0
362	314	0
387	314	0
407	314	0
432	314	0
455	314	0
478	314	0
501	314	0
524	314	0
547	314	0
571	314	0
593	314	1
618	314	1
642	314	1
664	314	1
686	314	1
710	314	1
735	314	1
758	314	1
781	314	1
804	314	1
828	314	1
853	314	1
878	314	1
901	314	0
921	314	0
943	314	0
966	314	0
989	314	0
1006	314	0
1027	314	0
6	335	1
30	335	1
55	335	0
79	335	0
101	334	0
125	331	0
156	329	0
173	335	0
196	335	0
218	335	0
241	335	0
265	335	0
288	335	0
312	335	0
337	335	0
362	335	0
387	335	0
407	335	0
432	335	0
455	335	0
478	335	0
501	335	0
524	335	0
547	335	0
571	335	0
593	337	0
617	339	0
642	335	0
664	335	0
689	335	0
710	335	1
735	335	1
758	335	1
781	335	1
804	335	1
828	335	1
853	335	1
878	335	1
901	335	1
921	335	1
943	335	1
966	335	1
989	335	1
1006	335	1
1027	335	0
6	363	1
30	363	1
55	363	1
79	363	1
102	363	1
125	363	1
150	363	1
173	363	1
196	363	1
218	363	1
241	363	1
265	363	1
288	363	1
312	363	1
337	363	1
362	363	1
387	363	0
407	363	0
432	363	0
455	363	0
478	363	0
501	363	0
524	363	0
547	363	0
571	363	0
593	363	0
618	363	0
642	363	0
664	363	0
686	363	0
710	363	0
735	363	0
758	363	0
781	363	1
804	363	1
828	363	1
853	363	1
878	363	1
901	363	1
921	363	1
943	363	1
966	363	1
989	363	1
1006	363	1
1027	363	1
6	387	1
30	387	1
55	387	1
80	383	1
102	387	1
125	387	1
150	387	1
173	387	1
196	387	1
218	387	1
241	387	1
265	387	1
288	387	1
312	387	1
337	387	1
362	387	1
387	387	1
407	387	1
432	387	1
455	387	1
478	387	1
501	387	0
524	387	0
547	387	0
571	387	0
593	387	0
618	387	0
642	387	0
664	387	0
686	387	0
710	387	0
735	387	0
758	387	0
781	387	0
804	387	0
828	387	0
853	387	0
878	387	0
901	387	1
921	387	1
943	387	1
966	387	1
989	387	1
1006	387	1
1027	387	1
6	415	0
30	415	0
55	415	0
79	415	0
102	415	0
125	415	0
150	415	0
173	415	0
196	415	0
218	415	1
241	415	1
265	415	1
288	415	1
312	415	1
337	415	1
362	415	1
387	415	1
407	415	1
432	415	1
455	415	1
478	415	1
501	415	1
524	415	1
547	415	1
571	415	1
593	415	1
618	415	0
642	415	0
664	415	0
686	415	0
710	415	0
735	415	0
758	415	0
781	415	0
804	415	0
828	415	0
853	415	0
878	415	0
901	415	0
921	415	0
943	415	0
966	415	0
989	415	0
1006	415	0
1027	415	1
6	437	0
30	437	0
55	437	0
79	437	0
102	437	0
125	437	0
150	437	0
173	437	0
196	437	0
218	437	0
241	437	0
265	437	0
288	437	0
312	437	1
337	437	1
362	437	1
388	435	1
410	435	1
432	437	1
455	437	1
478	437	1
501	437	1
524	437	1
547	437	1
571	437	1
593	437	1
618	437	1
642	437	1
664	437	1
686	437	1
710	437	1
735	437	0
758	437	0
781	437	0
804	437	0
826	436	0
853	437	0
878	437	0
901	437	0
921	437	0
943	437	0
966	437	0
989	437	0
1006	437	0
1027	437	0
6	458	0
30	458	0
55	458	0
79	458	0
102	458	0
125	458	0
150	458	0
173	458	0
196	458	0
218	458	0
241	458	0
265	458	0
288	458	0
312	458	0
337	458	0
362	458	0
387	458	0
407	458	0
432	458	0
455	458	0
478	458	0
501	458	0
524	458	0
547	458	1
571	458	1
593	458	1
618	458	1
642	458	1
664	458	1
686	458	1
710	458	1
735	458	1
758	458	1
781	458	1
804	458	1
828	458	1
853	458	1
878	458	0
901	458	0
921	458	0
943	458	0
966	458	0
989	458	0
1006	458	0
1027	458	0
6	486	1
30	486	1
55	486	1
79	486	1
102	486	1
125	486	1
150	486	1
173	486	0
196	486	0
218	486	0
241	486	0
265	486	0
288	486	0
312	486	0
337	486	0
362	486	0
387	486	0
407	486	0
432	486	0
455	486	0
478	486	0
501	486	0
524	486	0
547	486	0
571	486	0
593	486	0
618	486	0
642	486	1
664	486	1
686	486	1
710	486	1
732	485	1
765	486	1
781	486	1
804	486	1
828	486	1
853	486	1
878	486	1
901	486	1
921	486	1
943	486	1
966	486	1
989	486	0
1006	486	0
1024	483	0
6	509	1
30	509	1
55	509	1
79	509	1
102	509	1
125	509	1
150	509	1
173	509	1
196	509	1
218	509	1
237	511	1
265	509	1
288	509	1
312	509	1
337	509	1
362	509	1
387	509	0
407	509	0
432	509	0
455	509	0
478	509	0
501	509	0
524	509	0
547	509	0
571	509	0
593	509	0
618	509	0
642	509	0
664	509	0
686	509	0
710	509	0
735	509	0
758	509	0
781	509	0
804	509	0
828	509	1
853	509	1
878	509	1
901	509	1
921	509	1
943	509	1
966	509	1
989	509	1
1006	509	1
1027	509	1
6	524	0
30	524	0
55	524	0
79	524	1
102	524	1
125	524	1
150	524	1
173	524	1
196	524	1
218	524	1
241	524	1
265	524	1
288	524	1
312	524	1
337	524	1
362	524	1
387	524	1
407	524	1
432	524	1
455	524	0
478	524	0
501	524	0
524	524	0
547	524	0
571	524	0
593	524	0
618	524	0
642	524	0
664	524	0
686	524	0
710	524	0
735	524	0
758	524	0
781	524	0
804	524	0
828	524	0
853	524	1
878	524	1
901	524	1
921	524	1
943	524	1
966	524	1
989	524	1
1006	524	1
1027	524	1
6	548	0
30	548	0
55	548	0
79	548	0
102	548	0
125	548	0
150	548	0
173	548	1
196	548	1
218	548	1
241	548	1
265	548	1
288	548	1
312	548	1
337	548	1
362	548	1
387	548	1
407	548	1
432	548	1
455	548	1
478	551	1
501	548	1
524	548	1
547	548	1
571	548	0
593	548	0
618	548	0
642	548	0
664	548	0
686	548	0
710	548	0
735	548	0
758	548	0
781	548	0
804	548	0
828	548	0
854	548	0
878	548	0
901	548	0
921	548	0
943	548	0
966	548	1
989	548	1
1006	548	1
1027	548	1
6	577	0
30	577	0
55	577	0
79	577	0
102	577	0
125	577	0
150	577	0
173	577	0
196	577	0
218	577	0
241	577	0
265	577	0
288	577	0
312	577	0
337	577	0
362	577	1
387	577	1
407	577	1
432	577	1
455	577	1
478	577	1
501	577	1
524	577	1
547	577	1
571	577	1
593	577	1
618	577	1
642	577	1
664	577	1
686	577	1
710	577	1
735	577	1
758	577	1
781	577	1
804	577	1
828	577	0
853	577	0
878	577	0
901	577	0
921	577	0
943	577	0
966	577	0
989	577	0
1006	577	0
1027	577	0
6	598	0
30	598	0
55	598	0
79	598	0
102	598	0
125	598	0
150	598	0
173	598	0
196	598	0
218	598	0
241	598	0
265	598	0
288	598	0
312	598	0
337	598	0
362	598	0
387	598	0
407	598	0
432	598	0
455	598	0
478	598	0
501	598	1
524	598	1
547	598	1
571	598	1
593	598	1
618	598	1
642	598	1
664	598	1
686	598	1
710	598	1
735	598	1
758	598	1
781	598	1
804	598	1
828	598	1
853	598	1
878	598	1
901	598	1
921	598	0
943	598	0
966	598	0
989	598	0
1006	598	0
1027	598	0
6	621	1
30	621	1
55	621	1
79	621	0
102	621	0
125	621	0
150	621	0
173	621	0
196	621	0
218	621	0
241	621	0
265	621	0
288	621	0
312	621	0
337	621	0
362	621	0
387	621	0
407	621	0
432	621	0
455	621	0
478	621	0
501	621	0
524	621	0
547	621	0
571	621	0
593	621	0
618	621	1
642	621	1
664	621	1
686	621	1
710	621	1
735	621	1
758	621	1
781	621	1
804	621	1
828	621	1
853	621	1
878	621	1
901	621	1
921	621	1
943	621	1
966	621	1
989	621	1
1006	621	1
1027	621	1
6	649	0
30	649	1
55	649	1
79	649	1
102	649	1
125	649	1
150	649	1
173	649	1
196	649	0
218	649	0
241	649	0
264	645	0
285	646	0
312	649	0
337	649	0
362	649	0
388	648	0
407	649	0
432	649	0
455	649	0
478	649	0
501	649	0
524	649	0
547	649	0
571	649	0
593	649	0
618	649	0
642	649	0
664	649	0
686	649	0
710	649	0
735	649	0
758	649	0
781	649	0
804	649	0
828	649	1
853	649	1
878	649	1
901	649	1
921	649	1
943	649	1
966	649	1
989	649	1
1006	649	1
1027	649	1
6	675	0
30	675	0
55	675	0
79	675	0
102	675	0
125	675	1
150	675	1
173	675	1
196	675	1
218	675	1
241	675	1
265	675	1
288	675	1
312	675	1
337	675	1
362	675	1
387	675	1
407	675	1
431	679	1
455	675	1
478	675	1
501	675	1
524	675	0
547	675	0
571	675	0
593	675	0
618	675	0
642	675	0
664	675	0
686	675	0
710	675	0
735	675	0
758	675	0
781	675	0
804	675	0
828	675	0
853	675	0
878	675	0
901	675	0
921	675	0
943	675	1
966	675	1
989	675	1
1008	676	1
1027	675	1
