6	12	1
29	12	1
54	12	0
77	12	0
102	12	0
128	12	0
153	12	0
177	12	0
203	12	1
227	12	1
253	12	1
280	12	1
303	12	1
329	12	1
355	12	1
378	12	1
402	12	1
424	12	1
445	12	1
473	12	0
499	12	0
519	11	1
543	12	0
563	12	0
587	12	0
608	12	0
633	12	0
662	12	0
684	12	0
707	12	0
734	12	0
758	12	0
780	12	0
806	12	0
829	12	1
850	12	1
871	12	1
895	12	1
919	12	1
942	28	1
963	24	1
988	21	1
1011	21	1
1035	17	1
6	47	1
29	47	1
54	47	1
77	47	1
107	52	1
130	56	1
161	56	1
179	63	1
208	65	1
227	47	0
253	47	0
280	47	0
303	47	0
329	47	0
355	47	0
378	47	0
402	47	0
424	47	0
445	47	1
473	47	1
499	47	1
521	47	1
542	65	1
568	63	1
587	47	0
608	47	0
633	47	0
662	47	0
684	47	0
707	47	0
734	47	0
758	47	0
780	47	0
806	47	0
829	47	0
850	47	0
871	47	0
895	47	0
919	47	0
942	47	0
965	47	0
987	47	0
1010	47	0
1032	47	0
6	85	0
29	85	0
54	85	0
77	85	0
102	85	1
128	85	1
153	85	1
177	85	1
204	89	1
227	85	1
254	91	1
286	96	1
310	91	1
330	95	1
352	93	1
376	91	1
402	94	1
424	85	0
445	85	0
473	85	0
499	85	0
525	99	1
542	94	1
564	94	1
587	85	1
608	85	1
633	85	1
662	85	1
684	85	1
707	85	1
734	85	0
758	85	0
780	85	0
806	85	0
829	85	0
850	85	0
871	85	0
895	85	0
919	85	0
942	85	0
965	85	0
987	85	0
1010	85	0
1032	85	0
8	111	1
30	118	1
51	122	1
76	122	1
103	122	1
128	122	1
153	129	0
177	129	0
203	129	0
227	129	0
253	129	0
280	129	0
307	127	1
329	129	1
355	129	1
378	129	1
402	129	1
424	129	1
445	129	1
473	129	1
499	129	1
521	129	1
543	129	0
563	129	0
587	129	0
608	129	0
633	129	0
662	129	0
684	129	1
708	123	1
737	115	1
762	114	1
784	113	1
807	111	1
830	113	1
851	107	0
874	107	0
896	106	0
923	106	0
944	109	0
967	111	0
987	106	0
1006	107	0
1030	108	0
6	154	1
29	154	1
54	154	1
77	154	1
102	154	1
128	154	1
153	154	1
177	154	1
203	154	1
227	154	1
253	154	1
280	154	1
303	154	1
329	154	1
355	154	0
378	154	0
402	154	0
424	154	0
445	154	0
473	154	0
499	154	0
521	154	0
543	154	0
563	154	0
587	154	0
608	154	0
633	154	0
662	154	0
684	154	0
707	154	0
734	154	0
758	154	0
779	143	1
803	144	1
828	139	1
854	136	1
871	139	1
897	138	1
924	142	1
943	136	1
965	136	0
985	135	0
1006	130	0
1027	129	0
6	179	1
35	182	0
54	179	0
77	179	0
102	179	0
128	179	0
153	179	0
179	179	1
203	179	1
227	179	1
253	179	1
280	179	1
303	179	1
329	179	1
355	179	1
378	179	1
402	179	1
424	179	1
445	179	1
473	179	0
499	179	0
521	179	0
543	179	0
563	179	0
587	179	0
608	179	0
633	179	0
662	179	0
684	179	0
707	179	0
734	179	0
758	179	0
780	179	0
806	179	0
829	179	0
850	179	0
870	170	1
894	166	1
918	167	1
939	166	1
963	167	1
985	164	1
1011	160	1
1031	160	1
6	217	1
29	217	1
54	217	1
77	217	1
102	217	1
128	217	1
153	217	1
177	217	1
203	217	1
227	217	0
253	217	0
280	217	0
303	217	0
329	217	0
355	217	0
378	217	0
402	217	0
424	217	1
445	217	1
475	209	1
501	207	1
518	209	1
542	203	1
563	230	1
586	225	1
607	225	1
636	223	1
667	218	0
684	217	0
707	217	0
734	217	0
758	217	0
780	217	0
806	217	0
829	217	0
850	217	0
871	217	0
895	217	0
919	217	0
943	208	0
964	208	0
982	201	0
1004	191	1
1028	191	1
6	253	0
29	253	0
54	253	0
77	253	1
102	253	1
128	253	1
153	253	1
177	253	1
203	253	1
227	253	1
253	253	1
280	253	1
303	253	1
329	253	1
355	253	1
378	253	1
402	253	1
424	253	1
445	253	0
473	253	0
499	253	0
521	253	0
543	253	0
563	253	0
587	253	0
608	253	0
633	253	0
656	262	1
684	256	1
707	253	1
734	253	1
758	253	1
780	253	1
799	255	1
829	253	0
850	253	0
871	253	0
895	253	0
919	253	0
942	253	0
965	253	0
987	253	0
1010	253	0
1032	253	0
5	282	1
31	282	1
52	285	1
74	285	1
99	287	1
128	291	1
153	291	0
177	291	0
203	291	0
227	291	0
253	291	0
280	291	0
303	291	1
329	291	1
355	291	1
378	291	1
402	291	1
424	291	1
445	291	1
473	291	1
499	291	1
521	291	1
543	291	1
563	291	0
587	291	0
608	291	0
633	291	0
662	291	0
684	291	0
707	291	0
734	291	1
758	291	1
780	291	1
806	291	1
829	291	1
849	287	1
870	281	1
892	281	1
915	274	0
948	273	0
967	272	0
988	273	0
1012	273	0
1031	272	0
6	317	1
29	317	1
54	317	1
77	317	1
102	317	1
128	317	1
153	317	1
177	317	1
203	317	1
227	317	1
253	317	1
280	317	1
303	317	1
329	317	0
355	317	0
378	317	0
402	317	0
424	317	0
447	321	0
476	319	0
500	323	0
521	317	0
543	317	0
563	317	0
587	317	0
608	317	0
633	317	0
662	317	0
684	317	0
707	317	0
734	317	0
758	317	0
780	317	0
806	317	0
829	317	0
850	317	1
871	317	1
889	309	1
915	306	1
937	303	1
961	304	1
989	304	1
1009	301	1
1033	299	0
6	351	1
29	351	0
54	351	0
77	351	0
102	351	0
128	351	0
153	351	0
177	351	1
203	351	1
227	351	1
253	351	1
280	351	1
303	351	1
329	351	1
355	351	1
378	351	1
402	351	1
424	351	1
445	351	1
477	346	0
499	351	0
521	351	0
543	351	0
563	351	0
587	351	0
608	351	0
633	351	0
662	351	0
684	351	0
707	351	0
734	351	0
758	351	0
780	351	0
806	351	0
829	351	0
850	351	0
871	351	0
895	351	0
919	351	0
942	351	0
963	338	1
985	334	1
1011	335	1
1032	334	1
6	376	1
29	376	1
54	376	1
77	376	1
102	376	1
128	376	1
153	376	1
179	383	1
207	387	1
227	376	0
255	381	0
281	384	0
308	387	0
335	387	0
355	388	0
383	388	0
407	388	0
424	376	1
445	376	1
473	376	1
499	376	1
521	376	1
543	376	1
563	376	1
587	376	1
611	372	1
633	376	0
662	376	0
684	376	0
707	376	0
734	376	0
758	376	0
780	376	0
806	376	0
830	373	0
852	371	0
873	374	0
895	376	0
919	376	0
942	376	0
965	376	0
987	376	0
1010	376	0
1032	376	0
6	417	0
29	417	0
54	417	0
77	417	1
102	417	1
128	417	1
153	417	1
177	417	1
203	417	1
227	417	1
253	417	1
280	417	1
303	417	1
329	417	1
355	417	1
378	417	1
402	417	0
424	417	0
445	417	0
473	417	0
499	417	0
521	417	0
545	409	0
564	404	0
587	405	0
607	404	1
631	402	1
657	399	1
683	399	1
705	399	1
729	396	1
754	399	1
782	398	0
807	395	0
833	397	0
852	395	0
875	398	0
898	398	0
920	400	0
943	395	0
966	392	0
992	392	0
1017	395	0
1034	397	0
6	448	1
29	448	1
54	448	1
77	448	1
102	448	1
128	448	0
153	448	0
177	448	0
203	448	0
227	448	0
253	448	0
280	448	1
303	448	1
329	448	1
355	448	1
378	448	1
402	448	1
424	448	1
445	448	1
473	448	1
499	448	1
521	448	1
543	448	0
563	448	0
587	448	0
608	448	0
633	438	0
656	435	0
682	431	0
707	424	1
729	423	1
755	423	1
778	423	1
802	421	1
823	422	1
846	420	1
871	421	1
892	418	0
915	415	0
939	419	0
962	415	0
979	415	0
1003	415	0
1027	411	0
6	482	1
29	482	1
54	482	1
77	482	1
102	482	1
128	482	1
153	482	1
177	482	1
203	482	1
227	482	1
253	482	1
280	482	1
303	482	0
329	482	0
355	482	0
378	482	0
402	482	0
422	479	0
445	482	0
473	482	0
499	482	0
521	482	0
543	482	0
563	482	0
587	482	0
608	482	0
636	475	0
667	472	0
687	469	0
708	468	0
735	469	0
755	465	0
778	463	0
802	459	0
826	451	1
847	447	1
868	442	1
894	439	1
913	441	1
938	438	1
963	442	1
985	438	1
1005	435	0
1028	431	0
6	502	0
29	502	0
54	502	0
77	502	0
102	502	0
128	502	0
153	502	0
177	502	1
203	502	1
227	502	1
253	502	1
280	502	1
303	502	1
329	502	1
355	502	1
378	502	1
402	502	1
424	502	1
451	498	0
478	495	0
502	494	0
521	495	0
542	495	0
565	495	0
588	493	0
611	495	0
634	496	0
662	491	0
686	492	0
708	491	0
736	492	0
763	493	0
779	491	0
803	491	0
829	492	0
852	491	0
871	488	0
898	487	0
919	482	0
943	467	1
966	467	1
991	458	1
1008	459	1
1026	457	1
6	529	1
29	529	1
54	529	1
77	529	1
102	529	1
128	529	1
153	529	1
177	529	1
203	535	0
227	529	0
253	529	0
280	529	0
303	529	0
329	529	0
355	529	0
378	529	0
402	529	1
424	529	1
445	522	1
475	519	1
496	519	1
516	519	1
539	519	1
557	520	1
584	520	1
605	521	1
631	517	1
656	519	1
684	520	1
702	519	1
733	518	0
759	513	0
786	513	0
807	514	0
827	515	0
848	515	0
871	514	0
894	515	0
921	512	0
946	514	0
970	512	0
992	513	0
1012	510	0
1031	507	0
6	555	0
29	555	0
54	555	1
77	555	1
102	555	1
128	555	1
153	555	1
177	555	1
203	555	1
227	555	1
253	555	1
280	555	1
303	555	1
329	555	1
355	555	1
378	555	1
402	555	1
424	555	0
445	555	0
473	555	0
499	555	0
521	555	0
543	555	0
563	555	0
587	555	0
608	555	0
633	555	0
662	555	0
684	555	1
705	551	1
731	548	1
758	543	1
779	539	1
804	535	1
826	531	1
847	534	0
870	535	0
895	538	0
917	534	0
937	534	0
961	534	0
991	532	0
1027	535	0
1032	555	0
6	589	1
29	589	1
54	589	1
77	589	1
102	589	0
128	589	0
153	589	0
177	589	0
203	589	0
227	589	0
253	589	1
280	589	1
303	589	1
329	589	1
355	589	1
378	589	1
402	589	1
424	589	1
445	589	1
473	589	1
499	589	1
521	589	0
543	589	0
563	589	0
587	589	0
608	589	0
633	589	0
662	589	0
684	589	0
707	589	0
732	580	0
758	579	0
786	575	1
809	575	1
829	574	1
850	572	1
870	568	1
899	569	1
919	569	1
943	567	1
965	566	0
987	565	0
1009	566	0
1031	567	0
6	630	1
29	630	1
54	630	1
77	630	1
102	630	1
128	630	1
153	630	1
177	630	1
203	630	1
227	630	1
253	630	1
280	630	1
303	630	0
329	630	0
355	630	0
378	630	0
402	630	0
424	630	0
445	630	0
473	630	0
499	630	0
521	630	1
544	617	1
571	612	1
598	614	0
619	611	0
645	615	0
663	619	0
685	618	0
711	621	0
732	616	0
758	615	0
784	615	0
807	613	0
830	613	0
851	613	0
875	607	0
898	606	1
919	603	1
939	602	1
963	600	1
987	600	1
1012	601	1
1031	597	1
6	661	0
29	661	0
54	661	0
77	661	0
102	661	0
128	661	0
153	661	1
177	661	1
203	661	1
227	661	1
253	661	1
280	661	1
303	661	1
329	661	1
355	661	1
378	661	1
402	661	1
424	661	1
445	661	0
473	661	0
499	661	0
521	661	0
543	661	0
563	661	0
581	659	1
606	649	1
637	639	1
665	647	0
684	647	0
710	647	0
734	648	0
756	647	0
787	647	0
811	646	0
832	646	0
856	644	0
877	646	0
898	644	0
925	647	0
949	645	0
972	647	0
993	644	0
1018	632	1
1033	626	1
