12	5	0
49	5	0
77	5	0
95	5	0
115	5	0
137	5	0
168	5	0
192	5	0
210	5	0
238	5	0
262	5	0
276	5	0
295	5	0
325	5	0
354	5	0
375	5	0
402	5	0
428	5	0
459	5	0
498	5	0
539	5	0
584	5	0
612	5	0
637	5	0
678	5	0
702	5	0
737	5	0
765	5	0
788	5	0
832	5	0
864	5	0
889	5	0
924	5	0
959	5	0
991	5	0
1028	5	0
12	22	0
49	22	0
77	22	0
95	22	0
115	22	0
137	22	0
168	22	0
192	22	0
210	22	0
238	22	0
262	22	0
276	22	0
295	22	0
325	22	0
354	22	0
375	22	0
402	22	1
428	22	1
459	22	0
498	22	0
539	22	0
584	22	0
612	22	0
637	22	0
678	22	0
702	22	0
737	22	0
765	22	0
788	22	0
832	22	0
860	15	1
889	22	0
924	22	0
959	22	0
991	22	0
1028	22	0
13	54	1
49	55	0
77	55	0
95	55	0
115	55	0
137	55	0
167	57	1
192	55	0
210	55	0
238	55	0
262	55	0
276	55	0
295	55	0
325	55	0
354	55	0
375	55	0
407	59	1
427	55	1
459	55	0
498	55	0
539	55	0
584	55	0
612	55	0
637	55	0
678	55	0
702	55	0
737	55	0
765	55	0
799	58	1
832	55	0
864	55	0
889	55	0
924	55	1
959	55	0
991	55	0
1028	55	0
12	102	0
52	103	1
77	102	0
95	102	0
115	102	0
143	101	1
168	102	0
192	102	0
215	105	1
238	102	0
262	102	0
276	102	0
295	102	0
325	102	0
354	102	0
375	102	0
408	100	1
427	104	1
459	102	0
498	102	0
539	102	0
584	102	0
612	102	0
637	102	0
677	103	1
702	102	0
737	102	0
765	102	0
788	102	0
828	104	1
864	102	0
889	102	0
924	102	0
959	102	1
991	102	0
1028	102	0
11	139	0
49	141	0
77	141	0
95	141	0
115	141	0
137	141	0
168	141	0
192	141	0
210	141	0
238	141	0
262	141	0
276	141	0
295	141	0
332	138	1
354	141	0
375	141	0
402	141	1
428	141	1
459	141	0
498	141	1
539	141	0
584	141	0
612	141	0
637	141	0
678	141	0
702	141	0
737	141	0
765	141	0
788	141	0
832	141	0
864	141	1
889	141	1
924	141	0
959	141	0
991	141	0
1028	141	0
11	164	1
49	168	0
77	168	0
95	168	0
115	168	1
137	168	0
168	168	0
192	168	1
210	168	0
238	168	0
262	168	0
276	168	0
295	168	0
325	168	0
354	168	0
375	168	0
402	168	0
428	168	0
459	168	0
498	168	0
539	168	0
584	168	0
612	168	0
637	168	0
678	168	0
702	168	0
737	168	0
765	168	0
788	168	0
832	168	0
864	168	0
889	168	0
924	168	0
959	168	0
991	168	0
1028	168	0
12	201	0
49	201	0
77	201	0
95	201	0
115	201	0
137	201	0
168	201	0
192	201	0
210	201	0
238	201	0
265	207	1
276	201	0
303	204	1
325	201	0
354	201	1
375	201	0
402	201	0
424	208	1
459	201	0
498	201	0
539	201	0
584	201	0
612	201	0
637	201	0
678	201	0
702	201	0
737	201	0
765	201	0
788	201	0
832	201	1
864	201	0
889	201	0
924	201	0
959	201	0
991	201	0
1028	201	0
12	237	0
49	237	0
76	237	1
95	237	0
115	237	0
137	237	1
168	237	0
192	237	0
218	225	1
238	237	0
262	237	0
276	237	0
295	237	0
325	237	0
354	237	0
375	237	0
402	237	0
428	237	0
459	237	0
498	237	0
539	237	0
584	237	0
612	237	0
637	237	0
681	231	1
702	237	0
737	237	0
765	237	0
788	237	0
832	237	1
864	237	0
889	237	0
924	237	1
959	237	0
991	237	1
1028	237	0
12	275	1
49	275	0
71	272	1
95	275	0
115	275	0
137	275	0
167	274	1
192	275	0
210	275	0
237	275	1
262	275	0
276	275	0
295	275	0
322	280	1
354	275	0
376	275	1
402	275	0
428	275	1
459	275	1
498	275	0
539	275	0
584	275	0
612	275	0
637	275	0
678	275	0
702	275	0
737	275	0
765	275	0
788	275	0
832	275	0
864	275	0
889	275	0
924	275	1
959	275	0
991	275	1
1028	275	0
12	306	0
49	306	0
77	306	0
95	306	0
115	306	0
137	306	0
168	306	0
192	306	0
210	306	0
238	306	0
262	306	0
276	306	0
295	306	0
325	306	0
354	306	0
375	306	0
402	306	0
428	306	0
459	306	1
498	306	0
539	306	0
586	305	1
612	306	0
637	306	0
678	306	0
702	306	0
737	306	0
765	306	0
788	306	0
832	306	0
864	306	1
889	306	0
924	306	1
959	306	0
991	306	0
1028	306	1
16	333	1
49	335	0
77	335	0
95	335	0
115	335	0
137	335	1
168	335	0
192	335	0
210	335	0
238	335	0
262	335	0
276	335	1
295	335	0
325	335	0
354	335	0
375	335	0
402	335	1
428	335	0
459	335	0
498	335	0
539	335	0
584	335	0
612	335	0
637	335	0
678	335	0
702	335	0
737	335	0
765	335	0
788	335	0
832	335	0
864	335	0
889	335	0
924	335	0
959	335	0
991	335	0
1028	335	1
12	371	0
46	375	1
77	371	0
93	374	1
115	371	0
137	371	0
168	371	1
192	371	0
210	371	0
238	371	0
262	371	0
276	371	0
295	371	0
325	371	0
354	371	0
375	371	0
402	371	0
428	371	0
459	371	0
498	371	0
539	371	0
584	371	1
612	371	0
637	371	0
678	371	0
702	371	0
737	371	0
765	371	0
788	371	0
832	371	0
864	371	0
890	371	1
924	371	0
959	371	1
991	371	0
1028	371	0
12	401	0
49	401	0
77	401	0
95	401	0
115	401	0
137	401	0
168	401	0
192	401	0
210	401	0
240	398	1
262	401	0
276	401	0
295	401	1
325	401	0
350	396	1
375	401	0
402	401	0
428	401	0
459	403	1
498	401	0
539	401	0
584	401	0
612	401	0
637	401	0
678	401	0
702	401	0
737	401	0
765	401	0
788	401	0
832	401	0
864	401	0
889	401	0
924	401	0
959	401	0
991	401	0
1028	401	1
12	437	0
49	437	0
77	437	0
95	437	0
115	437	0
137	437	0
165	440	0
192	437	1
210	437	0
238	437	0
262	437	0
276	437	0
295	437	0
325	437	0
354	437	0
375	437	0
402	437	0
428	437	0
459	437	0
498	437	0
539	437	0
584	437	0
612	437	0
637	437	0
678	437	0
702	437	0
737	437	0
765	437	0
788	437	0
836	435	1
864	437	0
889	437	0
924	437	1
959	437	0
991	437	1
1028	437	0
12	479	1
49	479	1
77	479	1
95	479	1
115	479	1
137	479	1
168	479	1
192	479	0
210	479	0
238	479	0
262	479	0
276	479	0
295	479	0
319	479	1
354	479	0
375	479	0
402	479	0
428	479	0
459	479	0
498	479	0
539	479	0
584	479	0
612	479	0
639	475	0
678	479	0
702	479	0
737	479	0
765	479	0
788	479	0
832	479	0
864	479	0
889	479	0
924	479	0
959	479	0
991	479	0
1028	479	0
12	520	1
49	520	1
77	520	0
95	520	0
124	520	1
137	520	1
168	520	1
192	520	1
210	520	1
238	520	1
262	520	1
276	520	1
295	520	1
325	520	0
354	520	0
375	520	0
404	510	1
428	520	0
459	520	0
498	520	0
539	520	0
584	520	0
612	520	0
638	503	1
678	520	0
702	520	0
737	520	0
765	520	0
788	520	0
832	520	0
864	520	1
889	520	0
924	520	0
959	520	1
991	520	0
1028	520	1
12	557	1
49	557	1
77	557	1
95	557	0
115	557	0
137	557	0
168	557	0
192	557	0
210	557	0
238	557	1
262	557	1
276	557	1
295	557	1
325	557	1
354	557	1
375	557	1
402	557	1
428	557	0
459	557	0
498	557	0
539	557	0
584	557	0
612	557	0
637	557	0
678	557	0
702	557	0
737	557	1
765	557	1
788	557	1
832	557	1
864	557	1
889	557	0
924	557	0
959	557	0
991	557	0
1028	557	0
15	595	0
49	601	1
77	601	1
95	601	0
115	601	0
137	601	0
168	601	0
192	601	0
210	601	0
238	601	0
262	601	0
276	601	0
295	601	0
325	601	0
354	601	1
375	601	1
402	601	1
428	601	1
459	601	1
498	601	1
539	601	0
584	601	0
612	601	0
637	601	0
678	601	0
702	601	0
737	601	0
765	601	0
788	601	0
832	601	0
864	601	1
889	601	1
924	601	1
959	601	1
991	601	1
1028	601	0
12	635	1
49	635	1
77	635	1
95	635	1
115	635	1
137	635	1
168	635	0
192	635	0
210	635	0
238	635	0
262	635	0
276	635	0
295	635	0
325	635	0
354	635	0
375	635	0
402	635	0
428	635	0
459	635	1
498	635	1
539	635	1
584	635	1
612	635	1
637	635	0
678	635	0
702	635	0
737	635	0
765	635	0
788	635	0
832	635	0
864	635	0
889	635	0
924	635	0
959	635	1
991	635	1
1028	635	1
12	661	0
49	662	1
77	662	1
95	662	1
115	662	1
137	662	1
168	662	1
192	662	1
210	662	1
239	665	0
263	668	0
278	664	0
297	668	0
328	663	0
354	662	0
375	662	0
402	662	0
428	662	0
459	662	0
498	662	0
539	662	0
584	662	1
612	662	1
637	662	1
678	662	1
702	662	1
737	662	0
765	662	0
788	662	1
832	662	1
864	662	0
889	662	0
924	662	0
959	662	0
991	662	0
1028	662	1
12	686	1
49	686	1
77	687	0
99	688	0
117	689	0
143	689	0
162	687	0
193	688	0
210	686	1
238	686	1
262	686	1
276	686	1
295	686	1
325	686	1
354	686	1
375	686	0
402	686	0
428	686	0
459	686	0
498	686	0
539	686	0
584	686	0
612	686	0
639	687	0
675	687	0
702	686	1
737	686	1
765	686	1
788	686	1
832	686	1
864	686	1
889	686	0
924	686	0
959	686	0
991	686	0
1028	686	0
