12	18	1
37	18	1
62	18	1
88	18	0
115	18	0
137	18	0
160	18	0
185	18	0
210	18	0
230	14	0
254	11	1
278	11	1
304	8	1
333	12	1
353	18	1
379	18	1
403	18	0
429	18	0
454	18	0
478	18	0
506	18	0
530	18	0
556	18	0
582	18	0
602	18	0
624	18	0
647	18	1
673	18	1
694	18	1
721	18	1
751	18	1
774	18	1
797	18	1
820	18	1
846	18	1
872	18	1
897	18	1
921	18	1
947	18	0
974	18	0
1002	18	0
1027	18	0
12	37	1
37	37	1
62	37	1
88	37	1
115	37	1
137	37	1
160	37	0
185	37	0
210	37	0
234	37	0
259	37	0
283	37	0
307	38	0
333	39	0
353	37	0
379	37	1
403	37	1
429	37	1
454	37	1
478	37	0
506	35	0
531	36	0
558	34	0
582	37	0
602	37	0
624	37	0
647	37	0
673	37	0
696	36	1
721	37	1
751	37	1
774	37	1
797	37	1
820	37	1
846	37	1
872	37	1
897	37	1
921	37	1
947	37	0
976	36	0
1002	37	0
1027	37	0
12	54	1
37	54	1
62	54	1
88	54	1
115	54	1
137	54	1
160	54	1
185	54	1
210	54	0
234	54	0
259	54	0
283	54	0
307	54	0
330	54	0
353	54	0
379	54	1
403	54	1
431	53	1
454	54	1
478	54	1
506	54	1
530	54	1
556	54	1
582	54	0
600	53	0
620	52	0
641	51	0
673	54	0
694	54	0
721	54	0
751	54	0
774	54	1
797	54	1
820	54	1
846	54	1
872	54	1
897	54	1
921	54	1
947	54	1
974	54	1
1002	54	0
1027	54	0
12	80	0
37	80	0
62	80	0
88	80	1
115	80	1
137	80	1
160	80	1
185	80	1
210	80	1
234	80	1
259	80	1
283	80	0
307	80	0
330	80	0
353	80	0
379	80	0
403	80	0
429	80	0
454	80	1
478	80	1
506	80	1
530	80	1
556	80	1
582	80	1
602	80	1
624	80	1
647	80	1
673	80	1
694	80	0
721	80	0
751	80	0
774	80	0
797	80	1
820	80	1
846	80	1
872	80	1
897	80	1
921	80	1
947	80	1
974	80	1
1002	80	1
1027	80	1
12	105	0
37	105	0
62	105	0
88	105	0
115	105	0
137	105	0
160	105	1
185	105	1
210	105	1
234	105	1
259	105	1
283	105	1
307	105	1
330	105	1
353	105	0
379	105	0
403	105	0
429	105	0
454	105	0
478	105	0
507	104	1
530	105	1
556	105	1
582	105	1
602	105	1
624	105	1
647	105	1
673	105	1
694	105	1
721	105	0
751	105	0
774	105	0
797	105	0
820	105	0
846	105	0
872	105	0
897	105	0
921	105	1
947	105	1
974	105	1
1002	105	1
1027	105	1
12	127	0
37	127	0
62	127	0
88	127	0
115	127	0
137	127	0
160	127	0
185	127	0
210	127	0
234	127	1
259	127	1
283	127	1
307	127	1
330	127	1
353	127	1
379	127	1
403	127	0
429	127	0
454	127	0
478	127	0
506	127	0
530	127	0
556	127	0
582	127	0
603	127	0
624	127	1
647	127	1
673	127	1
694	127	1
721	127	1
751	127	1
774	127	1
797	127	1
820	127	1
851	126	0
872	127	0
897	127	0
921	127	0
947	127	0
974	127	0
1002	127	0
1027	127	0
12	148	1
37	148	1
62	148	1
88	148	0
115	148	0
137	148	0
160	148	0
185	148	0
210	148	0
234	148	0
259	148	0
283	148	0
307	148	1
330	148	1
353	148	1
379	148	1
403	148	1
429	148	1
454	148	1
478	148	1
506	148	1
528	146	0
556	148	0
582	148	0
602	148	0
624	148	0
647	148	0
673	148	1
694	148	1
721	148	1
751	148	1
774	148	1
797	148	1
820	148	1
846	148	1
872	148	1
897	148	1
921	148	1
947	148	0
974	148	0
1002	148	0
1027	148	0
12	172	1
37	172	1
62	172	1
88	172	1
115	172	1
137	172	1
160	172	1
185	172	1
210	172	0
234	172	0
259	172	0
283	172	0
307	172	0
330	172	0
353	172	1
379	172	1
403	172	1
429	172	1
454	172	1
478	172	1
506	172	1
530	172	1
556	172	1
582	172	0
602	172	0
624	172	0
647	172	0
673	172	0
694	172	0
721	172	0
751	172	1
774	172	1
797	172	1
820	172	1
846	172	1
872	172	1
897	172	1
921	172	1
947	172	1
974	172	1
1004	170	0
1027	172	0
12	190	1
37	190	1
62	190	1
88	190	1
115	190	1
137	190	1
160	190	1
185	190	1
210	190	0
234	190	0
259	190	0
283	190	0
307	190	0
330	190	0
353	190	0
379	190	0
403	190	0
429	190	1
454	190	1
478	190	1
506	190	1
530	190	1
556	190	1
582	190	1
602	190	1
624	190	1
647	190	0
673	190	0
694	190	0
721	190	0
751	190	0
774	190	0
797	190	0
820	190	1
846	190	1
872	190	1
897	190	1
921	190	1
947	190	1
974	190	1
1002	190	1
1027	190	1
12	211	0
37	211	0
62	211	0
88	211	1
115	211	1
139	210	1
160	211	1
185	211	1
210	211	1
234	211	1
259	211	0
283	211	0
307	211	0
330	211	0
353	211	0
379	211	0
403	211	0
429	211	0
454	211	1
478	211	1
506	211	1
530	211	1
556	211	1
582	211	1
602	211	1
624	211	1
647	211	1
673	211	1
694	211	1
721	211	0
751	211	0
774	211	0
797	211	0
820	211	0
846	211	0
872	211	1
897	211	1
921	211	1
947	211	1
974	211	1
1002	211	1
1027	211	1
12	233	0
37	233	0
62	233	0
88	233	0
115	233	0
137	233	0
163	238	0
185	235	0
210	233	1
234	233	1
259	233	1
283	233	1
307	233	1
330	233	0
353	233	0
379	233	0
403	233	1
429	233	0
454	233	0
478	233	0
506	233	0
530	233	1
556	233	1
582	233	1
602	233	1
624	233	1
647	233	1
673	233	1
694	233	1
721	233	1
751	233	1
774	233	0
797	233	0
820	233	0
846	233	0
872	233	0
897	233	0
921	233	0
947	233	1
974	233	1
1002	233	1
1027	233	1
12	259	1
37	259	1
62	259	0
88	259	0
115	259	0
137	259	0
160	259	0
185	259	0
210	259	0
234	259	0
259	259	0
283	259	1
307	259	1
330	259	1
353	259	1
379	259	1
403	259	1
429	259	1
454	259	1
478	259	1
506	259	1
530	259	0
556	259	0
582	259	0
602	259	1
624	259	1
647	259	1
673	259	1
694	259	1
721	259	1
751	259	1
774	259	1
797	259	1
820	259	1
846	259	0
872	259	0
897	259	0
921	259	0
947	259	0
974	259	0
1002	259	1
1027	259	1
12	277	1
37	277	1
62	277	1
88	277	1
115	277	0
137	277	0
160	277	0
185	277	0
210	277	0
234	277	0
259	277	0
284	279	0
308	279	0
330	277	0
353	277	1
379	277	1
403	277	1
429	277	1
454	277	1
478	277	1
506	277	1
530	277	0
556	277	0
582	277	0
602	277	0
624	277	0
647	275	0
673	277	1
694	277	1
721	277	1
751	277	1
774	277	1
797	277	1
820	277	1
846	277	1
872	277	1
897	277	1
921	277	0
947	277	0
974	277	0
1002	277	0
1027	277	0
12	299	1
37	299	1
62	299	1
88	299	1
115	299	1
137	299	1
160	299	0
185	299	0
210	299	0
234	299	0
259	299	0
283	299	0
307	299	0
330	299	0
353	299	1
379	299	1
403	299	1
429	299	1
454	299	1
478	299	1
506	299	1
530	299	1
556	299	0
582	299	0
602	299	0
624	299	0
647	299	0
675	297	0
697	298	0
721	299	1
751	299	1
774	299	1
797	299	1
820	299	1
846	299	1
872	299	1
897	299	1
921	299	1
947	299	1
974	299	1
1002	299	1
1027	299	1
12	321	0
37	321	0
62	321	1
88	321	1
115	321	1
137	321	1
160	321	1
185	321	1
210	321	1
234	321	0
259	321	0
283	321	0
307	321	0
330	321	0
353	321	0
379	321	0
403	321	0
429	321	0
454	321	1
478	321	1
506	321	1
530	321	1
556	321	1
582	321	1
602	321	1
624	321	1
647	321	1
673	321	1
694	321	1
721	321	0
751	321	0
774	321	0
797	321	0
820	321	0
846	321	1
872	321	1
897	321	1
921	321	1
947	321	1
974	321	1
1002	321	1
1027	321	1
12	338	0
37	338	0
62	338	0
88	338	0
115	338	0
137	338	1
160	338	1
185	338	1
210	338	1
234	339	0
257	334	0
280	333	0
304	334	0
331	333	0
353	338	0
379	338	0
403	338	0
429	338	0
454	338	0
478	338	0
507	339	0
530	338	1
556	338	1
582	338	1
602	338	1
624	338	1
647	338	1
673	338	1
694	338	1
721	338	0
751	338	0
774	338	0
797	338	0
820	338	0
846	338	1
872	338	1
897	338	1
921	338	1
947	338	1
974	338	1
1002	338	1
1027	338	1
12	360	0
37	360	0
62	360	0
88	360	0
115	360	0
137	360	0
160	360	0
185	360	1
210	360	1
234	360	1
259	360	1
281	354	1
302	351	1
329	349	1
353	360	0
376	358	0
403	360	0
429	360	0
454	360	0
478	360	0
506	360	0
535	361	0
556	360	1
582	360	1
602	360	1
624	360	1
647	360	1
673	360	1
694	360	1
721	360	1
751	360	1
776	359	0
796	358	0
821	358	0
846	360	0
872	360	0
897	360	0
922	360	0
947	360	0
974	360	0
1003	365	1
1031	364	1
12	380	1
37	380	0
62	380	0
88	380	0
115	380	0
137	380	0
160	380	0
185	380	0
209	381	0
234	380	0
259	380	1
283	380	1
307	380	1
330	380	1
353	380	1
379	380	1
403	379	0
429	380	0
454	380	0
478	380	0
506	380	0
530	380	0
556	380	0
582	380	0
604	379	0
624	380	0
647	380	1
673	380	1
694	380	1
721	380	1
751	380	1
774	380	1
797	380	1
820	380	1
846	380	1
872	375	0
897	380	0
921	380	0
947	380	0
974	380	0
1002	380	0
1029	381	0
12	406	1
37	406	1
62	406	1
88	406	1
115	406	0
137	406	0
160	406	0
185	406	0
210	406	0
234	406	0
259	406	0
283	406	0
307	406	0
330	406	1
353	406	1
379	406	1
403	406	1
429	406	1
454	406	1
478	406	1
506	406	1
530	406	1
556	406	0
582	406	0
602	406	0
624	406	0
647	406	0
673	406	0
694	406	0
721	406	1
751	406	1
774	406	1
797	406	1
820	406	1
846	406	1
872	406	1
897	406	1
921	406	1
947	406	1
974	406	0
1002	406	0
1028	401	0
12	432	0
37	432	1
62	432	1
88	432	1
115	432	1
137	432	1
160	432	0
185	432	0
210	432	0
234	432	0
259	432	0
283	432	0
307	432	0
330	432	0
353	432	0
379	432	1
403	432	1
429	432	1
454	432	1
478	432	1
506	432	1
530	432	1
556	432	1
582	432	1
602	432	1
624	432	0
647	433	0
673	432	0
694	432	0
721	432	0
751	432	0
774	432	1
797	432	1
820	432	1
846	432	1
872	432	1
897	432	1
921	432	1
947	432	1
974	432	1
1002	432	1
1027	432	1
12	451	0
37	451	0
63	454	0
88	451	0
115	451	1
137	451	1
160	451	1
185	451	1
210	451	1
234	451	1
259	451	1
283	447	0
308	450	0
330	451	0
353	451	0
379	451	0
403	451	0
429	451	0
454	451	1
478	451	1
506	451	1
530	451	1
556	451	1
582	451	1
602	451	1
624	451	1
647	451	1
673	451	0
694	451	0
721	451	0
751	451	0
774	451	0
797	451	0
820	451	0
846	451	1
872	451	1
897	451	1
921	451	1
947	451	1
974	451	1
1002	451	1
1027	451	1
12	471	0
37	471	0
62	471	0
88	471	0
118	474	0
141	473	0
160	471	1
185	471	1
210	471	1
234	471	1
259	471	1
283	471	1
307	471	1
330	471	0
353	471	0
379	471	0
403	471	0
429	471	0
454	471	0
478	471	0
506	471	1
530	471	1
556	471	1
582	471	1
602	471	1
624	471	1
647	471	1
673	471	1
694	471	1
721	471	1
752	471	0
775	470	0
794	467	0
820	471	0
846	471	0
872	471	0
897	471	0
921	471	0
947	471	0
974	471	0
1002	471	1
1027	471	1
12	491	0
37	491	0
62	491	0
88	491	0
115	491	0
137	491	0
160	491	1
185	491	1
210	491	1
234	491	1
259	491	1
283	491	1
307	491	1
330	491	1
353	491	1
379	491	1
403	491	1
429	491	1
454	491	0
478	491	0
506	491	0
530	491	0
556	491	0
582	491	0
602	491	1
624	491	1
647	491	1
673	491	1
694	491	1
721	491	1
751	491	1
774	491	1
797	491	1
820	491	1
846	491	1
872	491	1
897	491	0
921	491	0
947	491	0
974	491	1
1002	491	1
1027	491	1
12	507	1
37	507	1
62	507	0
88	507	0
115	507	0
137	507	0
160	507	0
185	507	0
210	507	0
236	512	0
261	509	0
283	507	1
307	507	1
330	507	1
353	507	1
379	507	1
403	507	1
429	507	1
454	507	1
478	507	1
506	507	0
530	507	0
556	507	0
582	507	0
602	507	0
624	507	0
647	507	1
673	507	1
694	507	1
721	507	1
751	507	1
774	507	1
797	507	1
820	507	1
846	507	1
872	507	1
897	507	0
921	507	0
947	507	0
974	507	0
1002	507	0
1027	507	0
12	529	1
37	529	1
62	529	1
88	529	1
115	529	1
137	529	1
160	529	1
185	529	0
210	529	0
234	529	0
259	529	0
283	529	0
311	531	0
332	533	0
353	529	1
379	529	1
403	529	1
429	529	1
454	529	1
478	529	1
506	529	1
530	529	1
556	529	1
582	529	0
602	529	0
624	529	0
647	529	0
673	529	0
694	529	0
721	529	1
751	529	1
774	529	1
797	529	1
820	529	1
846	529	1
872	529	1
897	529	1
921	529	1
950	527	0
974	529	0
1002	529	0
1027	529	0
12	553	0
37	553	1
62	553	1
88	553	1
115	553	1
137	553	1
160	553	1
185	553	1
210	553	1
234	553	0
259	553	0
283	553	0
307	553	0
330	553	0
353	555	0
379	555	0
403	555	0
429	553	1
454	553	1
478	553	1
506	553	1
530	553	1
556	553	1
582	553	0
599	553	0
627	549	0
646	551	0
673	553	0
694	553	0
721	553	0
751	553	1
774	553	1
797	553	1
820	553	1
846	553	1
872	553	1
897	553	1
921	553	1
947	553	1
974	553	1
1002	553	0
1027	553	0
12	575	0
37	575	0
62	575	0
88	575	1
115	575	1
137	575	1
160	575	1
185	575	1
210	575	1
234	575	1
259	575	1
283	575	1
307	575	0
330	575	0
353	575	0
379	575	0
403	575	0
430	574	0
452	573	0
478	575	0
506	575	1
530	575	1
556	575	1
582	575	1
602	575	1
624	575	1
647	575	1
671	573	0
695	573	0
721	575	0
751	575	0
774	575	0
797	575	0
820	575	1
846	575	1
872	575	1
897	575	1
921	575	1
947	575	1
974	575	1
1002	575	1
1027	575	1
12	595	0
37	595	0
62	595	0
88	595	0
115	595	0
137	595	1
160	595	1
185	595	1
210	595	1
234	595	1
259	595	1
283	595	1
307	595	1
330	595	1
353	595	1
379	595	0
403	595	0
429	595	0
454	595	0
478	595	0
506	595	1
530	595	1
556	595	1
582	595	1
602	595	1
624	595	1
647	595	1
673	595	1
694	595	1
721	595	1
751	595	0
771	596	0
797	595	0
820	595	0
846	595	0
872	595	0
897	595	1
921	595	1
947	595	1
974	595	1
1002	595	1
1027	595	1
12	619	0
37	619	0
62	619	0
88	619	0
115	619	0
137	619	0
160	619	0
185	619	1
210	619	1
234	619	1
259	619	1
283	619	1
307	619	1
330	619	1
353	619	1
379	616	0
399	615	0
429	619	0
454	619	0
478	619	0
506	619	0
530	619	0
556	619	1
582	619	1
602	619	1
624	619	1
647	619	1
673	619	1
694	619	1
721	619	1
751	619	1
774	619	1
797	619	1
820	619	1
846	619	1
872	619	0
897	619	0
921	619	0
947	619	0
974	619	0
1002	619	0
1027	619	1
12	639	1
37	639	1
62	639	1
88	639	0
115	639	0
137	639	0
160	639	0
185	639	0
215	642	0
236	639	0
259	639	1
283	639	1
307	639	1
330	639	1
353	639	1
379	639	1
403	639	1
428	635	0
453	635	0
478	639	0
506	639	0
530	639	0
556	639	0
582	639	0
602	639	0
624	639	1
647	639	1
673	639	1
694	639	1
721	639	1
751	639	1
774	639	1
797	639	1
820	639	1
846	639	1
872	639	1
897	639	1
921	640	0
947	639	0
974	639	0
1002	639	0
1027	639	1
12	658	1
37	658	1
62	658	1
88	658	1
115	658	1
137	658	0
160	658	0
185	658	0
210	658	0
234	658	0
259	658	0
283	658	0
308	662	0
330	658	0
353	658	1
379	658	1
403	658	1
429	658	1
454	658	1
478	658	0
506	658	0
531	658	0
554	659	0
582	658	0
602	658	0
624	658	0
647	658	0
673	658	0
694	658	1
721	658	1
751	658	1
774	658	1
797	658	1
820	658	1
846	658	1
872	658	1
897	658	1
921	658	1
947	658	1
974	658	1
1002	658	0
1029	659	0
12	685	1
37	685	1
62	685	1
88	685	1
115	685	1
137	685	1
160	685	1
185	685	1
210	685	0
234	685	0
259	685	0
283	685	0
307	685	0
330	685	0
353	685	0
378	685	0
403	685	0
429	685	1
454	685	1
478	685	1
506	685	1
530	685	1
556	685	1
582	685	1
602	685	1
624	685	1
647	685	0
673	685	0
694	685	0
721	685	0
751	685	0
774	685	0
797	685	0
820	685	1
846	685	1
872	685	1
897	685	1
921	685	1
947	685	1
974	685	1
1002	685	1
1027	685	1
