6	17	1
31	17	0
57	17	0
79	17	0
104	17	0
127	17	0
152	17	0
178	10	1
205	8	1
230	11	1
252	14	1
274	17	1
297	17	1
320	17	1
343	17	1
367	17	1
392	17	1
418	17	0
444	17	0
469	17	0
495	17	0
523	17	0
549	17	0
574	17	0
599	17	1
624	17	1
651	17	1
678	17	1
703	17	1
727	17	1
751	17	1
773	17	1
799	17	1
823	17	0
845	17	0
871	17	0
892	17	0
916	17	0
943	11	1
963	9	1
986	7	1
1011	11	1
1028	8	1
6	44	1
31	44	1
57	44	1
79	44	1
104	44	1
127	44	1
152	44	0
178	44	0
204	44	0
228	44	0
251	44	0
274	44	0
297	44	0
320	44	1
343	44	1
367	44	1
392	44	1
418	44	1
444	44	0
469	44	0
495	44	0
523	44	0
549	44	0
574	44	0
599	44	0
624	44	0
651	44	1
678	44	1
703	44	1
727	44	1
751	44	1
773	44	1
799	44	1
823	44	1
845	44	1
871	44	0
892	44	0
916	44	0
940	44	0
962	44	0
983	44	0
1010	35	1
1031	31	1
6	71	1
31	71	1
57	71	1
79	71	1
104	71	1
127	71	1
152	71	1
178	71	1
202	67	0
227	68	0
251	71	0
274	71	0
297	71	0
320	71	0
343	71	0
367	71	0
392	71	1
418	71	1
444	71	1
469	71	1
495	71	1
523	71	1
549	71	1
574	71	0
599	71	0
624	71	0
651	71	0
678	71	0
703	71	0
727	71	1
751	71	1
773	71	1
799	71	1
823	71	1
845	71	1
871	71	1
892	71	1
916	71	1
941	69	0
962	71	0
983	71	0
1006	71	0
1029	71	0
6	91	0
31	91	1
57	91	1
79	91	1
104	91	1
127	91	1
152	91	1
178	91	1
204	91	1
228	91	1
251	91	0
274	89	0
297	91	0
320	91	0
343	91	0
367	91	0
392	91	0
418	91	0
444	91	1
469	91	1
495	91	1
523	91	1
549	91	1
574	91	1
602	91	0
626	90	0
652	87	0
678	91	0
703	91	0
727	91	0
751	91	0
773	91	0
799	91	1
823	91	1
845	91	1
871	91	1
892	91	1
916	91	1
940	91	1
962	91	1
983	91	1
1006	91	1
1029	91	0
6	116	0
31	116	0
57	116	0
79	116	0
104	116	0
129	118	0
152	116	1
178	116	1
204	116	1
228	116	1
251	116	1
274	116	1
297	116	1
320	116	1
343	116	0
367	116	0
392	116	0
418	116	0
444	116	0
469	116	0
495	116	1
523	116	1
549	116	1
574	116	1
599	116	1
624	116	1
651	116	1
678	116	1
703	116	1
727	115	0
751	116	0
773	116	0
799	116	0
823	116	0
844	115	0
865	114	1
888	115	1
916	116	1
940	116	1
962	116	1
983	116	1
1006	116	1
1029	116	1
6	139	1
31	139	0
57	139	0
79	139	0
104	139	0
127	139	0
152	139	0
180	140	0
204	139	1
228	139	1
251	139	1
274	139	1
297	139	1
320	139	1
343	139	0
367	139	0
392	139	0
418	139	0
444	139	0
469	139	0
495	139	0
523	139	0
549	139	0
574	139	1
599	139	1
624	139	1
651	139	1
678	139	1
703	139	1
727	139	1
751	139	1
773	139	1
799	139	0
823	139	0
845	139	0
871	139	0
892	139	0
916	139	1
940	139	1
962	139	1
983	139	1
1006	139	1
1029	139	1
6	161	1
31	161	1
57	161	1
79	161	1
104	161	0
127	161	0
152	161	0
178	161	0
204	161	0
230	165	0
254	164	0
274	164	0
297	166	0
320	161	1
343	161	1
367	161	1
392	161	1
418	161	1
444	161	1
469	161	1
495	161	0
523	161	0
549	161	0
574	161	0
599	161	0
624	161	0
651	161	1
678	161	1
709	170	1
728	170	1
751	171	1
779	167	1
800	166	1
823	161	1
845	161	1
871	161	0
892	161	0
916	161	0
940	161	0
962	161	0
983	158	1
1011	155	1
1031	154	1
6	190	1
31	190	1
57	190	1
79	190	1
104	190	1
127	190	1
155	191	0
178	185	0
202	190	0
228	190	0
251	190	0
274	190	0
297	190	0
320	190	0
343	190	0
367	190	0
392	190	1
418	190	1
444	190	1
469	190	1
495	190	1
523	190	1
549	190	1
574	190	1
599	190	0
624	190	0
651	190	0
678	190	0
703	190	0
727	190	0
751	190	1
773	190	1
799	190	1
823	190	1
845	190	1
871	190	1
892	190	1
916	190	1
943	187	1
967	189	0
987	188	0
1006	190	0
1029	190	0
6	211	0
31	211	1
57	211	1
79	211	1
104	211	1
127	211	1
152	211	1
178	211	1
204	211	1
228	211	1
251	211	0
274	211	0
297	211	0
320	211	0
343	211	0
367	211	0
392	211	0
418	211	1
444	211	1
469	211	1
495	211	1
523	211	1
549	211	1
574	211	1
599	211	1
624	211	0
651	211	0
678	211	0
703	211	0
727	211	0
751	211	0
773	211	1
799	211	1
823	211	1
845	211	1
871	211	1
892	211	1
916	211	1
940	211	1
962	211	1
983	211	1
1006	211	1
1029	211	1
6	231	0
31	231	0
57	231	0
79	231	1
104	231	1
127	231	1
152	231	1
178	231	1
204	231	1
228	231	1
251	231	1
274	231	0
297	231	0
320	231	0
343	231	0
367	231	0
392	231	0
418	231	0
444	231	0
469	231	0
495	231	1
523	231	1
549	231	1
574	231	1
599	231	1
624	231	1
651	231	1
678	231	1
703	231	0
727	231	0
751	231	0
773	231	0
799	231	0
827	234	0
845	231	1
871	231	1
892	231	1
916	231	1
940	231	1
962	231	1
983	231	1
1006	231	1
1029	231	1
6	252	0
31	252	0
57	252	0
79	252	0
104	252	0
127	252	0
152	252	0
178	252	1
204	252	1
228	252	1
251	252	1
274	252	1
297	252	1
320	252	1
343	252	1
367	252	0
392	252	0
418	252	0
444	252	0
469	252	0
495	255	0
527	252	0
549	252	1
574	252	1
599	252	1
624	252	1
651	252	1
678	252	1
703	252	1
727	252	1
751	252	1
773	252	0
799	252	0
823	252	0
845	252	0
871	252	0
895	251	0
916	252	1
940	252	1
962	252	1
983	252	1
1006	252	1
1029	252	1
6	275	1
31	275	1
57	275	1
79	273	0
103	275	0
127	275	0
152	275	0
178	275	0
204	275	0
229	278	0
254	277	0
274	275	1
297	275	1
320	275	1
343	275	1
367	275	1
392	275	1
420	275	0
446	275	0
471	275	0
495	275	0
523	275	0
549	275	0
574	275	0
599	275	0
624	275	1
651	275	1
678	275	1
703	286	1
729	284	1
753	286	1
776	288	1
799	285	1
825	275	0
845	275	0
871	275	0
894	277	0
923	275	0
940	275	0
962	275	0
983	275	0
1006	275	0
1031	275	0
6	308	1
31	308	1
57	308	1
79	308	1
104	308	1
127	308	1
152	308	1
178	308	0
204	308	0
228	308	0
251	308	0
274	308	0
297	308	0
319	308	0
343	308	1
367	308	1
392	308	1
419	303	1
447	302	1
467	295	1
495	308	1
523	308	1
549	308	0
574	308	0
599	308	0
624	308	0
651	308	0
678	308	0
703	308	0
730	311	0
751	308	1
773	308	1
799	308	1
823	308	1
845	308	1
871	308	1
892	308	1
916	308	1
940	308	1
962	308	0
983	308	0
1006	308	0
1029	308	0
7	330	0
30	329	0
57	327	1
79	327	1
104	327	1
127	327	1
152	327	1
178	327	0
204	327	1
228	327	1
251	327	1
274	327	0
297	327	0
320	327	0
343	327	0
367	327	0
392	327	1
418	327	1
444	327	1
469	327	1
495	327	1
523	327	1
549	327	1
574	327	1
599	327	1
624	327	0
651	327	0
678	327	0
703	327	0
727	327	0
751	327	0
773	327	1
799	327	1
823	327	1
845	327	1
871	327	1
892	327	1
916	327	1
940	327	1
962	327	1
983	327	1
1006	327	1
1029	327	1
6	343	0
31	343	0
57	343	1
79	343	1
104	343	1
127	343	1
152	343	1
178	343	1
204	343	1
228	343	1
251	343	1
274	343	1
297	343	0
320	343	0
343	343	0
367	343	0
392	343	0
418	343	1
444	343	1
469	343	1
495	343	1
523	343	1
549	343	1
574	343	1
599	343	1
624	343	1
651	343	1
678	343	0
703	343	0
727	343	0
751	343	0
773	343	0
799	343	0
823	343	1
845	343	1
871	343	1
892	343	1
916	343	1
940	343	1
962	343	1
983	343	1
1006	343	1
1029	343	1
6	363	0
31	363	0
57	363	0
79	363	0
104	363	0
127	363	0
152	363	1
178	363	1
204	363	1
228	363	1
251	363	1
274	363	1
297	363	1
320	363	1
343	363	0
365	361	0
392	363	0
418	363	0
444	363	0
469	363	0
495	363	1
523	363	1
549	363	1
574	363	1
599	363	1
624	363	1
651	363	1
678	363	1
703	363	1
727	363	1
751	363	0
773	363	0
799	363	0
823	363	0
845	363	0
871	363	0
892	363	0
916	363	1
940	363	1
962	363	1
983	363	1
1006	363	1
1029	363	1
6	384	1
31	384	1
57	384	0
79	384	0
104	384	0
127	384	0
152	384	0
178	384	0
203	387	0
228	384	1
251	384	1
274	384	1
297	384	1
320	384	1
343	384	1
367	384	1
392	384	1
418	384	0
444	384	0
469	384	0
495	384	0
523	384	0
550	386	0
574	384	1
599	384	1
624	384	1
651	384	1
678	384	1
703	384	1
727	384	1
751	384	1
773	384	1
799	384	1
823	384	1
845	384	1
871	384	0
892	384	0
916	384	0
940	384	0
962	384	0
983	384	1
1006	384	1
1029	384	1
6	409	1
31	409	1
57	409	1
79	409	1
104	409	1
127	409	1
152	409	1
178	409	0
204	409	0
228	409	0
251	409	0
275	415	0
297	409	1
320	409	1
343	409	1
367	409	1
392	409	1
418	409	1
444	409	1
469	409	1
495	409	1
523	409	0
549	409	0
574	409	0
599	409	0
624	409	0
651	411	0
678	409	1
703	409	1
727	409	1
751	409	1
773	409	1
799	409	1
823	409	1
845	409	1
871	409	1
892	409	1
916	409	1
940	409	0
962	409	0
983	409	0
1006	409	0
1029	409	0
6	431	1
31	431	1
57	431	1
79	431	1
104	431	1
127	431	1
152	431	1
179	430	0
203	431	0
223	429	0
251	431	0
274	431	0
297	431	0
320	431	0
343	431	0
367	431	0
392	431	1
418	431	1
444	431	1
469	431	1
495	431	1
523	431	1
549	431	1
574	431	1
599	431	0
624	431	0
651	431	0
678	431	0
703	431	0
727	431	1
751	431	1
773	431	1
799	431	1
823	431	1
845	431	1
871	431	1
892	431	1
916	431	1
940	431	1
962	431	1
983	431	1
1006	431	1
1029	431	1
6	459	0
31	459	0
57	459	0
79	459	0
104	459	1
127	459	1
152	459	1
178	459	1
204	459	1
228	459	1
251	459	0
274	459	0
297	459	0
320	459	0
343	459	0
367	459	0
392	459	0
419	460	0
444	459	1
469	459	1
495	459	1
523	459	1
549	459	1
574	459	1
599	459	1
624	459	1
651	459	1
677	458	0
706	459	0
727	459	0
751	459	0
773	459	0
799	459	0
823	463	0
847	462	1
871	459	1
892	459	1
916	459	1
940	459	1
962	459	1
983	459	1
1006	459	1
1029	459	1
6	480	0
31	480	0
57	480	0
79	480	0
104	480	0
127	480	1
152	480	1
178	480	1
204	480	1
228	480	1
251	480	1
274	480	1
297	480	1
320	480	0
343	481	0
367	480	0
392	480	0
418	480	0
444	480	0
471	479	0
495	480	0
522	482	0
549	480	1
574	480	1
599	480	1
624	480	1
651	480	1
678	480	1
703	480	1
727	480	1
751	480	1
773	480	1
800	479	0
818	482	0
845	480	0
871	480	0
892	480	0
916	480	0
940	480	0
962	485	0
981	483	0
1006	480	1
1029	480	1
6	506	1
31	506	0
57	506	0
79	506	0
104	506	0
127	506	0
152	506	0
178	506	0
204	506	0
228	506	1
251	506	1
274	506	1
297	506	1
320	506	1
343	506	1
367	506	1
392	506	1
418	506	1
444	506	0
469	506	0
495	506	0
523	506	0
549	506	0
577	508	0
599	506	1
624	506	1
651	506	1
678	506	1
703	506	1
727	506	1
751	506	1
773	506	1
799	506	1
823	506	1
845	506	1
871	506	1
892	506	1
916	506	1
940	506	1
959	507	0
983	506	0
1006	506	0
1029	506	0
6	533	1
31	533	1
57	533	1
79	533	1
104	533	0
127	533	0
152	533	0
178	533	0
204	533	0
228	533	0
251	533	0
274	533	0
297	533	1
320	533	1
343	533	1
367	533	1
392	533	1
418	533	1
444	533	1
469	533	1
495	533	1
523	531	0
551	530	0
574	533	0
599	533	0
624	533	0
651	533	0
678	533	0
703	533	0
727	533	1
751	533	1
773	533	1
799	533	1
823	533	1
845	533	1
871	533	1
892	533	1
916	533	1
940	533	1
962	533	1
983	533	1
1006	533	1
1029	533	0
6	561	1
31	561	1
57	561	1
79	561	1
104	561	1
127	561	1
152	561	1
178	561	1
204	561	1
228	561	1
251	561	0
274	561	0
297	561	0
320	561	0
343	561	0
367	561	1
392	561	1
418	561	1
444	561	1
469	561	1
495	561	1
523	557	1
548	557	1
574	561	1
599	561	1
624	561	1
651	561	0
677	562	0
703	561	0
727	561	0
751	561	0
773	561	1
799	561	1
824	561	0
845	561	0
871	561	1
892	561	0
916	561	0
940	561	0
962	561	1
983	561	1
1006	561	0
1029	561	0
6	579	0
31	579	0
57	579	1
79	579	1
104	579	1
127	579	1
152	579	1
178	579	1
204	579	1
228	579	1
251	579	1
274	579	1
297	579	0
320	579	0
343	579	0
367	579	0
392	579	0
418	579	0
444	579	1
469	579	1
495	579	1
523	579	1
549	579	1
574	579	1
599	579	1
624	579	1
651	579	1
678	579	1
703	579	0
727	579	1
751	579	1
773	579	1
799	579	1
823	579	0
845	579	0
871	579	1
892	579	0
916	579	0
940	579	1
962	579	0
983	579	0
1006	579	0
1029	579	0
6	598	0
31	598	0
57	598	0
79	598	0
104	598	1
127	598	1
152	598	1
178	598	1
204	598	1
228	598	1
251	598	1
274	598	1
297	598	1
320	598	0
343	598	0
367	598	0
392	598	0
418	598	0
444	598	0
469	598	0
495	598	0
523	598	0
549	598	1
574	598	1
599	598	1
624	598	1
651	598	1
678	598	1
703	598	1
727	598	1
751	598	1
773	598	1
799	598	1
823	598	0
845	598	0
871	598	0
892	598	0
916	598	1
940	598	1
962	598	0
983	598	0
1006	598	1
1029	598	0
6	617	0
31	617	0
57	617	0
79	617	0
104	617	0
127	617	0
152	617	0
178	617	1
204	617	1
228	617	1
251	617	1
274	617	1
297	617	1
320	617	1
343	617	0
370	618	0
392	618	0
418	617	0
444	617	0
469	617	0
495	617	0
523	617	0
549	617	1
574	617	1
599	617	1
624	617	1
651	617	1
678	617	1
703	617	1
727	617	1
751	617	1
773	617	1
799	617	1
823	617	0
845	617	0
871	617	0
892	617	0
916	617	0
940	617	0
962	617	0
983	617	1
1006	617	1
1029	617	1
6	640	1
31	640	1
57	640	0
79	640	0
104	640	0
127	640	0
152	640	0
178	640	0
204	640	0
228	640	0
251	640	1
274	640	1
297	640	1
320	640	1
343	640	1
367	640	1
392	640	1
418	640	1
444	640	1
469	640	1
495	640	0
523	640	0
549	640	0
574	640	0
599	640	0
624	640	0
651	640	0
678	640	1
703	640	1
727	640	1
751	640	1
773	640	1
799	640	1
823	640	1
845	640	1
871	640	0
892	640	1
916	640	0
940	640	0
962	640	0
983	640	0
1006	640	0
1029	640	1
6	658	1
31	658	1
57	658	1
79	658	1
104	658	1
127	658	0
152	658	0
178	658	0
204	658	0
228	658	0
251	658	0
274	658	0
297	658	1
320	658	1
343	658	1
367	658	1
392	658	1
418	658	1
444	658	1
469	658	1
495	658	1
523	658	1
549	658	0
574	658	0
599	658	0
624	658	0
651	658	0
678	658	0
703	658	0
727	658	0
751	658	1
773	658	1
799	658	1
823	658	1
845	658	0
871	658	0
892	658	1
916	658	1
940	658	0
962	658	0
983	658	0
1006	658	1
1029	658	1
6	677	1
31	677	1
57	677	1
79	677	1
104	677	1
127	677	1
152	677	0
177	683	1
204	677	0
228	677	0
251	677	0
274	677	0
297	677	0
320	677	0
343	677	0
367	677	1
392	677	1
418	677	1
444	677	1
469	677	1
495	677	1
523	677	1
549	677	1
574	677	1
599	677	1
624	677	0
651	677	0
678	677	0
703	677	0
727	677	0
751	677	0
773	677	0
799	677	0
823	677	0
845	677	0
871	677	0
892	677	0
916	677	0
940	677	1
962	677	1
983	677	1
1006	677	1
1029	677	1
