20	9	1
44	9	1
67	9	1
91	9	1
115	9	1
139	9	1
162	9	1
183	9	1
207	7	0
231	9	0
250	5	0
280	6	0
302	9	0
328	9	0
351	9	0
374	9	1
399	9	1
424	9	1
447	9	1
471	9	1
497	9	1
523	9	0
547	9	0
570	9	0
595	9	0
620	9	0
644	9	0
663	16	1
693	9	1
720	9	1
744	9	1
771	16	1
795	19	1
815	18	1
840	9	1
864	9	1
883	9	1
904	9	1
930	9	0
952	9	0
975	9	0
999	8	0
1013	9	0
1029	9	0
20	33	0
44	33	1
67	33	1
91	33	1
115	33	1
139	33	1
162	33	1
183	33	1
205	33	1
229	33	1
252	33	1
278	33	1
302	33	1
328	33	1
351	33	1
374	33	1
399	33	0
424	33	1
447	33	1
471	33	1
497	33	1
523	33	1
547	33	1
570	33	1
595	33	0
620	33	0
644	33	0
668	33	0
693	33	0
720	33	0
744	33	0
768	35	0
787	37	0
816	33	0
840	33	0
864	43	1
890	40	1
908	40	1
930	33	1
952	33	1
975	33	1
996	33	1
1013	33	1
1029	33	1
20	71	1
44	71	1
67	71	1
91	71	1
115	71	0
139	71	0
162	71	0
183	71	0
205	71	0
229	71	0
252	71	1
278	71	1
302	71	1
328	71	1
351	71	1
374	71	1
399	71	1
424	71	1
447	71	1
473	63	1
498	61	1
519	59	1
547	59	0
575	59	0
596	62	0
621	63	0
646	64	0
667	71	0
693	71	0
720	71	0
744	71	0
767	71	0
791	71	0
816	71	0
840	71	0
864	71	0
883	71	0
904	71	0
930	71	0
952	71	0
975	71	1
996	71	1
1015	66	1
1034	58	1
20	106	1
44	106	1
67	106	1
91	106	1
115	106	1
139	106	1
162	106	1
183	106	1
205	106	1
229	106	1
252	106	1
278	106	1
302	106	0
328	106	0
351	106	0
374	106	0
399	106	0
424	106	0
447	106	0
471	106	0
491	102	1
522	90	1
549	82	1
575	84	0
597	85	0
615	113	1
644	97	0
667	106	0
693	106	0
720	106	0
744	106	0
767	106	0
791	106	0
816	106	0
840	106	0
864	106	0
883	106	0
904	106	0
930	106	0
952	106	0
975	106	0
996	106	0
1013	106	0
1029	106	0
20	136	0
44	136	0
67	136	0
91	136	0
115	136	0
139	136	1
162	136	1
183	136	1
205	136	1
229	136	1
252	136	1
278	136	1
302	136	1
328	136	1
351	136	1
374	136	1
399	136	1
424	136	1
447	136	0
471	136	0
497	136	0
523	136	0
547	136	0
570	136	0
589	137	0
619	144	1
644	136	1
667	136	1
693	136	1
720	136	1
744	136	1
767	136	0
791	136	0
816	136	0
840	136	0
864	136	0
883	136	0
904	136	0
930	136	0
952	136	0
975	136	0
996	136	0
1013	136	0
1029	136	0
20	178	1
44	178	1
67	178	1
91	178	1
115	178	1
139	178	1
162	178	1
187	177	0
205	178	0
229	178	0
252	178	0
278	178	0
302	178	0
328	178	0
350	171	1
374	172	1
399	178	1
424	178	1
447	178	1
471	178	1
497	178	1
523	178	1
547	178	1
570	178	1
595	178	1
620	178	0
644	178	0
667	178	0
693	178	0
715	179	0
735	181	1
758	175	1
787	167	1
813	165	1
836	161	1
871	159	0
892	159	0
908	159	0
928	159	0
949	159	0
974	156	0
991	157	0
1013	160	0
1027	163	0
18	205	0
44	202	1
67	202	1
91	202	1
115	202	1
139	202	1
162	202	1
183	202	1
205	202	1
229	202	1
252	202	1
278	202	1
302	202	1
328	202	1
351	202	1
374	202	0
399	202	0
424	202	0
447	202	1
471	202	1
497	202	1
523	202	1
547	202	1
570	202	1
595	202	1
620	202	0
644	202	0
667	202	0
693	202	0
720	202	0
744	202	0
767	202	0
791	202	0
817	199	1
837	192	1
862	192	1
887	190	1
907	188	1
932	181	1
967	185	1
959	210	1
987	206	1
1013	202	1
1029	202	1
14	237	1
40	237	1
59	236	1
91	236	0
115	236	0
139	236	0
162	236	0
183	236	0
207	235	1
229	236	1
252	236	1
278	236	1
302	236	1
328	236	1
351	236	1
374	236	1
399	236	1
424	228	1
448	227	1
468	224	1
490	251	1
514	247	1
546	243	1
567	243	1
595	236	1
616	237	1
644	236	0
667	236	0
693	236	0
720	236	0
744	236	0
767	236	0
791	236	0
816	236	0
840	236	0
864	236	0
883	236	0
904	236	0
930	236	0
952	236	0
975	236	0
996	236	0
1013	236	0
1029	236	0
20	268	1
44	268	1
67	268	1
91	268	1
115	268	1
139	268	1
162	268	1
183	268	1
205	268	1
229	268	1
252	268	1
278	268	0
302	268	0
328	268	0
351	268	0
374	268	0
399	268	0
424	268	0
447	268	0
471	268	0
497	268	0
523	267	0
547	268	0
570	268	0
595	268	0
620	268	1
644	268	1
667	268	1
693	268	1
720	268	0
744	268	0
767	268	0
791	268	0
816	268	0
840	268	0
864	268	0
883	268	0
904	268	0
930	268	0
952	268	0
975	268	0
996	268	0
1013	268	0
1029	268	0
20	297	0
44	297	0
67	297	0
91	297	0
115	297	1
139	297	1
162	297	1
183	297	1
205	297	1
229	297	1
252	297	1
278	297	1
302	297	1
328	297	1
351	297	1
374	297	1
399	297	1
424	297	1
447	297	1
471	297	0
497	297	0
523	297	0
547	297	0
570	297	0
595	297	0
620	297	0
644	297	0
667	297	0
693	297	1
720	297	1
744	297	1
767	297	1
791	297	1
816	297	1
840	297	0
864	297	0
883	297	0
904	297	0
930	297	0
952	297	0
975	297	0
996	297	0
1013	297	0
1029	297	0
20	335	1
44	335	1
67	335	1
91	335	1
115	335	1
139	335	1
162	335	0
183	335	0
203	336	0
229	335	0
252	335	0
278	335	0
302	335	0
328	335	1
351	335	1
374	335	1
399	335	1
424	335	1
447	335	1
471	335	1
497	335	1
523	335	1
547	335	1
570	335	0
595	335	0
620	335	0
644	335	0
667	335	0
693	335	0
720	335	0
744	335	0
767	335	0
791	335	0
816	335	1
840	335	1
864	335	1
883	335	1
904	335	1
930	335	1
952	335	1
975	335	1
996	335	1
1013	335	1
1029	335	1
20	367	1
44	367	1
67	367	1
91	367	1
115	367	1
139	367	1
162	367	1
183	367	1
205	367	1
229	367	1
252	367	1
278	367	1
302	367	1
328	367	1
351	367	0
374	367	0
402	366	0
423	366	0
451	365	0
474	367	0
498	367	0
523	367	0
547	367	0
570	367	0
595	367	0
620	367	0
644	367	0
667	367	0
693	367	0
720	367	0
744	367	0
767	367	0
791	367	0
816	367	0
840	367	0
864	367	0
883	367	0
904	367	0
930	367	0
952	367	0
975	367	0
996	367	0
1013	367	1
1029	367	1
20	392	1
44	392	1
67	392	0
91	392	0
115	392	0
139	395	0
162	392	0
183	392	0
205	392	1
229	392	1
252	392	1
278	392	1
302	392	1
328	392	1
351	392	1
374	392	1
399	392	1
424	392	1
449	385	1
474	384	1
497	392	1
523	392	1
547	392	1
570	392	1
595	392	1
620	392	1
644	392	1
670	391	0
693	392	0
720	392	0
744	392	0
767	392	0
791	392	0
816	392	0
840	392	0
864	392	0
883	392	0
904	392	0
930	392	0
952	392	0
975	392	0
996	392	0
1013	392	0
1029	392	1
20	423	1
44	423	1
67	423	1
91	423	1
115	423	1
139	423	1
162	423	1
183	423	1
205	423	1
229	423	1
252	423	0
278	423	0
304	424	0
328	420	0
347	423	0
374	423	0
399	423	0
424	423	0
447	423	1
471	423	1
497	423	1
523	423	1
547	423	1
570	419	1
599	418	1
626	434	1
648	431	1
672	431	1
694	431	1
724	430	1
744	423	1
767	423	1
791	423	0
816	423	0
840	423	0
864	423	0
883	423	0
904	423	0
930	423	0
952	423	0
975	423	0
996	423	0
1013	423	0
1029	423	0
20	463	0
44	463	0
67	463	0
91	463	1
115	463	1
139	463	1
162	463	1
183	463	1
205	463	1
229	463	1
252	463	1
278	463	1
302	463	1
328	463	1
351	463	1
374	463	1
399	463	1
424	463	1
447	463	1
471	463	0
497	463	0
523	463	0
547	463	0
570	463	0
595	463	0
620	463	0
644	463	0
667	463	0
693	463	0
720	463	0
744	463	0
767	463	1
791	463	1
816	463	1
840	463	1
864	463	1
883	463	1
904	463	0
930	463	0
952	463	0
975	463	0
995	461	0
1012	464	0
1029	463	0
20	493	1
44	493	1
67	493	1
91	493	1
115	493	1
139	493	1
162	493	0
183	493	0
205	493	0
227	492	0
251	492	0
278	491	0
302	493	0
328	493	1
351	493	1
374	493	1
399	493	1
424	493	1
447	493	1
471	493	1
497	493	1
523	493	1
547	493	1
570	493	1
595	493	0
620	493	0
644	493	0
667	493	0
693	493	0
720	493	0
744	493	0
767	493	0
791	493	0
816	493	0
840	493	0
864	493	1
883	493	1
904	493	1
930	493	1
952	493	1
975	493	1
996	493	1
1013	493	1
1029	493	1
20	519	1
44	519	1
67	519	1
91	519	1
115	519	1
139	519	1
162	519	1
183	519	1
205	519	1
229	519	1
252	519	1
278	519	1
302	519	1
328	519	1
351	522	0
374	519	0
399	519	0
424	519	0
447	519	0
471	519	0
497	519	0
523	519	0
547	519	0
570	520	0
596	517	0
620	519	0
644	519	0
667	519	0
693	519	0
720	519	0
744	519	0
767	519	0
791	519	0
816	519	0
840	519	0
864	519	0
883	523	0
905	522	0
930	519	0
952	519	0
975	519	1
996	519	1
1013	519	1
1029	519	1
20	556	1
44	556	0
67	556	0
91	556	0
115	556	0
139	556	0
162	556	0
183	556	1
205	556	1
229	556	1
252	556	1
278	556	1
302	556	1
328	556	1
351	556	1
374	556	1
399	556	1
424	556	1
447	556	1
471	556	1
497	556	1
523	556	1
547	556	1
570	556	1
595	556	1
620	556	1
644	556	1
667	556	1
693	556	1
720	556	1
744	556	0
767	556	0
791	556	0
816	556	0
840	556	0
864	556	0
883	556	0
904	556	0
930	556	0
952	556	0
975	556	0
996	556	0
1013	556	0
1029	556	0
20	587	1
44	587	1
67	587	1
91	587	1
115	587	1
139	587	1
162	587	1
183	587	1
205	587	1
229	587	1
252	589	0
278	587	0
302	587	0
328	587	0
351	587	0
374	587	0
399	587	1
424	587	1
447	587	1
471	587	1
497	587	1
523	587	1
547	587	1
570	587	1
595	587	1
620	587	1
644	587	1
667	587	0
693	587	0
720	587	1
744	587	1
767	587	1
791	587	1
816	587	1
840	587	1
864	587	1
883	587	0
906	587	0
930	587	0
952	587	0
975	587	0
996	587	0
1013	587	0
1029	587	0
20	626	0
44	626	0
65	627	0
91	626	1
115	626	1
139	626	1
162	626	1
183	626	1
205	626	1
229	626	1
252	626	1
278	626	1
302	626	1
328	626	1
351	626	1
374	626	1
399	626	1
424	626	0
447	626	0
471	623	0
494	627	0
518	622	0
551	620	0
573	623	0
595	626	0
620	626	0
644	626	0
667	626	0
693	626	0
720	626	0
744	626	0
767	626	0
791	626	0
816	626	1
840	626	1
864	626	1
883	626	1
904	626	1
930	626	1
952	626	1
975	626	1
996	626	1
1013	626	1
1029	626	1
20	660	1
44	660	1
67	660	1
91	660	1
115	660	1
139	660	0
162	660	0
183	660	0
205	660	0
229	660	0
252	660	0
278	660	1
302	660	1
328	660	1
351	660	1
374	660	1
399	660	1
424	660	1
447	660	1
470	656	1
497	651	1
526	651	1
549	645	1
573	650	0
595	653	0
623	647	0
649	647	0
667	660	0
693	660	0
720	660	0
744	660	0
767	660	0
791	660	0
816	660	0
840	660	0
864	660	0
883	660	0
904	660	0
930	660	1
952	660	1
975	660	1
996	660	1
1013	660	1
1029	660	1
20	682	1
44	682	1
67	682	1
91	682	1
115	682	1
139	682	1
162	682	1
183	682	1
205	682	1
229	682	1
252	682	1
278	682	1
302	682	1
328	682	0
351	682	0
374	682	0
399	682	0
424	682	0
447	682	0
471	682	0
497	682	0
523	682	0
547	682	1
573	675	1
598	675	1
623	673	1
652	669	1
667	682	0
693	682	0
720	682	0
744	682	0
767	682	0
791	682	0
816	682	0
840	682	0
864	682	0
883	682	0
904	682	0
930	682	0
952	682	0
975	682	0
996	682	0
1013	682	0
1029	682	0
