15	3	1
39	3	0
63	7	0
90	3	1
115	3	1
141	3	1
167	3	1
195	3	1
217	3	1
243	3	1
267	3	1
294	3	1
314	3	1
338	3	1
363	3	1
390	3	1
414	3	0
441	3	0
467	3	0
490	5	0
517	3	0
538	3	0
563	3	0
589	3	1
615	3	1
645	3	1
674	3	1
703	3	1
730	3	1
761	3	1
784	3	1
811	3	1
838	3	1
865	3	1
899	8	0
920	3	0
947	3	0
973	3	0
1001	3	0
1024	3	0
15	42	1
39	42	1
62	42	1
90	42	1
115	42	0
14	7	1
167	42	0
195	42	0
217	42	0
243	42	0
266	45	0
294	42	1
314	42	1
338	42	1
363	42	1
390	42	1
414	42	1
441	42	1
467	42	1
488	42	1
517	42	1
538	42	1
563	42	1
589	42	1
615	42	0
645	42	0
674	42	0
703	42	0
730	42	0
761	42	0
784	42	1
811	42	1
838	42	1
865	42	1
896	42	1
920	42	1
947	42	1
973	42	1
1001	42	1
1024	42	1
15	69	1
39	69	1
62	69	1
90	69	1
115	69	1
141	69	1
167	69	1
195	69	1
217	69	1
243	69	1
267	69	1
294	69	0
314	69	0
337	68	0
361	71	0
383	68	0
419	67	0
440	70	0
469	69	0
494	69	1
517	69	1
538	69	1
563	69	1
589	69	1
615	69	1
645	69	1
674	69	1
703	69	1
730	69	1
761	69	1
784	69	1
811	69	0
838	69	0
865	69	0
896	69	0
920	69	0
948	71	0
973	69	0
1001	69	1
1024	69	1
12	112	0
40	111	0
61	111	0
90	108	0
115	103	0
141	103	0
167	103	0
195	103	1
217	103	1
243	103	1
267	103	1
294	103	1
314	103	1
338	103	1
363	103	1
390	103	1
414	103	1
441	103	1
467	103	1
488	103	1
517	103	0
538	103	0
563	103	0
589	103	0
615	103	0
645	103	0
674	103	1
703	103	1
730	103	1
761	103	1
784	103	1
811	103	1
838	103	1
865	103	1
896	103	1
920	103	1
947	103	1
973	103	1
1001	103	1
1024	103	0
10	153	1
38	149	1
60	148	1
91	148	1
114	148	1
142	147	1
167	138	1
195	138	0
217	138	0
243	138	0
267	138	0
294	138	0
314	138	0
338	138	0
363	138	0
390	138	1
414	138	1
441	138	1
467	138	1
488	138	1
517	138	1
538	138	1
563	138	1
589	138	1
615	138	1
645	138	1
674	138	1
703	138	0
730	138	0
761	138	0
784	138	0
811	138	0
838	138	0
865	138	1
896	138	1
920	138	1
947	138	1
973	138	1
1001	138	1
1024	138	1
11	183	0
39	179	0
60	180	1
90	178	1
113	179	1
139	177	1
170	173	1
196	174	1
217	167	1
243	167	1
267	167	1
294	167	1
314	167	1
338	167	1
363	167	1
390	167	0
414	167	0
439	167	0
465	167	0
487	166	0
512	163	0
534	165	0
562	167	0
589	167	1
615	167	1
645	167	1
674	167	1
703	167	1
730	167	1
761	167	1
784	167	1
811	167	1
838	167	1
865	167	1
896	167	1
920	167	0
947	167	0
973	167	0
1001	167	0
1024	167	0
11	209	1
38	208	1
58	206	1
91	208	0
115	203	0
142	205	0
166	206	0
195	203	0
217	198	0
243	198	0
267	198	0
294	198	1
314	198	1
338	198	1
363	198	1
390	198	1
414	198	1
441	198	1
467	198	1
488	198	1
517	198	1
538	198	1
563	198	1
589	198	0
615	198	0
645	198	0
674	198	0
703	198	0
730	198	0
761	198	0
784	198	1
811	198	1
838	198	1
865	198	1
896	198	1
920	198	1
947	198	1
973	198	1
1001	198	1
1024	198	1
13	245	1
42	242	1
62	241	1
91	240	1
113	239	1
143	239	1
169	238	1
193	238	1
211	235	1
243	229	1
267	229	1
294	229	0
314	229	0
338	229	0
363	231	0
390	229	0
414	229	0
441	229	0
471	225	1
491	222	1
517	222	1
538	226	1
563	229	1
589	229	1
615	229	1
645	229	1
674	229	1
703	229	1
730	229	1
761	229	1
784	229	1
811	229	0
838	229	0
865	229	0
896	229	0
920	229	0
947	229	0
973	229	0
1001	229	1
1024	229	1
12	276	0
40	273	0
60	275	0
89	273	0
117	272	0
142	273	0
168	272	1
192	272	1
222	269	1
243	270	1
267	268	1
290	268	1
314	267	1
338	260	1
363	260	1
390	260	1
414	260	1
441	260	1
467	260	1
488	260	0
517	260	0
538	260	0
563	260	0
589	260	0
615	260	0
645	260	0
674	260	1
703	260	1
730	260	1
761	260	1
784	260	1
811	260	1
838	260	1
865	260	1
896	260	1
920	260	1
947	260	1
973	260	1
1001	260	0
1024	260	0
15	305	1
39	305	1
62	305	1
90	305	1
115	305	1
141	305	1
167	304	0
195	305	0
217	305	0
243	305	0
267	305	0
294	305	0
314	305	0
338	305	0
363	305	1
390	305	1
414	305	1
441	305	1
467	305	1
488	305	1
517	305	1
538	305	1
563	305	1
589	305	1
615	305	1
645	305	1
674	305	1
703	305	0
730	305	0
761	305	0
784	305	0
811	305	0
838	305	0
865	307	0
896	305	1
920	305	1
947	305	1
973	305	1
1001	305	1
1024	305	1
15	331	0
39	331	0
62	331	1
90	331	1
115	331	1
141	331	1
167	331	1
195	331	1
217	331	1
243	331	1
267	331	1
294	331	1
314	331	1
338	331	1
363	331	1
387	334	0
415	334	0
440	335	0
465	335	0
487	335	0
516	333	0
538	331	0
563	331	1
589	331	1
615	331	1
645	331	1
674	331	1
703	331	1
730	331	1
761	331	1
784	331	1
811	331	1
838	331	1
865	331	1
896	331	0
920	331	0
947	331	0
973	331	0
1001	331	0
1024	331	0
15	358	1
39	358	1
62	358	0
90	358	0
115	358	0
141	358	0
167	358	0
195	358	0
217	358	0
243	358	1
267	358	1
294	358	1
314	358	1
338	358	1
363	358	1
390	358	1
414	358	1
441	358	1
467	358	1
488	358	1
517	358	1
538	358	1
563	358	1
589	358	0
615	358	0
645	358	0
674	358	0
703	358	0
730	358	0
761	358	0
784	358	1
811	358	1
838	358	1
865	358	1
896	358	1
920	358	1
947	358	1
973	358	1
1001	358	1
1024	358	1
15	392	1
39	392	1
62	392	1
90	392	1
115	392	1
141	392	1
167	392	1
195	392	1
217	392	1
243	392	1
267	392	0
294	392	0
314	392	0
338	392	0
363	392	0
390	392	0
414	392	0
441	392	0
467	392	1
488	392	1
517	392	1
538	392	1
563	392	1
589	392	1
615	392	1
645	392	1
674	392	1
703	392	1
730	392	1
761	392	1
784	392	0
811	392	0
838	392	0
865	392	0
896	392	0
920	392	0
947	392	0
973	392	0
1001	392	1
1024	392	1
11	426	0
37	428	0
63	431	0
90	427	0
115	427	0
141	426	1
167	426	1
195	426	1
217	426	1
243	426	1
267	426	1
294	426	1
314	426	1
338	426	1
363	426	1
390	426	1
414	426	1
441	426	1
467	426	0
488	426	0
517	426	0
538	426	0
563	426	0
589	426	0
617	425	0
645	426	0
674	426	1
703	426	1
730	426	1
761	426	1
784	426	1
811	426	1
838	426	1
865	426	1
896	426	1
920	426	1
947	426	1
973	426	0
1001	426	0
1024	426	0
15	457	1
39	457	1
62	457	1
90	457	1
115	457	1
141	457	1
167	457	0
195	457	0
217	457	0
243	457	0
267	457	0
294	457	0
314	457	0
338	457	0
363	457	1
390	457	1
414	457	1
441	457	1
467	457	1
488	457	1
517	457	1
538	457	1
563	457	1
589	457	1
615	457	1
645	457	0
674	457	0
703	457	0
730	457	0
761	457	0
784	457	0
811	457	0
834	463	0
856	459	0
894	463	1
922	464	1
947	457	1
973	457	1
1001	457	1
1024	457	1
15	491	0
39	491	1
62	491	1
90	491	1
115	491	1
141	491	1
167	491	1
195	491	1
217	491	1
243	491	1
267	491	1
294	491	1
314	491	1
338	491	1
363	491	0
390	491	0
414	491	0
441	491	0
467	491	0
488	491	0
517	491	0
538	491	0
563	491	1
589	491	1
615	491	1
645	491	1
674	491	1
703	491	1
730	491	1
761	491	1
784	491	1
811	491	1
838	491	1
865	491	0
896	491	0
920	491	0
947	491	0
973	491	0
1001	491	0
1024	491	0
13	530	1
39	531	1
62	520	0
90	525	0
115	522	0
141	520	0
169	522	0
193	524	0
220	524	0
243	520	1
267	520	1
294	520	1
314	520	1
338	520	1
363	520	1
390	520	1
414	520	1
441	520	1
467	520	1
488	520	1
517	520	1
538	520	1
563	520	0
589	520	0
615	520	0
645	520	0
674	520	0
703	520	0
730	520	0
761	520	1
784	520	1
811	520	1
838	520	1
865	520	1
896	520	1
920	520	1
947	520	1
973	520	1
1001	520	1
1024	520	1
15	553	1
39	553	1
62	553	1
90	553	1
115	553	1
141	553	1
167	553	1
195	553	1
217	553	1
243	553	1
267	553	0
294	553	0
314	553	0
338	553	0
363	553	0
390	553	0
414	553	0
441	553	0
467	553	1
488	553	1
517	553	1
538	553	1
563	553	1
589	553	1
615	553	1
645	553	1
674	553	1
703	553	1
730	553	1
763	551	0
787	551	0
811	553	0
838	553	0
865	553	0
896	553	0
920	553	0
948	555	0
973	553	1
1001	553	1
1024	553	1
15	582	1
39	582	1
62	582	1
90	582	1
115	582	1
141	582	1
167	582	1
195	582	1
217	582	1
243	582	1
267	582	0
294	582	0
314	582	0
338	582	0
363	582	0
390	582	0
414	582	0
441	582	0
467	582	0
488	582	0
517	582	0
538	582	0
563	582	0
589	582	0
615	582	0
645	582	1
674	582	1
703	582	1
730	582	1
761	582	1
784	582	1
811	582	1
838	582	1
865	582	1
896	582	1
920	582	1
947	582	0
973	582	0
1001	582	0
1024	582	0
14	620	0
34	622	0
62	623	0
87	620	0
119	616	1
141	611	1
167	611	1
195	611	1
217	611	1
243	611	1
267	611	1
294	611	1
314	611	1
338	611	1
363	611	1
390	611	1
414	611	1
439	607	1
467	611	0
488	611	0
517	611	0
538	611	0
563	611	0
589	611	0
615	611	0
645	611	1
674	611	1
703	611	1
730	611	1
761	611	1
784	611	1
811	611	1
838	611	1
865	611	1
896	611	1
920	611	1
947	611	0
973	611	0
1001	611	0
1024	611	0
15	647	1
39	647	1
62	647	1
90	647	1
115	647	1
135	648	1
167	647	0
195	647	0
217	647	0
243	647	0
267	647	0
294	647	0
315	645	0
338	647	1
363	647	1
390	647	1
414	647	1
441	647	1
467	647	1
488	647	1
517	647	1
538	647	1
563	647	1
589	647	1
613	641	1
643	645	0
674	647	0
703	647	0
730	647	0
757	647	0
783	647	0
810	647	0
838	647	1
865	647	1
896	647	1
920	647	1
947	647	1
973	647	1
1001	647	1
1024	647	1
15	680	1
39	680	1
62	680	1
90	680	1
115	680	1
141	680	1
167	680	1
195	680	1
217	680	1
243	680	1
267	680	1
294	680	1
314	680	1
337	682	0
364	681	0
387	681	0
414	680	0
441	680	0
467	680	0
488	680	0
517	680	0
538	680	0
559	674	1
590	674	1
620	674	1
647	674	1
674	680	1
703	680	1
731	676	1
761	676	1
786	676	1
815	676	1
834	678	1
865	680	0
899	680	0
920	680	0
951	681	0
973	680	0
1003	682	0
1024	680	0
