9	8	1
30	8	1
52	8	1
74	8	0
96	8	0
117	8	1
137	8	1
158	8	1
179	8	1
200	8	0
220	8	0
242	8	0
263	8	0
284	8	0
306	8	0
329	8	0
352	8	0
375	8	0
396	8	0
419	8	0
440	8	0
463	8	0
485	8	1
507	8	1
529	8	1
552	8	1
574	8	0
597	8	0
617	9	0
640	10	0
662	8	1
688	8	1
712	8	1
738	8	1
763	8	1
784	8	0
806	8	0
827	8	0
849	8	0
871	8	0
894	8	0
916	8	0
936	6	0
960	8	0
981	8	0
1003	9	0
1027	8	1
9	25	0
30	25	0
52	25	0
74	25	0
96	25	1
117	25	1
137	25	1
158	25	1
179	25	1
200	25	0
220	25	0
242	25	0
263	25	0
284	25	0
306	25	0
329	25	0
352	25	0
375	25	0
396	25	0
419	25	0
440	25	0
463	25	0
485	25	0
507	25	0
529	25	0
552	25	0
574	25	0
597	25	0
618	25	1
640	25	1
662	25	1
688	25	1
712	25	1
738	25	1
763	25	1
784	25	1
806	25	0
827	25	0
849	25	0
872	24	0
894	25	0
916	25	0
938	25	0
960	25	0
978	25	0
1004	26	0
1027	25	0
9	48	0
30	48	0
52	48	0
74	48	0
96	48	0
117	49	0
137	48	0
158	48	0
179	48	0
200	48	0
220	48	0
242	48	0
263	48	0
284	48	0
306	48	0
329	48	0
352	48	0
375	48	0
396	48	0
419	48	0
440	48	0
463	48	0
485	48	0
507	48	0
529	48	0
552	48	0
574	48	0
597	48	0
618	48	0
640	48	0
662	48	1
688	48	1
712	48	1
738	48	1
763	48	1
784	48	1
806	48	1
827	48	1
849	48	1
871	48	1
894	48	1
915	46	0
940	46	0
959	42	0
980	43	0
1001	42	0
1024	43	0
9	76	0
30	76	0
52	76	0
74	76	0
96	76	0
117	76	0
137	76	0
158	76	0
179	76	0
200	76	1
220	76	1
242	76	1
263	76	1
284	76	1
306	76	0
329	76	0
352	76	0
372	75	0
398	74	0
419	76	0
440	76	0
463	76	0
485	76	0
507	76	0
529	76	0
552	76	0
574	76	0
597	76	0
618	76	0
640	76	0
662	76	0
688	76	0
712	76	0
738	76	1
763	76	1
784	76	1
806	76	1
827	76	1
849	76	1
871	76	1
894	76	1
916	70	1
937	70	1
960	68	1
980	68	1
1002	66	1
1020	68	1
9	106	0
30	106	0
52	106	0
74	106	0
96	106	0
117	106	0
137	106	0
158	106	0
179	106	0
200	106	0
221	105	0
240	106	0
263	106	0
284	106	0
306	106	0
329	106	0
355	114	1
375	101	1
396	97	1
419	106	0
440	106	0
463	106	0
485	106	0
507	106	0
529	106	0
552	106	0
574	106	0
597	106	0
618	106	0
640	106	0
662	106	0
688	106	0
712	106	0
738	106	0
763	106	0
784	106	0
806	106	0
827	106	0
849	106	0
868	102	1
895	102	1
916	100	1
934	99	1
954	98	1
975	98	1
1000	98	1
1026	99	1
9	133	1
30	133	1
52	133	1
74	133	0
96	133	0
117	133	0
137	133	0
158	133	0
179	133	0
200	133	0
220	133	0
242	133	0
263	133	0
284	133	0
306	133	0
329	133	0
350	134	0
376	133	0
396	133	0
419	133	0
440	133	0
459	142	1
483	138	1
504	137	1
529	133	0
552	133	0
574	133	0
597	133	0
618	133	0
640	133	0
662	133	0
688	133	0
712	133	0
738	133	0
763	133	0
784	133	0
806	133	0
827	133	0
849	133	0
871	133	0
894	133	0
916	133	0
938	133	0
960	133	1
981	133	1
1004	133	1
1027	133	1
9	164	0
30	164	0
52	164	0
74	164	0
96	164	0
117	164	0
137	164	0
158	164	0
179	164	0
200	164	0
220	164	0
242	164	0
263	164	0
284	164	0
306	164	0
329	164	0
352	164	0
375	164	0
396	164	0
419	164	0
440	164	0
460	167	0
480	166	0
507	164	0
529	164	0
552	164	0
574	174	1
594	173	1
613	169	1
640	164	1
662	164	1
688	164	1
712	164	1
736	168	1
759	162	0
784	164	0
806	164	0
827	164	0
849	164	0
871	164	0
894	164	0
916	164	0
938	164	0
960	164	0
981	164	0
1004	164	0
1027	162	0
9	195	0
30	195	0
52	195	1
74	195	1
96	195	1
117	195	1
137	195	0
158	195	0
179	195	0
200	195	0
220	195	0
240	196	0
263	195	0
284	195	0
306	195	0
329	195	0
352	195	0
375	195	0
396	195	0
419	195	0
440	195	0
463	195	0
485	195	0
507	195	0
529	195	0
552	195	0
574	195	0
598	195	0
618	195	0
637	195	0
662	195	1
688	195	1
712	195	1
738	195	1
763	195	1
784	195	1
806	195	1
827	195	1
849	195	1
871	195	0
894	195	0
916	193	0
936	192	0
959	188	0
979	190	0
1005	187	0
1024	187	0
9	220	0
30	220	0
52	220	0
74	220	0
96	220	0
117	220	0
137	220	0
158	220	0
179	220	1
200	220	1
220	220	1
242	220	1
263	220	0
284	220	0
306	220	0
329	220	0
352	220	0
375	220	0
396	220	0
419	220	0
440	220	0
463	220	0
485	220	0
507	220	0
529	220	0
552	220	0
574	220	0
597	220	0
618	220	0
640	220	0
662	220	0
689	224	0
712	220	1
738	220	1
763	220	1
784	220	1
806	220	1
827	220	1
849	220	1
871	220	1
894	220	1
916	220	1
939	213	1
961	214	1
984	210	1
1002	215	0
1027	220	0
9	248	0
30	248	0
52	248	0
74	248	0
96	248	0
117	248	0
137	248	0
158	248	0
179	248	0
200	248	0
220	248	0
242	248	0
263	248	0
289	254	1
308	248	1
332	245	1
357	239	1
375	248	0
396	248	0
419	248	0
440	248	0
463	248	0
485	248	0
507	248	0
529	248	0
552	248	0
574	248	0
597	248	0
618	248	0
640	248	0
662	248	0
688	248	0
712	248	0
733	248	0
762	247	0
784	248	0
806	248	1
827	248	1
849	248	1
871	248	1
894	248	1
916	248	1
938	248	1
960	248	1
981	248	1
1004	248	1
1027	248	1
9	280	0
30	280	0
52	280	0
74	280	0
96	280	0
117	280	0
137	280	0
158	280	0
179	280	0
200	280	0
220	280	0
242	280	0
263	280	0
284	280	0
306	280	0
329	280	0
352	280	0
375	280	0
396	280	0
417	293	1
435	285	1
450	275	1
469	271	1
507	280	0
529	280	0
552	280	0
574	280	0
597	280	0
618	280	0
640	280	0
662	280	0
688	280	0
712	280	0
738	280	0
763	280	0
784	280	0
806	280	0
827	280	0
849	280	0
871	280	0
894	280	1
916	280	1
938	280	1
960	280	1
981	280	1
1004	280	1
1027	280	1
11	319	1
29	313	1
52	310	1
70	306	1
86	302	1
117	310	0
137	310	0
158	310	0
180	310	0
200	310	0
220	310	0
242	310	0
263	310	0
284	310	0
306	310	0
329	310	0
352	310	0
375	310	0
396	310	0
420	311	0
440	310	0
463	310	0
485	310	0
507	310	0
529	310	1
552	310	1
574	310	1
597	310	1
618	310	1
640	310	1
662	310	1
688	310	1
712	308	0
736	308	0
760	306	0
780	306	0
800	307	0
827	310	0
849	310	0
871	310	0
894	310	0
916	310	0
938	310	0
960	310	0
981	310	0
1004	310	1
1027	310	1
11	336	0
28	334	0
52	334	0
74	334	0
96	334	0
117	334	0
137	334	1
158	334	1
179	334	1
200	334	1
220	334	0
242	334	0
263	334	0
284	334	0
306	334	0
329	334	0
352	334	0
375	334	0
396	334	0
419	334	0
440	334	0
463	334	0
485	334	0
507	334	0
529	334	0
552	334	0
574	334	0
597	334	1
618	334	1
640	334	1
662	334	1
688	334	1
712	334	1
738	334	1
763	334	1
784	334	1
806	334	1
827	334	0
849	333	0
871	334	0
894	334	0
915	334	0
938	334	0
960	334	0
981	334	0
1004	334	0
1027	334	0
9	354	0
30	354	0
52	354	0
74	354	0
96	354	0
117	354	0
137	354	1
158	354	1
179	354	1
200	354	1
220	354	0
242	354	0
263	354	0
284	354	0
306	354	0
329	354	0
352	354	0
375	354	0
396	354	0
419	354	0
440	354	0
463	354	0
485	354	0
507	354	0
529	354	0
552	354	0
574	354	0
597	354	0
618	354	0
640	354	1
662	354	1
688	354	1
712	354	1
738	354	1
763	354	1
784	354	1
806	354	1
827	354	1
849	354	1
871	354	1
894	354	1
916	354	1
938	354	1
960	354	0
981	354	0
1005	354	0
1024	353	0
9	386	0
30	386	0
52	386	0
74	386	0
96	386	0
117	386	0
137	386	0
158	386	0
179	386	0
200	386	0
220	386	0
250	390	1
263	386	1
280	384	1
296	375	1
329	386	0
352	386	0
375	386	0
396	386	0
419	386	0
440	386	0
463	386	0
485	386	0
507	386	0
529	386	0
552	386	0
574	386	0
597	386	0
618	386	0
640	386	0
662	386	0
688	386	0
712	386	0
738	386	0
762	386	0
784	386	1
806	386	1
827	386	1
849	386	1
871	386	1
894	386	1
916	386	1
938	386	1
960	386	1
981	386	1
1004	386	1
1027	386	1
9	418	0
30	418	0
52	418	0
74	418	0
96	418	0
117	418	0
137	418	0
158	418	0
179	418	0
200	418	0
220	418	0
242	418	0
263	418	0
284	418	0
306	418	0
329	418	0
351	425	1
375	418	1
396	418	1
419	418	1
440	418	0
463	418	0
485	418	0
507	418	0
529	418	0
552	418	0
573	418	0
597	418	0
618	418	0
640	418	0
662	418	0
688	418	0
713	419	0
738	418	0
763	418	0
784	418	0
806	418	0
827	418	0
850	416	0
871	418	1
894	418	1
916	418	1
938	418	1
960	418	1
981	418	1
1004	418	1
1027	418	1
7	458	1
26	450	1
52	446	1
74	446	0
96	446	0
117	446	0
137	447	0
158	446	0
179	446	0
200	446	0
220	446	0
242	446	0
263	446	0
284	446	0
306	446	0
329	446	0
352	446	0
375	446	0
396	446	0
419	446	0
440	446	0
463	446	0
485	446	1
507	446	1
529	446	1
552	446	1
574	446	1
597	446	1
618	446	1
640	446	1
662	446	1
688	446	1
712	446	1
738	446	1
763	446	1
784	446	0
806	446	0
827	446	0
849	446	0
871	446	0
894	446	0
917	445	0
937	442	0
960	446	1
981	446	1
1004	446	1
1027	446	1
8	478	0
30	474	0
52	474	0
74	474	1
96	474	1
117	474	1
137	474	1
158	474	1
179	474	0
200	474	0
220	474	0
242	474	0
263	474	0
284	474	0
306	474	0
329	474	0
352	474	0
375	474	0
396	474	0
419	474	0
440	474	0
463	474	0
485	474	0
507	474	0
529	474	0
552	474	1
574	474	1
597	474	1
618	474	1
640	474	1
662	474	1
688	474	1
712	474	1
738	474	1
763	474	1
784	474	1
806	474	1
827	474	1
849	474	1
871	474	1
894	474	1
916	474	0
938	474	0
960	474	0
981	474	0
1004	474	0
1027	474	1
9	497	0
30	497	0
52	497	0
74	497	1
96	497	1
117	497	1
137	497	1
158	497	0
179	497	0
200	497	0
220	497	0
240	495	0
263	497	0
284	497	0
306	497	0
329	497	0
352	497	0
375	497	0
396	497	0
419	497	0
440	497	0
463	497	0
485	497	0
507	497	0
529	497	0
552	497	0
574	497	0
597	497	0
618	497	1
640	497	1
662	497	1
688	497	1
712	497	1
738	497	1
763	497	1
784	497	1
806	497	1
827	497	1
849	497	1
871	497	1
894	497	1
917	496	0
936	497	0
956	494	0
978	493	0
1004	497	0
1027	497	0
9	521	0
30	521	0
52	521	0
74	521	0
96	521	0
117	521	0
137	521	0
158	521	0
179	521	0
200	521	1
220	521	1
242	521	1
263	521	0
284	521	0
306	521	0
329	521	0
352	521	0
375	521	0
396	521	0
419	521	0
440	521	0
463	521	0
485	521	0
507	521	0
529	521	0
552	521	0
574	521	0
597	521	0
618	521	0
640	521	0
662	521	0
688	521	0
712	521	0
738	521	1
763	521	1
784	521	1
806	521	1
827	521	1
849	521	1
871	521	1
894	521	1
916	521	1
938	521	1
960	521	1
981	521	1
1008	520	0
1027	521	0
9	550	0
30	550	0
52	550	0
74	550	0
96	550	0
117	550	0
137	550	0
158	550	0
179	550	0
200	550	0
220	550	0
242	550	0
263	550	0
284	550	0
306	550	0
329	550	1
352	550	1
375	550	0
396	550	0
419	550	0
440	550	0
463	550	0
485	550	0
507	550	0
529	550	0
552	550	0
574	550	0
595	550	0
618	550	0
640	550	0
662	550	0
688	550	0
712	550	0
738	550	0
763	550	0
784	550	0
806	550	1
827	550	1
849	550	1
871	550	1
894	550	1
916	550	1
938	550	1
960	550	1
981	550	1
1004	550	1
1027	550	1
7	596	1
30	582	0
52	582	0
74	582	0
96	582	0
117	582	0
137	582	0
158	582	0
179	582	0
200	582	0
220	582	0
242	582	0
263	582	0
284	582	0
306	582	0
329	582	0
352	582	0
375	582	0
396	582	0
419	582	0
440	582	1
463	582	1
485	582	1
507	582	1
529	582	1
552	582	1
574	582	1
597	582	1
620	581	0
636	581	0
656	581	0
688	582	0
712	582	0
738	582	0
763	582	0
784	582	0
806	582	0
827	582	0
849	582	0
871	582	0
894	582	0
916	582	1
938	582	1
960	582	1
981	582	1
1004	582	1
1027	582	1
8	629	1
31	629	1
49	630	1
66	628	1
92	628	1
117	615	0
137	615	0
158	615	0
179	615	0
200	615	0
220	615	0
242	615	0
263	615	0
284	615	0
306	615	0
329	615	0
352	615	0
375	615	0
396	615	0
419	615	0
440	615	0
463	615	0
485	615	0
507	615	1
529	615	1
552	615	1
574	615	1
597	615	1
618	615	1
640	615	1
662	615	1
688	615	1
712	615	1
741	612	0
761	608	0
782	608	0
804	604	0
827	607	0
843	606	0
867	608	0
894	615	0
916	615	0
938	615	0
956	617	0
985	615	0
1004	615	0
1027	615	1
9	650	0
30	651	0
51	651	0
74	651	0
96	651	0
116	650	0
133	652	0
154	656	1
172	654	1
196	653	1
223	651	0
240	649	0
263	642	0
284	642	0
306	642	0
329	642	0
352	642	0
375	642	0
396	642	0
419	642	0
440	642	0
463	642	0
485	642	0
507	642	0
529	642	0
552	642	0
574	642	1
597	642	1
618	642	1
640	642	1
662	642	1
688	642	1
712	642	1
738	642	1
764	637	1
784	634	1
807	627	1
824	626	1
846	627	1
863	626	1
892	641	0
915	642	0
938	642	0
960	642	0
981	642	0
1004	642	0
1027	642	0
9	674	0
30	674	0
52	674	0
74	674	0
96	674	0
117	674	0
137	674	0
155	678	0
180	677	0
198	677	0
220	674	0
242	674	0
263	674	0
284	674	1
306	674	1
329	674	1
352	674	0
375	674	0
396	674	0
419	674	0
440	674	0
463	674	0
485	674	0
507	674	0
529	674	0
552	674	0
574	674	0
597	674	0
618	674	0
640	674	0
662	674	0
689	676	0
711	676	0
738	674	1
763	674	1
784	674	1
806	674	1
827	674	1
849	674	1
871	674	1
894	674	1
916	674	1
938	674	1
960	674	0
981	674	0
1004	674	0
1027	674	0
