7	11	1
28	11	0
50	11	0
72	5	0
93	7	0
114	7	0
141	11	1
164	11	1
187	11	1
209	11	1
234	11	1
258	11	1
280	11	1
303	11	1
328	11	1
351	11	1
373	11	1
396	11	1
421	11	1
445	11	1
470	11	0
495	11	0
518	11	0
544	11	0
567	11	0
592	11	0
612	17	1
641	19	1
665	22	1
690	23	1
713	23	1
737	25	1
761	21	1
784	21	1
801	20	1
828	23	1
852	22	1
877	19	0
902	18	0
925	11	0
949	11	1
975	11	1
998	11	1
1022	11	1
4	23	0
28	22	0
49	23	0
69	23	1
92	23	1
113	31	1
137	31	1
164	32	0
184	36	0
206	35	0
232	35	0
256	39	0
282	37	0
306	40	1
323	42	1
346	45	1
372	44	1
396	49	1
421	49	1
445	49	1
470	49	1
495	49	1
518	49	1
544	49	1
567	49	1
592	49	1
612	49	1
637	49	1
661	49	1
688	49	0
710	49	0
730	48	0
756	49	0
779	45	0
802	45	0
829	44	0
849	42	0
886	39	0
904	39	0
929	39	0
951	39	0
976	35	0
1002	35	0
1024	31	0
5	46	1
23	51	1
49	53	1
72	56	1
93	56	1
116	58	1
138	60	1
164	61	1
187	62	1
212	63	1
234	68	1
258	68	1
280	68	1
303	68	1
328	68	1
351	68	1
373	68	0
396	68	0
421	68	0
445	68	0
470	68	0
495	68	0
518	68	1
544	68	1
567	68	1
592	68	1
612	68	1
637	68	1
661	68	1
688	68	1
710	68	1
730	68	1
756	68	1
778	68	1
799	63	1
825	62	0
846	58	0
875	55	0
904	54	0
929	54	0
952	55	0
976	52	0
997	52	0
1022	51	0
5	76	1
27	81	1
52	79	1
71	85	0
94	89	0
113	91	0
141	95	0
164	95	0
187	95	0
209	95	0
234	95	1
258	95	1
280	95	1
303	95	1
328	95	1
351	95	1
373	95	1
396	95	1
421	95	1
445	95	1
470	95	1
495	95	1
517	99	1
546	105	1
569	107	1
593	106	0
613	106	0
638	105	0
661	106	0
687	106	0
713	105	0
734	98	1
756	95	1
780	89	1
801	86	1
826	84	1
851	81	1
875	76	1
901	75	1
925	78	1
950	77	0
973	78	0
997	79	0
1023	79	0
7	131	0
28	131	0
55	127	1
73	127	1
95	131	1
118	131	1
141	131	1
164	131	1
187	131	1
209	131	1
234	131	1
258	131	0
280	131	0
303	131	0
328	131	0
351	131	0
373	131	0
396	131	0
421	131	1
445	131	1
470	131	1
495	131	1
518	131	1
544	131	1
567	131	1
592	131	1
612	131	1
637	131	1
661	131	1
688	131	1
710	131	1
730	131	1
756	131	0
778	131	0
799	131	0
825	131	0
851	131	0
877	131	0
903	131	0
928	125	1
947	123	1
973	124	1
999	124	1
1025	121	0
7	161	0
28	161	0
50	161	0
73	161	0
95	161	0
118	161	0
141	161	1
164	161	1
187	161	1
209	161	1
234	161	1
258	161	1
280	161	1
303	161	1
328	161	1
351	161	1
373	161	1
396	161	1
421	161	1
445	161	1
470	161	0
495	161	0
518	161	0
544	161	0
567	161	0
592	161	1
612	161	1
637	161	1
661	161	1
688	161	1
710	161	1
730	161	1
756	161	1
778	161	1
799	161	1
825	161	1
851	161	1
877	161	0
903	161	0
925	161	0
949	161	0
975	161	1
998	161	1
1022	161	1
5	183	1
26	181	1
52	184	1
77	187	1
97	191	1
118	189	0
141	187	0
166	187	0
189	191	0
209	187	0
231	191	0
257	193	0
277	198	0
298	198	1
328	204	1
351	204	1
373	204	1
396	204	1
421	204	1
445	204	1
470	204	1
495	204	1
518	204	1
544	204	1
567	204	1
592	204	1
612	204	1
637	204	1
661	204	0
688	204	0
710	204	0
730	204	0
756	204	0
778	204	0
799	204	0
825	204	0
851	204	0
877	204	0
903	204	0
925	204	1
949	204	0
975	204	0
998	204	0
1022	204	0
5	205	1
31	205	1
51	204	1
75	205	1
97	203	1
125	207	1
141	206	1
165	207	0
186	208	1
205	207	1
232	214	1
256	218	1
279	216	1
299	223	1
325	229	1
353	227	0
370	230	0
394	231	0
421	231	0
445	238	0
472	233	0
495	238	1
518	238	1
544	238	1
567	238	1
592	238	1
612	238	1
637	238	1
661	238	1
688	238	1
710	238	1
730	238	1
756	238	1
778	238	0
799	238	0
825	238	0
851	238	0
877	238	0
903	238	0
925	238	0
949	238	0
975	238	0
998	238	0
1022	238	0
6	230	0
29	227	0
50	228	0
71	229	0
91	227	0
116	227	0
143	237	0
162	241	0
185	243	0
214	246	1
237	248	1
257	251	1
282	251	1
303	254	1
327	251	1
349	253	1
372	254	1
396	257	1
421	264	1
445	264	1
470	264	1
495	264	1
518	264	1
544	264	1
567	264	0
592	264	0
612	264	0
637	264	0
661	264	0
684	270	1
709	271	1
729	273	1
757	271	1
785	271	1
801	271	1
825	264	1
851	264	1
877	264	1
903	264	1
925	264	1
949	264	0
975	264	0
998	264	0
1022	264	0
4	250	0
25	250	0
44	247	1
61	249	1
82	252	1
106	259	1
133	259	1
158	263	1
185	267	1
212	271	1
237	276	0
257	279	0
280	280	0
305	279	0
328	283	0
352	283	0
377	287	1
394	291	1
422	292	1
445	298	1
470	298	1
495	298	1
518	298	1
544	298	1
567	298	1
592	298	1
612	298	1
637	298	1
661	298	1
688	298	1
710	298	1
730	298	0
756	298	0
778	298	0
799	298	0
825	298	0
851	298	0
877	298	0
903	298	0
925	298	0
949	298	1
975	298	1
998	298	1
1022	298	1
5	308	1
27	310	1
41	310	1
65	303	0
90	300	0
113	297	1
133	300	1
156	302	1
180	304	1
205	303	1
230	307	1
256	311	1
280	315	1
303	319	1
326	318	1
351	318	1
373	318	1
398	319	1
418	320	1
441	318	0
465	319	0
494	319	0
518	319	0
546	323	0
567	328	1
592	328	1
612	328	1
637	328	1
661	328	1
688	328	1
710	328	1
730	328	1
756	328	1
778	328	1
799	328	1
825	328	0
851	328	0
877	328	0
903	328	0
929	323	0
947	324	0
975	328	0
998	328	0
1022	328	0
7	346	1
28	346	1
50	346	1
73	346	1
90	343	0
118	346	0
142	347	0
162	346	0
187	346	0
209	346	0
234	346	0
258	346	0
280	346	1
303	346	1
328	346	1
351	346	1
373	346	1
396	346	1
421	346	1
445	346	1
470	346	1
495	346	1
518	346	1
544	346	1
567	346	1
592	346	1
612	346	1
637	346	0
661	346	0
688	346	0
710	346	0
730	346	0
756	343	0
778	346	0
799	346	0
825	346	0
851	346	0
877	346	1
903	346	1
925	346	1
949	346	1
975	346	0
998	346	0
1022	346	0
7	377	1
28	377	1
50	377	1
73	377	1
95	377	1
118	377	1
141	377	1
164	377	1
187	377	1
209	377	1
234	377	1
258	377	1
280	377	1
303	377	1
328	377	1
351	377	0
373	377	0
396	377	0
421	377	0
445	377	0
470	377	1
495	377	1
518	377	1
544	377	1
567	377	1
592	377	1
612	377	1
637	377	1
661	377	1
688	377	1
710	377	1
730	377	1
756	377	1
778	377	0
799	377	0
825	377	0
851	377	0
877	377	0
903	377	0
925	377	0
949	377	0
975	377	0
998	377	0
1022	377	0
8	410	0
28	407	0
48	402	0
71	405	0
93	407	0
116	406	0
141	411	0
167	411	1
186	413	1
209	418	1
234	418	1
258	418	1
280	418	1
303	418	1
328	418	1
351	418	1
373	418	1
396	418	1
421	418	1
445	418	1
470	418	1
495	418	1
518	418	0
544	418	0
567	418	0
592	418	0
612	418	0
637	418	0
661	418	0
688	418	1
710	418	1
730	418	1
756	418	1
778	418	1
799	418	1
825	418	1
851	418	1
877	412	1
906	411	0
931	407	0
951	401	0
973	401	0
997	399	0
1026	398	0
6	429	0
26	427	0
49	424	1
69	423	1
94	423	1
114	432	1
138	439	1
159	439	1
185	442	1
208	438	0
231	438	0
256	440	0
281	440	0
304	443	0
328	450	0
351	450	1
373	450	1
396	450	1
421	450	1
445	450	1
470	450	1
495	450	1
518	450	1
544	450	1
567	450	1
592	450	1
612	450	1
637	450	1
661	450	1
688	450	0
710	450	0
730	450	0
756	450	0
778	450	0
799	450	0
825	450	0
851	450	0
877	450	0
898	446	0
924	436	0
945	435	1
973	430	1
996	424	1
1022	428	1
7	476	1
28	476	1
50	476	1
73	476	0
95	476	0
118	476	1
141	476	1
164	476	1
187	476	1
209	476	1
234	476	1
258	476	1
280	476	1
303	476	1
328	476	1
351	476	1
373	476	1
393	484	1
421	476	0
445	476	0
470	476	0
495	476	0
518	476	0
544	476	1
567	476	1
592	476	1
612	476	1
637	476	1
661	476	1
688	476	1
710	476	1
730	476	1
756	476	1
778	476	1
799	476	1
825	476	1
851	476	0
877	476	0
903	476	0
925	476	0
947	470	0
969	468	0
996	463	0
1026	459	1
7	517	1
28	517	1
50	517	1
73	517	0
95	517	0
118	517	0
141	517	0
164	517	0
187	517	0
209	517	0
234	517	0
258	517	1
280	517	1
303	517	1
328	517	1
351	517	1
373	517	1
396	517	1
421	517	1
445	517	1
470	517	1
495	517	1
518	517	1
544	517	1
567	517	1
592	517	1
612	517	0
637	517	0
661	517	0
688	517	0
710	517	0
730	517	0
756	517	0
778	517	0
799	517	0
821	509	1
851	509	1
875	507	1
900	503	1
922	502	1
951	502	0
975	499	0
1006	501	0
1033	501	0
7	554	0
28	554	0
50	554	1
73	554	1
95	554	1
118	554	1
141	554	1
164	554	1
187	554	1
209	554	1
234	554	1
258	554	1
280	554	1
303	554	1
328	555	0
351	554	0
373	548	0
396	551	0
421	551	0
445	554	1
470	554	1
495	554	1
518	554	1
544	554	1
567	554	1
592	554	1
612	554	1
637	554	1
661	554	1
688	554	1
710	554	1
730	554	1
756	554	0
778	554	0
799	554	0
825	554	0
851	554	0
877	554	0
903	554	0
925	554	0
949	554	0
975	554	0
998	554	0
1022	554	0
13	574	0
26	573	0
46	576	0
74	576	0
93	578	0
117	578	0
141	582	0
166	576	1
189	575	1
213	577	1
233	579	1
258	582	1
280	582	1
303	582	1
328	582	1
351	582	1
373	582	1
396	582	1
421	582	1
445	582	1
470	582	1
495	582	0
518	582	0
544	582	0
567	582	0
592	582	0
612	582	0
637	582	1
661	582	1
688	582	1
710	582	1
730	582	1
756	582	1
778	582	1
799	582	1
825	582	1
851	582	1
877	582	0
903	582	0
925	582	1
949	582	1
975	582	1
997	578	0
1022	574	0
8	587	0
29	591	0
53	595	1
75	596	1
96	596	1
118	596	1
141	598	1
161	603	1
188	599	0
211	597	0
237	601	0
256	605	0
277	605	0
301	608	0
328	615	1
351	615	1
373	615	1
396	615	1
421	615	1
445	615	1
470	615	1
495	615	1
518	615	1
544	615	1
567	615	1
592	615	1
612	615	1
637	615	1
661	615	1
688	615	0
710	615	0
729	614	0
759	615	0
778	615	0
800	617	0
825	615	0
851	615	0
877	615	0
903	615	0
925	615	0
949	615	1
974	609	1
1001	607	1
1028	600	1
2	627	1
29	629	1
49	627	1
73	629	1
97	631	1
120	627	1
137	628	1
160	624	1
186	624	1
209	624	1
233	624	1
258	628	1
281	631	1
306	635	1
328	635	1
351	640	1
373	640	1
396	640	0
421	640	0
445	640	0
470	640	0
492	641	0
518	641	0
544	640	1
567	640	1
592	640	1
612	640	1
637	640	1
661	640	1
688	640	1
710	640	1
730	640	1
756	640	1
778	640	1
799	640	1
825	640	1
851	640	0
875	639	0
901	639	0
926	637	0
948	636	0
975	640	0
998	640	0
1022	640	0
7	659	0
25	659	1
49	659	1
73	663	0
93	664	0
113	666	0
136	663	0
162	663	0
188	657	0
209	659	0
230	661	0
257	663	1
279	662	1
302	668	1
329	667	1
353	667	1
375	667	1
394	669	1
420	667	1
444	671	1
470	675	1
495	675	1
518	675	1
544	675	1
567	675	1
592	675	0
609	674	0
638	677	0
661	675	0
688	675	0
710	675	0
730	675	0
756	675	1
778	675	1
799	675	1
825	675	1
851	675	1
877	675	1
903	675	1
928	670	1
958	668	1
975	675	0
998	675	0
1022	675	0
