6	10	0
28	10	0
45	10	1
75	10	0
98	10	0
123	10	0
148	20	1
165	16	1
192	15	1
220	10	0
244	10	0
268	10	0
292	10	0
316	10	0
339	10	0
363	10	0
387	10	0
412	10	0
436	10	0
461	10	0
486	10	0
511	10	1
536	10	0
560	10	0
584	10	0
610	10	0
634	10	1
657	10	1
683	10	1
707	10	1
732	10	1
756	10	1
780	10	1
804	10	1
828	10	1
850	10	1
872	10	1
895	10	1
920	10	1
949	10	1
972	10	0
1000	10	0
1025	10	0
6	34	0
28	34	0
51	34	0
75	34	0
98	34	0
123	34	0
147	34	0
172	34	0
196	34	0
220	34	0
244	34	0
268	34	1
292	34	1
316	34	1
339	34	1
363	34	1
387	34	1
412	34	1
436	34	0
461	34	0
486	34	0
511	34	0
536	34	0
560	34	0
584	34	0
610	34	0
634	34	0
657	34	0
683	34	0
707	34	0
732	34	1
756	34	1
780	34	1
804	34	1
828	34	1
850	34	1
872	34	1
895	34	1
920	34	1
949	34	1
976	34	1
1000	34	1
1025	34	1
6	67	0
28	67	0
51	67	0
75	67	0
98	67	0
123	67	0
147	67	0
172	67	0
196	67	0
220	67	0
244	67	0
268	67	0
292	67	0
316	67	0
339	67	0
363	67	1
387	67	1
412	67	1
436	67	1
461	67	1
486	67	1
511	67	1
536	67	1
560	67	0
584	67	0
610	67	0
634	67	0
657	67	0
683	67	0
707	67	0
732	67	0
756	67	0
780	67	0
804	67	0
828	67	1
850	67	1
872	67	1
895	67	1
920	67	1
949	67	1
976	62	1
1000	58	1
1021	58	1
6	97	0
28	97	0
50	94	0
75	97	0
98	97	0
123	97	0
147	97	0
172	97	0
196	97	0
220	97	0
244	97	0
268	97	0
292	97	0
316	97	0
339	97	0
362	106	0
392	114	1
412	110	1
438	108	1
461	97	1
486	97	1
511	97	1
536	97	1
560	97	1
584	97	1
610	97	1
634	97	1
657	97	1
683	97	1
707	97	1
732	97	1
757	93	0
781	95	0
804	97	0
828	97	0
850	97	0
872	97	0
895	97	0
920	97	0
956	98	1
976	97	1
1000	97	1
1025	90	1
6	122	1
28	122	1
48	114	1
69	110	1
100	116	0
120	117	0
143	124	0
175	123	0
196	122	0
220	122	0
244	122	0
268	122	0
292	122	0
316	122	0
339	122	0
363	122	0
387	129	0
412	128	0
434	125	0
461	122	0
494	126	1
512	127	1
536	122	1
560	122	1
584	122	1
610	122	1
634	122	1
657	122	1
683	122	1
707	122	1
732	122	1
756	122	1
780	122	1
804	122	0
828	122	0
850	122	0
872	122	0
895	122	0
920	122	0
949	122	0
976	122	0
1000	122	0
1025	122	0
6	145	0
28	145	0
56	150	0
79	157	1
98	145	1
123	145	1
147	145	1
172	145	1
196	145	1
220	145	0
244	145	0
268	145	0
292	145	0
316	145	0
339	145	0
363	145	0
387	145	0
412	145	0
436	145	0
461	145	0
486	145	0
511	145	0
535	148	0
560	145	0
584	145	0
612	162	1
632	155	1
659	148	1
683	145	1
707	145	1
732	145	1
756	145	1
780	145	1
804	145	1
828	145	1
850	145	1
872	145	1
895	145	1
918	142	0
949	142	0
977	141	0
1000	145	0
1025	145	0
6	174	0
28	174	0
51	174	0
75	174	0
98	174	0
123	174	0
147	174	0
172	174	0
196	174	1
220	174	1
244	174	1
268	174	1
292	174	1
316	174	1
339	174	1
363	174	1
387	174	1
412	174	1
436	174	0
461	174	0
486	174	0
511	174	0
536	174	0
560	174	0
584	174	0
610	178	0
634	174	0
657	174	0
683	183	1
706	182	1
734	177	1
756	174	1
780	174	1
804	174	1
828	174	1
850	174	1
872	174	1
898	169	1
921	166	1
949	165	1
975	165	1
997	162	1
1023	159	0
6	199	0
28	199	0
51	199	0
75	199	0
98	199	0
123	199	0
147	199	0
172	199	0
196	199	0
220	199	0
244	199	0
268	199	0
292	199	0
316	199	1
339	199	1
363	199	1
387	199	1
412	199	1
436	199	1
461	199	1
486	199	1
511	199	1
536	199	0
560	199	0
584	199	0
610	199	0
634	199	0
657	199	0
685	202	0
708	201	0
732	199	0
756	199	0
780	199	0
804	199	1
828	199	1
850	199	1
872	199	1
895	199	1
920	199	1
946	191	1
972	187	1
1000	187	1
1025	182	1
6	223	0
28	223	0
51	223	0
75	223	0
98	223	0
123	223	0
147	223	0
172	223	0
196	223	0
220	223	0
244	223	0
268	223	0
292	223	0
316	223	0
339	223	0
366	230	1
387	230	1
412	223	1
436	223	1
461	223	1
486	223	1
511	223	1
536	223	1
560	223	1
584	223	1
610	223	1
634	223	0
657	223	0
683	223	0
707	223	0
732	223	0
756	223	0
780	223	0
804	223	0
828	223	0
850	223	0
872	223	0
895	223	0
920	223	1
949	223	1
975	217	1
999	213	1
1024	213	1
6	258	1
28	258	0
51	258	0
75	258	0
98	258	0
123	258	0
147	258	0
172	258	0
196	258	0
220	258	0
244	258	0
268	258	0
292	258	0
316	258	0
339	258	0
363	258	0
387	258	0
412	258	0
438	278	1
465	271	1
487	268	1
511	258	1
536	258	1
560	258	1
584	258	1
612	253	1
634	253	1
661	250	1
687	250	1
709	247	1
729	248	1
758	246	0
788	244	0
808	248	0
833	250	0
855	251	0
872	258	0
895	258	0
920	258	0
949	258	0
976	258	0
1000	258	0
1025	258	0
6	280	0
28	280	0
51	280	0
75	298	1
97	293	1
119	290	1
147	290	1
172	280	0
196	280	0
220	280	0
244	280	0
268	280	0
292	280	0
316	280	0
339	280	0
363	280	0
388	287	0
416	286	0
437	298	0
462	298	0
488	293	0
510	292	0
535	294	0
556	294	0
585	292	1
610	286	1
633	284	1
657	280	1
683	280	1
707	280	1
732	280	1
756	280	1
780	280	1
804	280	1
828	280	1
850	280	1
872	280	1
895	280	1
920	280	0
949	280	0
976	280	0
1000	280	0
1025	280	0
6	309	0
28	309	0
51	309	0
77	318	0
94	318	0
121	314	0
144	314	0
172	309	0
196	309	0
220	309	1
244	309	1
268	309	1
292	309	1
316	309	1
339	309	1
363	309	1
387	309	0
412	309	0
436	316	0
463	312	0
486	309	0
511	309	0
536	309	0
560	309	0
584	309	1
610	309	0
634	309	0
657	309	1
683	309	1
707	309	1
732	309	1
756	309	1
780	309	1
804	309	1
828	309	1
850	309	1
872	309	1
895	309	1
920	309	1
949	309	1
976	309	1
1000	309	0
1025	309	0
6	335	0
28	335	0
51	335	0
75	335	0
98	335	0
123	335	0
147	335	0
172	335	0
196	335	0
220	335	0
244	335	0
268	335	1
292	335	1
316	335	1
339	335	1
363	335	1
387	335	1
412	335	1
436	335	1
461	335	1
481	336	0
511	335	0
536	335	0
560	335	0
584	335	0
610	335	0
634	335	0
657	335	0
683	335	0
707	335	0
732	335	0
756	335	1
780	335	1
804	335	1
828	335	1
850	335	1
872	335	1
895	335	1
920	335	1
949	335	1
976	335	1
1000	335	1
1025	335	1
6	362	0
28	362	0
51	362	0
75	362	0
98	362	0
123	362	0
147	362	0
172	362	0
196	362	0
220	362	0
244	362	0
268	362	0
292	362	0
316	362	1
339	362	1
363	362	1
387	362	1
412	362	1
436	362	1
461	362	1
486	362	1
511	362	1
536	362	1
560	362	1
584	362	1
610	362	1
634	362	1
657	362	1
683	362	0
707	362	0
732	362	0
756	362	0
780	362	0
804	362	0
828	362	0
850	362	0
872	362	1
895	362	1
920	362	1
949	362	1
976	362	1
1000	362	1
1025	362	1
6	394	0
28	394	0
51	394	0
75	394	0
98	394	0
123	394	0
147	394	0
172	394	0
196	394	0
220	394	0
244	394	0
268	394	0
292	394	0
316	394	0
339	394	0
363	394	0
387	394	0
418	406	1
440	403	1
461	394	1
486	394	1
511	394	1
536	394	1
560	394	1
584	394	1
610	394	1
634	394	1
657	394	1
683	394	1
707	394	1
732	394	1
756	394	1
780	394	1
804	394	1
828	394	1
850	394	0
872	394	0
895	394	0
920	394	0
949	394	0
976	394	0
1000	394	1
1025	394	1
6	420	0
36	430	1
53	422	1
75	420	1
98	420	1
123	420	0
147	420	0
172	420	0
196	420	0
220	420	0
244	420	0
268	420	0
292	420	0
316	420	0
339	420	0
363	420	0
387	420	0
412	420	0
436	424	0
464	422	0
490	422	0
511	420	0
536	420	1
560	420	1
584	420	1
610	420	1
634	420	1
657	420	1
683	420	1
707	420	1
732	420	1
756	420	1
780	420	1
804	420	1
828	420	1
850	420	1
872	420	1
895	420	1
920	420	0
949	420	0
976	420	0
1000	420	0
1025	420	0
6	443	0
28	443	0
53	446	0
74	446	0
100	446	0
123	443	0
147	443	0
172	443	1
196	443	1
220	443	1
244	443	1
268	443	1
292	443	1
317	441	0
339	443	0
363	443	0
387	443	0
412	443	0
436	443	0
461	443	0
486	443	0
511	443	0
536	443	0
560	443	0
584	443	0
610	443	1
634	443	1
657	443	1
683	443	1
707	443	1
732	443	1
756	443	1
780	443	1
804	443	1
828	443	1
850	443	1
872	443	1
895	443	1
920	443	1
949	443	0
976	443	0
1000	443	0
1025	443	0
6	469	0
28	469	0
51	469	0
75	469	0
98	469	0
123	469	0
147	469	0
172	469	1
196	469	1
220	469	1
244	469	1
268	469	1
292	469	1
316	469	1
339	469	1
363	469	1
387	469	1
412	469	1
436	469	0
461	469	0
486	469	0
511	469	0
536	469	0
560	469	0
584	469	0
610	469	0
634	469	0
657	469	0
683	469	0
707	469	0
732	469	1
756	469	1
780	469	1
804	469	1
828	469	1
850	469	1
872	469	1
895	469	1
920	469	1
949	469	1
976	469	1
1000	469	1
1025	469	1
6	498	0
28	498	0
51	498	0
75	498	0
98	498	0
123	498	0
147	498	0
172	498	0
196	498	0
220	498	1
244	498	1
268	498	1
292	498	1
316	498	1
339	498	1
363	498	1
387	498	1
412	498	1
436	498	1
461	498	1
486	498	1
511	498	1
536	498	0
560	498	0
583	494	0
612	497	0
634	498	0
657	498	0
683	498	0
707	498	0
732	498	0
756	498	0
780	498	0
804	498	0
828	498	0
850	498	1
872	498	1
895	498	1
920	498	1
949	498	1
976	498	1
1000	498	1
1025	498	1
6	528	0
28	528	0
51	528	0
75	528	0
98	528	0
123	528	0
147	528	0
172	528	0
196	528	0
220	528	0
244	528	0
268	528	0
292	528	1
316	528	1
339	528	1
363	528	1
387	528	1
412	528	1
436	528	1
461	528	1
486	528	1
511	528	1
536	528	1
560	528	1
584	528	1
610	528	1
634	528	1
657	528	1
683	528	1
707	528	0
732	528	0
756	528	0
780	528	0
804	528	0
828	528	0
850	528	0
872	528	0
895	528	0
920	528	0
949	528	1
976	528	1
1000	528	1
1025	528	1
6	561	1
28	561	1
51	561	1
68	562	1
98	561	0
123	561	0
147	561	0
172	561	0
196	561	0
220	561	0
244	561	0
268	561	0
292	561	0
316	561	0
339	561	0
363	561	0
387	561	1
412	561	1
436	561	1
461	561	1
486	561	1
511	561	1
536	561	1
560	561	1
584	561	1
610	561	1
634	561	1
657	561	1
683	561	1
707	561	1
732	561	1
756	561	1
780	561	1
802	561	0
828	561	0
850	561	0
872	561	0
895	561	0
920	561	0
949	561	0
976	561	0
1000	561	0
1025	561	0
6	586	0
28	586	0
51	586	0
75	586	0
98	586	0
122	591	1
147	586	1
172	586	1
196	586	1
220	586	1
244	586	1
268	586	1
292	586	1
316	586	0
339	586	0
363	586	0
387	586	0
412	586	0
436	586	0
461	586	0
486	586	1
511	586	1
536	586	1
560	586	1
584	586	1
610	586	1
634	586	1
657	586	1
683	586	1
707	586	1
732	586	1
756	586	1
780	586	1
804	586	1
828	586	1
850	586	1
872	586	1
895	586	1
920	585	0
949	586	0
976	586	0
1000	586	0
1025	586	0
6	614	0
28	614	0
51	614	0
75	614	0
98	614	0
123	614	0
147	614	0
172	614	1
196	614	1
220	614	1
244	614	1
268	614	1
292	614	1
316	614	1
339	614	1
363	614	1
387	614	1
412	614	1
436	614	0
461	614	0
484	614	0
511	614	0
536	614	0
560	618	0
585	619	0
613	618	0
634	614	0
657	614	0
683	614	1
707	614	1
732	614	1
756	614	1
780	614	1
804	614	1
828	614	1
850	614	1
872	614	1
895	614	1
920	614	1
949	614	1
976	614	1
1000	614	1
1025	614	1
6	646	0
28	646	0
51	646	0
75	646	0
98	646	0
123	646	0
147	646	0
172	646	0
196	646	0
220	646	1
244	646	1
268	646	1
292	646	1
316	646	1
339	646	1
363	646	1
387	646	1
412	646	1
436	646	1
461	646	1
486	646	1
511	646	1
536	646	1
560	646	0
584	646	0
610	646	0
634	646	0
657	646	0
683	646	0
707	646	0
732	646	0
756	646	0
778	646	0
804	646	1
828	646	1
850	646	1
872	646	1
895	646	1
920	646	1
949	646	1
976	646	1
1000	646	1
1025	646	1
6	670	0
28	670	0
51	670	0
75	670	0
98	670	0
123	670	0
147	670	0
172	670	0
196	670	0
220	670	0
244	670	0
268	670	0
292	670	0
316	670	0
339	670	0
363	670	1
387	670	1
412	670	1
436	670	1
461	670	1
486	670	1
511	670	1
536	670	1
560	670	1
584	670	1
612	673	1
632	677	1
655	680	1
681	679	1
705	681	1
734	678	1
756	670	0
780	670	0
804	670	0
828	670	0
850	670	0
872	670	0
895	670	0
920	670	1
949	670	1
976	670	1
1000	670	1
1025	670	1
