7	12	1
30	12	1
53	12	0
76	12	0
97	12	0
120	14	0
144	12	1
172	12	0
195	12	0
218	12	0
243	12	0
267	12	1
292	12	1
317	12	1
342	12	1
367	12	1
392	12	1
416	12	1
440	12	1
464	12	1
488	12	1
512	12	1
536	12	1
559	12	1
580	11	0
609	9	0
632	10	0
660	12	0
685	12	0
709	12	0
733	12	0
759	12	0
784	12	0
807	12	0
832	12	1
856	12	1
878	12	1
903	12	1
928	12	1
953	12	1
976	12	1
1002	12	1
1026	12	1
7	33	1
30	33	1
53	33	1
76	33	1
100	33	1
124	33	1
148	33	1
172	33	1
195	33	0
218	33	0
243	33	0
267	33	0
292	33	0
317	33	0
342	33	0
367	33	1
392	33	1
416	33	1
440	33	1
464	33	1
488	33	1
512	33	1
536	33	1
559	33	1
583	33	1
609	33	1
635	33	1
660	33	1
684	31	0
708	31	0
734	31	0
757	31	0
784	33	0
807	33	0
832	33	0
858	33	0
878	33	0
903	33	0
928	33	0
953	33	0
976	33	1
1002	33	1
1026	33	1
7	55	1
30	55	1
53	55	1
76	55	1
100	55	1
124	55	1
148	55	1
172	55	1
195	55	1
218	55	0
243	55	0
267	55	0
292	55	0
317	55	0
342	55	0
367	55	0
392	55	0
416	55	0
440	55	0
468	57	0
488	55	1
512	55	1
536	55	1
559	55	1
583	55	1
609	55	1
635	55	1
660	55	1
685	55	1
709	55	1
733	55	1
759	55	1
784	55	1
807	55	1
832	55	1
856	55	1
878	55	1
903	55	0
928	55	0
953	55	0
976	55	0
1002	55	0
1026	55	0
7	80	0
30	80	1
53	80	1
76	80	1
100	80	1
124	80	1
148	80	1
172	80	1
195	80	1
218	80	1
243	80	1
267	80	1
292	80	1
321	81	0
344	78	0
368	78	0
394	77	0
416	80	0
440	80	0
464	80	0
488	80	0
512	80	0
536	80	0
559	80	0
583	80	0
609	80	1
635	80	1
660	80	1
685	80	1
709	80	1
733	80	1
759	80	1
784	80	1
807	80	1
832	80	1
856	80	1
878	80	1
903	80	1
928	80	1
953	80	1
976	80	1
1002	80	1
1026	80	0
7	103	0
30	103	0
56	106	0
72	106	0
100	107	0
124	114	1
151	113	1
173	113	1
196	110	1
216	111	1
243	110	1
268	108	1
292	110	1
318	108	1
342	103	1
367	103	1
392	103	1
416	103	1
440	103	0
464	103	0
488	103	0
512	103	0
536	103	0
559	103	0
583	103	0
609	103	0
635	103	0
660	103	0
685	103	0
709	103	1
733	103	1
759	103	1
784	103	1
807	103	1
832	103	1
856	103	1
878	103	1
903	103	1
928	103	1
953	103	1
976	103	1
1002	103	1
1026	103	1
7	136	1
30	136	0
53	136	0
76	136	0
100	136	0
124	136	0
148	136	0
175	141	0
195	136	1
218	136	1
243	136	1
267	136	1
292	136	1
317	136	1
342	136	1
367	136	1
392	136	1
416	136	1
440	136	1
464	136	1
488	136	1
512	136	0
538	134	0
559	136	0
583	136	0
609	136	0
635	136	0
660	136	0
685	136	0
709	136	0
733	136	0
759	136	0
784	136	0
807	136	0
832	136	1
856	136	1
878	136	1
903	136	1
928	136	1
953	136	1
976	136	1
1002	136	1
1026	136	1
7	166	1
30	166	1
53	166	0
76	166	0
100	166	0
124	166	0
148	166	0
172	166	0
195	166	0
218	166	0
243	166	0
267	166	0
292	166	0
317	166	1
342	166	1
367	166	1
392	166	1
416	166	1
440	166	1
464	166	1
488	166	1
512	166	1
536	166	1
559	166	1
583	166	1
609	166	1
635	166	1
660	166	1
685	166	1
709	166	1
733	166	1
759	166	0
784	166	0
807	166	0
832	166	0
856	166	0
878	166	0
904	162	1
928	162	1
952	162	1
976	161	1
1002	166	1
1026	166	1
7	190	1
30	190	1
53	190	1
76	190	1
100	190	1
124	190	1
148	190	1
172	190	0
195	190	0
218	190	0
243	190	0
267	190	0
292	190	0
317	190	0
342	190	0
367	190	0
392	190	0
416	190	1
440	190	1
464	190	1
488	190	1
512	190	1
536	190	1
559	190	1
583	190	1
609	190	1
635	190	1
660	190	1
685	190	1
709	190	1
733	190	1
759	190	0
784	190	0
807	190	0
832	190	0
856	190	0
878	190	0
903	190	0
928	190	0
953	190	0
976	190	0
1002	190	0
1026	190	1
7	222	1
30	222	1
53	222	1
76	222	1
100	222	1
124	222	1
148	222	1
172	222	1
195	222	1
218	222	1
243	222	1
267	222	1
292	222	0
317	222	0
342	222	0
367	222	0
392	222	0
416	222	0
440	222	0
464	222	0
488	222	0
512	222	0
536	222	0
559	222	1
583	222	1
609	222	1
635	222	1
660	222	1
685	222	1
709	222	1
733	222	1
759	222	1
784	222	1
807	222	1
832	222	1
856	222	0
878	222	0
903	222	0
928	222	0
953	222	0
976	222	0
1002	222	0
1026	222	0
7	253	0
30	253	0
53	253	1
76	253	1
100	253	1
124	253	1
148	253	1
172	253	1
195	253	1
218	253	1
243	253	1
267	253	1
292	253	1
317	253	1
342	253	1
367	253	1
392	253	0
416	253	0
440	253	0
464	253	0
488	253	0
512	253	0
536	253	0
559	253	0
583	253	0
609	253	0
635	253	0
660	253	1
685	253	1
709	253	1
733	253	1
759	253	1
784	253	1
807	253	1
832	253	1
856	253	1
878	253	1
903	253	1
928	253	1
952	248	0
977	250	0
999	249	0
1026	253	0
7	289	0
30	289	0
53	289	0
76	289	0
100	289	0
124	289	0
148	289	0
172	289	1
195	289	1
218	289	1
243	289	1
267	289	1
292	289	1
317	289	1
342	289	1
367	289	1
392	289	1
416	289	1
440	289	1
464	289	1
488	289	0
512	289	0
536	289	0
559	289	0
583	289	0
609	289	0
635	289	0
660	289	0
685	289	0
709	289	0
733	289	0
761	285	1
782	282	1
804	281	1
829	280	1
856	283	1
877	282	1
903	282	1
929	280	1
955	282	1
980	280	1
1004	280	1
1024	280	1
8	318	0
25	318	0
52	315	0
76	315	0
101	319	0
124	319	0
148	319	0
173	320	0
195	319	0
218	319	0
243	319	1
267	319	1
292	319	1
317	319	1
342	319	1
367	319	1
392	319	1
416	319	1
440	319	1
464	319	1
488	319	1
512	319	1
536	319	1
559	319	1
583	319	1
607	319	0
635	319	0
658	314	0
685	319	0
709	319	0
733	319	0
759	319	0
784	319	0
807	319	0
832	319	0
856	319	0
878	319	0
903	319	1
928	319	1
953	319	1
976	319	1
1002	319	1
1026	319	1
7	351	1
30	351	1
53	351	1
76	351	1
100	351	1
124	351	1
148	351	0
174	350	0
195	351	0
218	351	0
243	351	0
267	351	0
292	351	0
317	351	0
342	351	0
367	351	0
392	351	1
416	351	1
440	351	1
464	351	1
488	351	1
512	351	1
536	351	1
559	351	1
583	351	1
609	351	1
635	351	1
660	351	1
685	351	1
709	351	1
733	351	1
759	351	1
784	351	1
807	351	1
832	351	0
856	351	0
878	351	0
903	351	0
928	351	0
953	351	0
976	351	0
1002	351	0
1026	351	0
7	384	1
30	384	1
53	384	1
76	384	1
100	384	1
124	384	1
148	384	1
172	384	1
195	384	1
218	384	1
243	384	1
267	384	0
292	384	0
317	384	0
342	384	0
367	384	0
392	384	0
415	385	0
440	386	0
464	384	0
488	384	1
512	384	1
536	384	1
559	384	1
583	384	1
609	384	1
635	384	1
660	384	1
685	384	1
709	384	1
733	384	1
759	384	1
784	384	1
807	384	1
832	384	1
856	384	1
878	384	1
903	384	1
933	382	0
953	384	0
976	384	0
1002	384	0
1026	384	0
7	411	0
30	411	0
53	411	1
76	411	1
100	411	1
124	411	1
148	411	1
172	411	1
195	411	1
218	411	1
243	411	1
267	411	1
292	411	1
317	411	1
342	411	1
366	408	0
387	409	0
421	407	0
440	411	0
464	411	0
488	411	0
512	411	0
536	411	0
559	411	0
583	411	0
609	411	1
635	411	1
660	411	1
685	411	1
709	411	1
733	411	1
759	411	1
784	411	1
807	411	1
832	411	1
856	411	1
878	411	1
903	411	1
928	411	1
953	411	1
976	411	1
1002	411	1
1026	411	1
7	440	0
30	440	0
53	440	0
76	440	0
100	440	0
124	440	1
148	440	1
172	440	1
195	440	1
218	440	1
243	440	1
267	440	1
292	440	1
317	440	1
342	440	1
367	440	1
392	440	1
416	440	1
440	440	1
464	440	1
488	440	1
512	440	1
536	440	1
559	440	1
583	440	0
609	440	0
635	440	0
660	440	0
685	440	0
709	440	0
733	440	0
759	440	0
782	439	0
807	442	0
833	442	0
856	440	1
878	440	1
903	440	1
928	440	1
953	440	1
976	440	1
1002	440	1
1026	440	1
7	470	1
30	470	1
53	470	1
76	470	0
100	470	0
124	470	0
148	470	0
172	470	0
195	470	0
218	470	0
243	470	1
267	470	1
292	470	1
317	470	1
342	470	1
367	470	1
392	470	1
416	470	1
440	470	1
464	470	1
488	470	1
512	470	1
536	470	1
559	470	1
583	470	1
609	470	1
635	470	1
660	470	1
680	466	0
709	470	0
732	470	0
755	470	0
784	470	0
807	470	0
832	470	0
856	470	0
878	470	0
903	470	0
928	470	1
953	470	1
976	470	1
1002	470	1
1026	470	1
7	493	1
30	493	1
53	493	1
76	493	1
99	494	0
124	493	0
148	493	0
172	493	0
195	493	0
218	493	0
243	493	0
267	493	0
292	493	0
317	493	0
342	493	1
367	493	1
392	493	1
416	493	1
440	493	1
464	493	1
488	493	1
512	493	1
536	493	1
559	493	1
583	493	1
609	493	1
635	493	1
660	493	1
685	493	1
709	493	1
733	493	1
759	493	1
784	493	1
808	490	0
833	492	0
853	492	0
878	493	0
903	493	0
928	493	0
953	493	0
976	493	0
1002	493	0
1026	493	0
7	518	1
30	518	1
53	518	1
76	518	1
100	518	1
124	518	1
148	518	1
172	518	1
195	518	1
218	513	0
244	512	0
270	511	0
292	515	0
317	518	0
342	518	0
367	518	0
392	518	0
416	518	0
440	518	0
464	518	0
488	518	1
512	518	1
536	518	1
559	518	1
583	518	1
609	518	1
635	518	1
660	518	1
685	518	1
709	518	1
733	518	1
759	518	1
784	518	1
807	518	1
832	518	1
856	518	1
878	518	1
903	518	1
928	518	1
953	518	1
976	518	1
1002	518	1
1026	518	0
7	540	1
30	540	1
53	540	1
76	540	1
100	540	1
124	540	1
148	540	1
172	540	1
195	540	1
218	540	1
243	540	1
267	540	1
292	540	1
317	540	0
343	541	0
367	540	0
392	540	0
416	540	0
440	540	0
464	540	0
488	540	0
512	540	0
536	540	0
559	540	0
583	540	1
609	540	1
635	540	1
660	540	1
685	540	1
709	540	1
733	540	1
759	540	1
784	540	1
807	540	1
832	540	1
856	540	1
878	540	1
903	540	1
928	540	1
953	540	1
976	540	1
1002	540	1
1026	540	1
7	564	0
30	564	0
53	564	0
76	564	1
100	564	1
124	564	1
148	564	1
172	564	1
195	564	1
218	564	1
243	564	1
267	564	1
292	564	1
317	564	1
342	564	1
367	564	1
392	564	1
418	566	0
440	564	0
464	564	0
488	564	0
512	564	0
536	564	0
559	564	0
583	564	0
609	564	0
635	564	0
660	564	0
685	564	1
709	564	1
733	564	1
759	564	1
784	564	1
807	564	1
832	564	1
856	564	1
878	564	1
903	564	1
928	564	1
953	564	1
976	564	1
1002	564	1
1026	564	1
8	583	0
31	586	0
53	588	0
76	588	0
100	588	1
124	588	1
148	588	1
172	588	1
195	588	1
218	588	1
243	588	1
267	588	1
292	588	1
317	588	1
342	588	1
367	588	1
392	588	1
416	588	1
440	588	1
464	588	1
488	588	1
512	588	1
536	588	1
559	588	0
580	587	0
607	587	0
635	588	0
660	588	0
685	588	0
709	588	0
733	588	0
759	588	0
784	588	1
807	588	1
832	588	1
856	588	1
878	588	1
903	588	1
928	588	1
953	588	1
976	588	1
1002	588	1
1026	588	1
7	610	1
30	610	1
53	610	1
72	610	0
99	609	0
124	610	0
148	610	0
172	610	0
195	610	0
218	610	1
243	610	1
267	610	1
292	610	1
317	610	1
342	610	1
367	610	1
392	610	1
416	610	1
440	610	1
464	610	1
488	610	1
512	610	1
536	610	1
559	610	1
583	610	1
609	610	1
635	610	0
660	610	0
685	609	0
709	610	0
733	610	0
759	610	0
784	610	0
807	610	0
832	610	0
856	610	0
878	610	0
903	610	0
928	610	1
953	610	1
976	610	1
1002	610	1
1026	610	1
7	637	1
30	637	1
53	637	1
76	637	1
100	637	1
124	637	1
148	637	1
172	637	0
195	637	0
218	637	0
243	637	0
267	637	0
296	640	0
318	640	0
342	637	1
367	637	1
392	637	1
416	637	1
440	637	1
464	637	1
488	637	1
512	637	1
536	637	1
559	637	1
583	637	1
609	637	1
635	637	1
660	637	1
685	637	1
709	637	1
733	637	1
759	634	0
784	635	0
807	637	0
832	637	0
856	637	0
878	637	0
903	637	0
928	637	0
953	637	0
976	637	0
1002	637	0
1026	637	0
7	670	1
30	670	1
53	670	1
76	670	1
100	670	1
124	670	1
148	670	1
172	670	1
195	670	1
218	670	1
243	670	1
267	670	1
292	670	0
317	670	0
342	670	0
367	670	0
392	670	0
416	670	0
440	670	0
464	670	0
488	670	0
512	670	0
536	670	1
559	670	1
583	670	1
609	670	1
635	670	1
660	670	1
685	670	1
709	670	1
733	670	1
759	670	1
784	670	1
807	670	1
832	670	1
856	670	0
878	670	0
902	666	0
928	670	0
953	670	0
976	670	0
1002	670	0
1026	670	0
