11	10	0
34	10	0
56	10	0
78	10	0
100	10	0
123	10	0
147	10	0
169	10	1
192	10	1
214	10	1
236	10	1
260	9	1
280	10	1
304	10	1
328	10	1
352	10	1
376	10	1
400	10	1
424	10	1
448	10	1
472	10	1
495	10	1
518	10	1
542	10	1
566	10	1
592	10	1
615	10	1
638	10	1
662	10	1
686	10	1
711	10	0
734	10	0
756	10	0
781	10	0
808	10	1
832	10	1
856	10	1
880	10	1
905	10	1
924	6	0
952	10	1
975	10	1
1001	10	1
1026	10	1
11	30	0
34	30	0
56	30	0
78	30	0
100	30	0
123	30	0
147	30	0
169	30	0
192	30	0
214	30	0
236	30	0
259	30	0
280	30	1
304	30	1
328	30	1
352	30	0
376	30	0
400	30	1
424	30	1
448	30	1
472	30	1
495	30	1
518	30	1
542	30	1
566	30	1
592	30	1
615	30	1
638	30	1
662	30	1
686	30	1
711	30	1
734	30	0
752	30	0
782	28	0
808	30	1
832	30	1
856	30	1
880	30	1
905	30	1
928	30	1
952	30	1
975	30	1
1000	26	0
1026	30	1
6	53	1
30	54	1
52	51	1
72	51	1
93	51	1
128	54	0
151	54	0
169	58	0
192	57	0
214	58	0
236	58	0
259	58	0
280	58	0
304	58	0
328	58	0
352	58	0
376	58	0
400	58	0
424	58	0
448	58	0
472	58	0
495	58	1
518	58	1
542	58	1
566	58	1
592	58	1
615	58	1
638	58	1
662	58	1
686	58	1
711	58	1
734	58	1
756	58	1
781	58	1
808	58	1
832	58	1
856	58	1
873	50	0
905	58	1
928	58	1
952	58	1
975	58	1
1001	58	1
1026	58	1
11	86	1
34	86	1
56	86	1
78	86	1
100	86	1
123	86	1
147	86	1
169	86	1
192	86	1
214	86	1
236	86	1
259	86	1
280	86	1
304	86	1
328	86	0
352	86	0
376	86	0
400	86	0
424	86	0
448	86	0
472	86	0
495	86	0
518	86	0
542	86	0
566	86	0
592	86	0
615	86	1
638	86	1
662	86	1
686	86	1
711	86	1
734	86	1
756	86	1
781	86	1
808	86	1
832	86	1
856	86	1
880	86	1
905	86	1
928	86	1
952	80	0
975	86	1
1001	86	1
1025	92	0
11	110	0
34	110	1
56	110	1
78	110	1
100	110	1
123	110	1
147	110	1
169	110	1
192	110	1
214	110	1
236	110	1
259	110	1
280	110	1
304	110	1
328	110	1
352	110	1
376	110	1
400	110	1
424	110	0
448	110	0
472	110	0
495	110	0
518	110	0
542	110	0
566	110	0
592	110	0
615	110	1
638	110	1
662	110	1
686	110	1
711	110	1
734	110	1
756	110	1
781	110	1
808	110	0
832	110	0
856	110	1
890	120	0
905	110	1
928	110	1
952	110	1
975	110	1
1001	110	1
1026	110	1
11	131	0
34	131	0
56	131	0
78	131	0
100	131	0
123	131	1
147	131	1
169	131	1
192	131	1
214	131	1
236	131	1
259	131	1
280	131	1
304	131	1
328	131	1
352	131	1
376	131	1
400	131	1
424	131	1
448	131	1
472	131	1
495	131	1
518	131	1
542	131	0
566	131	0
592	131	0
615	131	0
638	131	0
662	131	0
686	131	0
711	131	0
734	131	0
756	131	0
781	131	0
808	131	0
832	131	1
856	131	1
880	131	1
905	131	1
928	131	1
952	131	1
971	139	0
1001	131	1
1026	131	1
11	154	0
34	154	0
56	154	0
78	154	0
100	154	0
123	154	0
147	154	0
169	154	0
192	154	0
214	154	0
236	154	1
259	154	1
280	154	1
304	154	1
328	154	1
352	154	1
376	154	1
400	154	1
424	154	1
448	154	1
472	154	1
495	154	1
518	154	1
542	154	1
566	154	1
592	154	1
615	154	1
638	154	1
662	154	0
686	154	0
708	153	0
734	154	0
756	154	0
781	154	0
808	154	0
832	154	1
856	154	1
880	154	1
905	154	1
928	154	1
952	154	1
975	154	1
1001	154	1
1029	161	0
11	173	1
34	173	1
56	173	0
78	173	0
100	173	0
123	173	0
147	173	0
169	173	0
192	173	0
214	173	0
236	173	1
259	173	1
280	173	1
304	173	1
328	173	1
352	173	1
376	173	1
400	173	1
424	173	1
448	173	1
472	173	1
495	173	1
518	173	1
542	173	1
566	173	1
592	173	1
615	173	1
638	173	1
662	173	1
686	173	1
711	173	1
734	173	1
756	173	1
781	173	1
808	173	1
832	173	1
856	173	1
880	173	1
905	173	1
928	173	1
952	173	1
975	173	1
1001	173	1
1026	173	1
11	196	1
34	196	1
56	196	1
78	196	1
100	196	1
123	196	1
147	196	1
169	196	1
192	196	0
214	196	0
236	196	0
259	196	0
280	196	0
304	196	0
328	196	0
352	196	0
376	196	0
400	196	0
424	196	0
448	196	1
472	196	1
495	196	1
518	196	1
542	196	1
566	196	1
592	196	1
615	196	1
638	196	1
662	196	1
686	196	1
711	196	1
734	196	1
756	196	1
781	196	1
808	196	1
832	196	1
856	196	1
880	196	1
905	196	1
928	196	1
952	196	1
975	196	1
1003	205	0
1026	196	1
11	224	1
34	224	1
56	224	1
78	224	1
100	224	1
123	224	1
147	224	1
169	224	1
192	224	1
214	224	1
236	224	1
259	224	1
280	224	1
304	224	1
328	224	0
352	224	0
376	224	0
400	224	0
424	224	0
448	224	0
472	224	0
495	224	0
518	224	0
542	224	0
566	224	1
592	224	1
615	224	1
638	224	1
662	224	1
686	224	1
711	224	1
734	224	1
756	224	1
781	224	1
808	224	1
832	224	1
856	224	1
887	223	0
905	224	1
928	224	1
952	224	1
975	224	1
1001	224	1
1026	224	1
11	254	1
34	254	1
56	254	1
78	254	1
100	254	1
124	254	1
148	254	1
169	254	1
192	254	1
214	254	1
236	254	1
259	254	1
280	254	1
304	254	1
328	254	1
352	254	1
376	254	1
400	254	1
424	254	0
448	254	0
472	254	0
495	254	0
518	254	0
542	254	0
566	254	0
592	254	0
615	254	0
638	254	0
662	254	0
686	254	0
711	254	0
734	254	0
756	254	0
781	254	0
808	254	1
832	254	1
856	254	1
880	254	1
905	254	1
928	254	1
954	251	0
975	254	1
1001	254	1
1026	254	1
11	276	0
34	276	0
56	276	0
78	276	0
100	276	1
123	276	1
147	276	1
169	276	1
192	276	1
214	276	1
236	276	1
259	276	1
280	276	1
304	276	1
328	276	1
352	276	1
376	276	1
400	276	1
424	276	1
448	276	1
472	276	1
495	276	1
518	276	1
542	276	1
566	276	1
592	276	1
615	276	1
638	276	0
662	276	0
686	276	0
711	276	0
734	276	0
756	276	0
781	276	0
808	276	1
832	276	1
856	276	1
880	276	1
905	276	1
928	276	1
952	276	1
975	276	1
1001	276	1
1027	274	0
11	298	0
34	298	0
56	298	0
78	298	0
100	301	0
123	298	0
147	298	0
169	298	0
192	298	0
214	298	0
236	298	1
259	298	1
280	298	1
304	298	1
328	298	1
352	298	1
376	298	1
400	298	1
424	298	1
448	298	1
472	298	1
495	298	1
518	298	1
542	298	1
566	298	1
592	298	1
615	298	1
640	295	0
666	296	0
689	295	0
711	298	0
734	298	0
756	298	0
781	298	0
808	298	0
832	298	1
856	298	1
880	298	1
907	298	0
928	300	0
952	298	1
975	298	1
1001	298	1
1026	298	1
11	321	0
34	321	0
56	321	0
78	321	0
100	321	0
123	321	0
147	321	0
169	321	0
192	321	0
214	321	0
236	321	0
259	321	0
280	321	0
304	321	1
328	321	1
352	321	1
376	321	1
400	321	1
424	321	1
448	321	1
472	321	1
495	321	1
518	321	1
542	321	1
566	321	1
592	321	1
615	321	1
638	321	1
662	321	1
686	321	1
711	321	1
734	321	1
756	321	1
781	321	1
808	321	1
832	321	1
856	321	1
880	321	1
905	321	1
928	321	1
952	321	1
977	322	0
1001	321	1
1026	321	1
11	348	1
34	348	1
56	348	1
78	348	1
100	348	1
123	348	1
147	348	1
169	348	0
192	348	0
214	348	0
236	348	0
259	348	0
280	348	0
304	348	0
330	348	0
352	348	0
376	348	0
400	348	0
424	348	0
448	348	0
472	348	0
495	348	0
518	348	0
542	348	0
566	348	1
592	348	1
615	348	1
638	348	1
662	348	1
686	348	1
711	348	1
734	348	1
756	348	1
781	348	1
808	348	1
832	348	1
856	348	1
880	348	0
905	348	1
928	348	1
952	348	1
975	348	1
1001	348	1
1026	348	1
11	368	1
34	368	1
56	368	1
78	368	1
100	368	1
123	368	1
147	368	1
169	368	1
192	368	1
214	368	1
236	368	1
259	368	0
280	368	0
304	368	0
328	368	0
352	368	1
376	368	1
400	368	0
424	368	0
448	368	0
472	368	0
495	368	0
518	368	0
542	368	0
566	368	1
592	368	1
615	368	1
638	368	1
662	368	1
686	368	1
711	368	1
734	368	1
756	368	1
781	368	1
808	368	1
832	368	1
856	368	1
880	368	1
905	368	1
928	368	1
951	370	0
975	368	1
1001	368	1
1026	368	1
11	401	0
34	401	0
56	401	1
78	401	1
100	401	1
123	401	1
147	401	1
169	401	1
192	401	1
214	401	1
236	401	1
259	401	1
280	401	1
304	401	1
328	401	1
352	401	1
376	401	1
400	401	1
424	401	1
448	401	1
472	401	1
495	401	0
518	401	0
542	401	0
566	401	0
592	401	0
615	401	0
638	401	0
662	401	0
686	401	0
711	401	0
734	401	0
756	401	1
781	401	1
808	401	1
832	401	1
856	401	1
880	401	1
905	401	1
928	401	1
952	401	1
975	401	1
1001	401	1
1019	390	0
11	430	0
34	430	0
56	430	1
78	430	1
100	430	1
123	430	1
147	430	1
169	430	1
192	430	1
214	430	1
236	430	1
259	430	1
280	430	1
304	430	1
328	430	1
352	430	1
376	430	1
400	430	1
424	430	1
448	430	1
472	430	1
495	430	1
518	430	1
542	430	1
566	430	1
592	430	0
616	426	0
643	426	0
662	430	0
686	430	0
711	430	0
734	430	0
756	430	0
781	430	0
808	430	0
832	430	0
854	431	0
880	430	1
905	430	1
928	430	1
957	429	0
974	429	0
1001	430	1
1026	430	1
11	454	0
34	454	0
56	454	0
78	454	0
100	454	0
123	454	0
147	454	0
169	454	1
192	454	1
214	454	0
236	454	0
259	454	0
280	454	0
304	454	1
328	454	1
352	454	1
376	454	1
400	454	0
424	454	0
448	454	0
472	454	1
495	454	1
518	454	1
542	454	1
566	454	1
592	454	1
615	454	1
638	454	1
662	454	1
686	454	1
711	454	1
734	454	1
756	454	1
781	454	1
808	454	1
832	454	0
856	454	0
880	454	1
905	454	1
928	454	1
952	454	1
975	454	1
1001	454	1
1026	456	0
9	474	0
34	470	0
57	473	0
78	474	0
100	474	0
123	474	0
147	474	0
169	474	0
192	474	0
214	474	0
236	474	0
259	474	0
280	474	0
304	474	0
328	477	0
352	474	0
376	474	0
400	474	1
424	474	1
448	474	1
472	474	1
495	474	1
518	474	1
542	474	1
566	474	1
592	474	1
615	474	1
638	474	1
662	474	1
686	474	1
711	474	1
734	474	1
756	474	1
781	474	1
808	474	1
832	474	1
856	474	1
880	474	1
905	474	1
925	473	0
952	474	1
975	474	1
1001	474	1
1026	474	1
11	492	1
34	492	1
56	492	1
78	492	1
100	492	1
123	492	0
147	492	0
169	492	0
188	492	0
217	490	0
236	492	0
259	492	0
280	492	0
304	492	0
328	492	0
352	492	0
376	492	0
400	492	1
424	492	1
448	492	1
472	492	0
495	492	1
518	492	1
542	492	1
566	492	1
592	492	1
615	492	1
638	492	1
662	492	1
686	492	1
711	492	1
734	492	1
756	492	1
781	492	1
808	492	1
832	492	1
856	492	1
880	492	1
905	492	1
928	492	1
952	492	1
978	500	0
996	501	0
1026	492	1
11	519	1
34	519	1
56	519	1
78	519	1
100	519	1
123	519	1
147	519	1
169	519	1
192	519	1
214	519	1
236	519	1
259	519	1
285	514	0
308	515	0
332	518	0
352	519	0
376	519	0
400	519	0
424	519	0
448	519	0
472	519	0
495	519	0
518	519	0
542	519	0
566	519	0
592	519	0
615	519	0
638	519	1
662	519	1
686	519	0
711	519	0
734	519	1
756	519	1
781	519	1
808	519	1
832	519	1
856	519	1
880	519	0
905	519	1
928	519	1
952	519	1
975	519	1
1001	519	1
1026	519	1
11	541	0
34	541	1
56	541	1
78	541	1
100	541	1
123	541	1
147	541	1
169	541	1
192	541	1
214	541	1
236	541	1
259	541	1
280	541	1
304	541	1
328	541	1
352	541	0
375	539	0
400	541	0
426	542	0
448	541	0
472	541	0
495	541	0
518	541	0
542	541	0
566	541	0
592	541	0
615	541	0
638	541	0
662	541	0
686	541	0
711	541	0
734	541	1
756	541	0
781	541	0
808	541	0
832	541	1
856	541	1
880	541	1
905	541	1
928	541	1
952	541	0
975	541	1
1001	541	1
1026	541	1
11	564	0
34	564	1
56	564	1
78	564	1
100	564	1
123	564	1
147	564	1
169	564	1
192	564	1
214	564	1
236	564	1
259	564	1
280	564	1
304	564	1
328	564	1
352	564	1
376	564	1
400	564	1
424	564	1
448	564	1
472	564	1
495	564	1
518	564	1
542	564	0
566	564	0
592	564	0
615	564	0
638	564	0
662	564	0
686	564	0
711	564	0
734	564	0
756	564	0
781	564	0
808	564	0
832	564	1
856	564	1
880	564	1
905	564	1
928	564	1
952	564	1
975	564	1
1001	564	1
1024	566	0
11	595	0
34	595	0
56	595	0
78	595	0
100	595	0
123	595	0
147	595	0
169	595	0
192	595	0
214	595	0
236	595	1
259	595	1
280	595	1
304	595	1
328	595	1
352	595	1
376	595	1
400	595	1
424	595	1
448	595	1
472	595	1
495	595	1
518	595	1
542	595	1
566	595	1
592	595	1
615	595	1
638	595	1
662	595	1
686	595	0
711	595	0
734	595	0
756	595	0
781	595	0
808	595	0
832	595	0
856	595	1
882	595	0
906	596	0
928	595	1
952	595	1
975	595	1
1001	595	1
1026	595	1
11	614	1
34	614	1
56	614	1
78	614	0
100	614	0
123	614	0
147	614	0
169	614	0
192	614	0
214	614	0
236	614	0
259	614	0
280	614	0
304	614	0
328	614	0
352	614	1
376	614	1
400	614	1
424	614	1
448	614	1
472	614	1
495	614	1
518	614	1
542	614	1
566	614	1
592	614	1
615	614	1
638	614	1
662	614	1
686	614	1
711	614	1
734	614	1
756	614	1
781	614	0
808	614	0
832	614	0
856	614	1
880	614	1
905	614	1
928	614	1
952	614	1
980	618	0
1001	614	1
1026	614	1
11	636	1
34	636	1
56	636	1
78	636	1
100	636	1
123	636	1
149	637	1
169	636	1
192	636	0
214	636	0
236	636	0
259	636	0
280	636	0
304	636	0
328	636	0
352	636	1
376	636	1
400	636	1
424	636	1
448	636	1
472	636	0
495	636	1
518	636	1
542	636	1
566	636	1
592	636	1
615	636	1
638	636	1
662	636	1
686	636	1
711	636	1
734	636	1
756	636	1
781	636	1
808	636	1
832	636	1
856	636	0
880	636	1
905	636	1
928	636	1
952	636	1
975	636	1
1001	636	1
1026	636	1
11	654	1
34	654	1
56	654	1
78	654	1
100	654	1
123	654	1
147	654	1
169	654	1
192	654	1
214	654	0
236	654	0
256	655	0
280	654	0
304	654	0
328	654	0
352	654	0
376	654	0
400	654	0
424	654	0
448	654	0
472	654	0
495	654	0
518	654	0
542	654	0
568	656	0
592	654	1
615	654	1
638	654	1
662	654	1
686	654	1
711	654	1
734	654	1
756	654	1
781	654	1
808	654	1
832	654	1
858	651	0
880	654	1
905	654	1
933	658	0
952	654	1
975	654	1
1001	654	1
1026	654	1
11	684	1
34	684	1
56	684	1
78	684	1
100	684	1
123	684	1
147	684	1
169	684	1
192	684	1
214	684	1
236	684	1
259	684	1
280	684	1
304	684	1
328	684	1
352	684	1
376	684	1
400	684	1
424	684	0
448	684	0
472	684	0
495	684	0
518	684	0
542	684	0
566	684	0
592	684	0
615	684	0
638	684	0
662	684	0
686	684	1
711	684	1
734	684	1
756	684	1
781	684	1
808	684	1
832	684	1
856	684	1
880	684	1
905	684	1
928	684	1
952	684	1
975	684	1
1001	684	0
1026	684	1
