8	8	0
30	8	1
55	8	1
78	8	1
104	8	1
130	8	1
155	8	1
177	8	1
199	8	0
224	8	0
250	8	0
276	8	0
303	8	0
328	8	0
356	8	0
383	8	1
405	8	1
431	8	1
458	8	1
484	8	1
510	8	1
536	8	0
563	8	0
591	8	0
619	8	0
649	8	0
677	8	0
707	8	0
736	8	0
763	8	0
791	8	0
819	8	0
844	8	0
870	8	1
893	8	1
918	8	0
943	8	0
969	8	1
995	8	1
1012	8	1
1030	8	1
8	36	0
30	36	0
55	36	1
78	36	1
104	36	1
130	36	1
155	36	1
177	36	1
199	36	1
224	36	1
250	36	1
276	36	1
303	36	1
328	36	1
356	36	0
383	36	0
405	36	0
431	36	0
459	47	1
487	43	1
510	36	1
536	36	1
563	36	1
591	36	1
619	36	1
649	36	0
677	36	0
707	36	0
736	36	0
763	36	0
791	36	0
819	36	0
844	36	0
870	36	0
893	36	0
918	36	0
943	36	0
976	32	1
995	36	0
1012	36	0
1030	36	0
8	67	1
30	67	1
55	67	1
78	67	1
104	67	0
130	67	0
155	67	0
177	67	0
199	67	0
222	67	0
250	67	1
276	67	1
303	67	1
328	67	1
356	67	1
383	67	1
405	67	1
437	75	1
454	81	1
483	79	1
513	69	0
536	67	0
563	67	0
591	67	0
619	67	1
649	67	1
677	67	1
707	67	1
736	67	1
763	67	1
791	67	0
819	67	0
844	67	0
870	67	0
893	67	0
918	67	0
943	67	0
969	67	0
995	67	0
1012	67	0
1030	67	0
8	91	1
30	91	1
55	91	1
78	91	1
104	91	1
130	91	1
155	91	1
177	91	1
199	91	1
224	91	1
250	91	1
275	91	0
303	91	0
328	91	0
353	91	0
379	94	0
409	95	0
432	95	0
461	101	0
495	100	0
510	91	0
536	91	0
563	91	0
591	91	0
619	91	0
649	91	0
677	91	0
707	91	0
736	91	1
763	91	1
791	91	1
819	91	1
844	91	1
870	91	1
897	87	0
923	88	0
943	91	0
969	91	0
995	91	0
1012	91	0
1030	91	0
8	119	0
30	119	0
55	119	0
78	119	0
104	119	0
130	119	1
155	119	1
177	119	1
199	119	1
224	119	1
250	119	1
276	119	1
303	119	1
328	119	1
356	119	1
383	119	1
405	119	1
431	119	0
458	119	0
481	117	0
510	119	0
536	119	0
563	119	0
591	119	0
619	119	0
649	119	0
677	119	0
707	119	0
736	119	0
763	119	0
791	119	0
819	119	0
844	119	1
870	119	1
893	119	1
919	113	1
940	112	1
966	111	1
990	110	1
1013	128	1
1030	124	1
8	152	1
30	152	1
55	152	1
78	152	1
104	152	1
130	152	1
155	152	0
177	152	0
199	152	0
224	152	0
250	152	0
276	152	0
303	152	0
328	152	0
356	152	0
383	152	1
405	152	1
431	152	1
458	152	1
484	152	1
510	152	1
536	152	0
563	152	0
591	152	0
619	152	0
649	152	0
677	152	0
707	152	0
736	152	0
763	152	0
791	152	0
819	152	0
844	152	0
870	152	0
893	152	0
918	152	0
943	152	1
973	145	1
995	135	1
1011	155	0
1030	152	0
8	178	0
30	178	1
55	178	1
78	178	1
104	178	1
130	178	1
155	178	1
177	178	1
199	178	1
224	178	1
250	178	1
276	178	1
303	178	1
328	178	1
356	178	0
383	178	0
405	178	0
431	178	0
458	178	0
484	178	1
510	178	1
536	178	1
563	178	1
591	178	1
619	178	0
649	178	0
677	178	0
707	178	0
736	178	0
763	178	0
791	178	0
819	178	0
844	178	0
870	178	0
893	178	0
918	178	0
943	178	0
969	178	0
995	178	0
1012	178	0
1030	178	0
8	212	0
30	212	1
55	212	1
78	212	1
104	212	1
130	212	1
155	212	1
177	212	1
199	212	1
224	212	1
250	212	1
276	212	1
303	212	1
328	212	1
356	212	0
383	212	0
405	212	0
431	212	0
458	212	0
484	212	0
510	212	0
536	212	0
563	212	0
591	212	1
619	208	1
646	203	1
673	204	1
712	204	1
736	212	0
763	212	0
791	212	0
819	212	0
844	212	0
870	212	0
893	212	0
918	212	0
943	212	0
969	212	0
995	212	0
1012	212	0
1030	212	0
8	235	1
30	235	1
55	235	1
78	235	1
103	239	0
130	235	0
156	236	0
175	239	0
196	239	0
224	235	0
250	235	1
278	244	1
303	245	1
329	248	1
361	248	1
382	245	1
408	250	1
433	251	1
465	255	1
490	252	0
516	246	0
538	244	0
567	243	0
591	235	1
619	235	1
649	235	1
677	235	1
707	235	1
739	249	1
763	235	1
791	235	1
819	235	1
844	235	1
870	235	0
893	235	0
918	235	0
943	235	0
969	235	0
995	235	0
1012	235	0
1030	235	0
8	269	1
30	269	1
55	269	1
78	269	1
104	269	1
130	269	1
155	269	1
177	269	1
199	269	1
224	269	1
250	269	1
276	269	0
303	269	0
328	269	0
356	269	0
391	273	0
409	274	0
428	278	0
450	279	0
483	274	0
510	269	0
536	269	0
563	269	0
591	269	0
619	269	0
649	269	0
677	269	0
707	269	1
735	274	0
763	269	0
791	269	0
819	269	1
844	269	1
870	269	1
893	269	1
918	269	1
943	269	1
969	269	1
995	269	1
1012	269	1
1030	269	1
8	297	0
30	297	0
55	297	0
78	297	0
104	297	0
130	297	1
155	297	1
177	297	1
199	297	1
224	297	1
250	297	1
276	297	1
303	297	1
328	297	1
356	297	1
383	297	1
405	297	1
431	297	1
458	297	0
484	297	0
509	296	0
537	294	0
563	297	0
591	297	0
619	297	0
649	297	0
677	297	0
707	297	0
736	297	0
763	297	0
791	297	0
819	297	0
844	297	0
870	297	0
893	297	0
918	297	0
943	297	1
969	297	1
995	297	0
1012	297	0
1030	297	0
8	319	1
30	319	1
55	319	1
78	319	1
104	319	1
130	319	1
155	319	1
179	323	0
199	319	0
224	319	0
250	319	0
276	319	0
303	319	0
328	319	0
356	319	0
383	319	1
405	319	1
431	319	1
458	319	1
484	319	1
510	319	1
532	316	1
567	312	1
591	313	0
619	319	0
649	316	0
681	318	0
707	319	0
736	319	0
763	319	0
791	319	0
819	319	0
844	319	0
870	319	0
893	319	0
918	319	0
943	319	0
969	319	0
995	319	0
1012	319	0
1030	319	0
8	351	0
28	350	0
55	351	1
78	351	1
104	351	1
130	351	1
155	351	1
177	351	1
199	351	1
224	351	1
250	351	1
276	351	1
303	351	1
328	351	1
356	351	0
383	351	0
405	351	0
431	351	0
458	351	0
484	351	0
510	351	0
536	351	0
566	345	1
587	343	1
617	338	1
648	340	1
675	336	1
716	340	0
737	342	0
764	341	0
795	345	0
820	342	0
844	351	0
870	351	0
893	351	0
918	351	0
943	351	0
969	351	0
995	351	0
1012	351	0
1030	351	0
8	380	1
30	380	1
55	380	1
78	380	0
104	380	0
130	380	0
155	380	0
177	380	0
203	389	0
219	389	0
253	391	1
276	380	1
303	380	1
328	380	1
356	380	1
383	380	1
405	380	1
431	380	1
458	380	1
484	380	1
510	380	0
536	380	0
563	380	0
591	380	0
619	380	0
649	380	0
677	380	1
707	380	1
736	380	1
763	380	1
791	380	1
819	380	1
844	380	0
870	380	0
893	380	0
918	380	0
943	380	0
969	380	0
995	380	0
1012	380	0
1030	380	0
8	414	1
30	414	1
55	414	1
78	414	1
104	414	1
130	414	1
155	414	1
178	423	1
205	425	1
225	424	1
250	423	1
276	414	0
303	414	0
328	414	0
356	414	0
383	414	0
405	414	0
431	414	0
458	414	0
484	414	0
510	414	0
536	414	0
563	414	0
591	414	0
619	414	0
649	414	0
677	414	0
707	414	0
736	414	0
763	414	0
791	414	1
822	407	1
847	407	1
881	406	1
909	404	1
915	424	1
939	419	1
969	414	1
995	414	1
1012	414	1
1030	414	1
8	448	0
30	448	0
55	448	0
78	448	0
104	448	1
130	448	1
155	448	1
177	448	1
199	448	1
224	448	1
250	448	1
276	448	1
303	448	1
328	448	1
356	448	1
383	448	1
405	448	1
431	448	0
455	446	0
488	444	0
508	443	0
539	441	0
569	440	0
595	441	0
619	441	0
650	440	0
677	448	0
707	448	0
736	448	0
763	448	0
791	448	0
819	448	0
844	448	0
870	448	0
893	448	0
918	448	0
943	448	0
969	448	0
995	448	0
1012	448	1
1030	448	1
8	478	1
30	478	1
55	478	1
78	478	1
104	478	1
130	478	1
155	478	1
177	478	0
199	478	0
224	478	0
250	478	0
276	478	0
303	478	0
327	480	0
356	478	1
383	478	1
405	478	1
431	478	1
458	478	1
483	467	1
505	465	1
539	464	1
560	466	1
589	464	1
618	463	1
651	467	1
679	469	0
711	467	0
735	470	0
763	469	0
787	469	0
819	478	0
844	478	0
870	478	0
893	478	0
918	478	0
943	478	0
969	478	0
995	478	0
1012	478	0
1030	478	0
7	514	1
24	512	1
58	511	1
83	511	1
109	511	1
133	510	1
159	511	1
179	510	1
204	511	1
224	501	1
250	501	1
276	501	1
303	501	1
328	501	1
356	501	1
383	501	0
405	501	0
431	501	0
458	501	0
484	501	0
510	501	0
536	501	0
563	501	0
591	501	0
619	501	0
649	501	1
677	501	1
707	501	1
736	501	1
763	501	1
791	501	1
819	501	0
842	499	0
870	501	0
893	501	0
918	501	0
943	501	0
969	501	0
987	503	0
1012	501	0
1030	501	0
11	555	1
33	555	1
57	550	0
77	548	0
104	548	0
134	547	0
154	547	0
178	545	0
199	539	0
219	551	1
247	549	1
276	539	1
303	539	1
328	539	1
356	539	1
383	539	1
406	534	1
431	532	1
455	534	1
484	539	0
510	539	0
536	539	0
563	539	0
591	539	0
619	539	0
649	539	0
677	539	0
707	539	0
740	533	1
763	534	1
793	531	1
816	529	1
841	529	1
868	528	1
894	527	1
920	526	0
944	523	0
967	519	0
994	519	0
1011	519	0
1027	517	0
8	586	1
30	586	1
55	586	1
78	586	1
104	586	1
130	586	1
155	586	1
177	586	1
199	586	1
224	586	1
250	586	1
276	586	0
303	586	0
328	586	0
356	586	0
383	586	0
405	586	0
431	586	0
458	586	0
484	586	1
510	586	1
536	586	0
563	586	0
591	586	0
619	586	0
649	586	0
677	586	0
707	586	0
736	586	0
763	586	0
794	579	0
816	576	0
839	568	0
863	568	1
891	563	1
916	558	1
942	555	1
972	555	1
995	548	1
1014	544	1
1029	539	0
8	616	0
30	616	0
55	616	0
78	616	0
104	616	0
130	616	1
155	616	1
177	616	1
199	616	1
224	616	1
250	616	1
276	616	1
303	616	1
328	616	1
356	616	1
383	616	1
405	616	0
431	616	0
458	616	0
484	616	0
516	623	1
536	616	1
570	609	1
598	604	1
619	616	0
649	616	0
677	616	0
707	616	0
736	616	0
763	616	0
791	616	0
819	616	0
844	616	0
870	616	0
893	616	0
912	603	0
936	600	0
965	596	1
990	589	1
1010	584	1
1027	575	1
8	652	1
30	652	1
55	652	1
78	652	1
104	652	1
130	652	1
155	652	0
177	652	0
199	652	0
224	652	0
250	652	0
276	652	0
303	652	0
328	652	1
356	652	1
383	652	1
405	652	1
431	652	1
458	652	1
484	652	1
510	652	1
536	652	0
563	652	0
591	652	0
619	652	1
649	652	1
677	652	1
707	652	1
736	652	1
763	652	1
791	652	1
819	652	1
844	652	1
862	654	1
893	652	0
918	652	0
943	652	0
969	652	0
995	652	0
1012	652	0
1030	652	0
8	683	1
30	683	1
55	683	1
78	683	1
104	683	1
130	683	1
155	683	1
177	683	1
199	683	1
224	683	1
250	683	1
276	683	1
303	683	1
328	683	1
356	683	0
383	683	0
405	683	0
431	683	0
458	683	0
484	683	0
510	683	0
536	683	0
563	683	0
591	683	0
619	683	0
649	683	0
677	683	0
707	683	1
736	683	1
763	679	1
792	671	1
819	683	0
844	683	1
870	683	1
893	683	1
918	683	1
943	683	1
969	683	1
995	683	0
1012	683	0
1030	683	0
