8	4	1
30	4	0
52	4	0
75	4	0
97	4	0
120	4	0
142	4	0
165	4	0
188	4	0
211	4	1
234	4	1
256	4	1
279	4	1
303	4	1
326	4	1
349	4	1
373	4	1
398	4	1
420	4	1
440	4	1
463	4	1
487	4	1
509	4	1
533	4	1
554	4	1
576	4	1
600	4	1
623	4	0
646	4	0
671	4	0
696	4	0
719	4	0
742	4	0
765	4	0
788	4	0
811	4	0
835	4	0
861	4	0
884	4	0
908	4	0
933	4	1
956	4	1
981	4	1
1006	4	1
1027	4	1
8	28	1
30	28	1
52	28	1
75	28	1
97	28	1
120	28	1
142	28	0
165	28	0
188	28	0
211	28	0
234	28	0
256	28	0
279	28	0
303	28	0
326	28	1
349	28	1
373	28	1
398	28	1
420	28	1
440	28	1
463	28	1
487	28	1
509	28	1
533	28	1
554	28	1
576	28	1
600	28	1
623	28	1
646	28	1
671	28	1
696	28	1
719	28	1
742	28	0
764	28	0
789	26	0
811	26	0
835	28	0
861	28	0
884	28	0
908	28	0
933	28	1
956	28	1
981	28	1
1006	28	1
1028	28	0
8	56	1
30	56	1
52	56	1
75	56	1
97	56	1
120	56	1
142	56	1
165	56	1
188	56	1
211	56	1
234	56	1
255	58	0
276	56	0
304	54	0
325	54	0
352	54	0
373	56	0
398	56	0
420	56	0
440	56	0
465	58	0
487	56	1
509	56	1
533	56	1
554	56	1
576	56	1
600	56	1
623	56	1
646	56	1
671	56	1
696	56	1
719	56	1
742	56	1
765	56	1
788	56	1
811	56	1
834	51	0
860	51	0
880	50	0
905	54	1
933	56	0
956	56	1
981	56	1
1006	56	1
1027	56	1
8	81	1
30	81	1
52	81	1
75	81	1
97	81	1
120	81	1
142	81	1
165	81	1
188	81	1
211	81	1
234	81	1
256	81	1
279	81	1
303	81	1
326	81	1
349	81	1
373	81	1
398	81	0
420	81	0
440	81	0
463	81	0
487	81	0
509	81	0
533	81	0
554	81	0
576	81	1
600	81	1
623	81	1
646	81	1
671	81	1
696	81	1
719	81	1
742	81	1
765	81	1
788	81	1
811	81	1
835	81	1
861	81	1
884	81	1
908	81	1
933	81	1
956	81	1
984	82	0
1006	81	0
1027	81	1
8	114	0
30	114	0
52	114	1
75	114	1
97	114	1
120	114	1
142	114	1
165	114	1
188	114	1
211	114	1
234	114	1
256	114	1
279	114	1
303	114	1
326	114	1
349	114	1
373	114	1
398	114	1
420	114	1
440	114	1
463	114	0
487	113	0
509	114	0
532	114	0
554	114	0
576	114	0
600	114	0
623	114	0
646	114	0
676	117	0
692	116	0
719	114	0
742	118	0
764	116	0
788	114	1
811	114	1
835	114	1
861	114	1
884	114	1
908	114	1
933	114	1
956	114	1
981	114	1
1006	114	1
1027	114	1
8	150	0
30	150	0
52	150	0
75	150	0
97	150	0
120	150	0
142	150	0
165	150	0
188	150	0
211	150	0
234	150	0
256	150	1
279	150	1
303	150	1
326	150	1
349	150	1
373	150	1
398	150	1
420	150	1
440	150	1
463	150	1
487	150	1
509	150	1
533	150	1
554	150	1
576	150	1
600	150	1
623	150	1
646	150	1
671	150	1
696	147	0
717	150	0
742	150	0
765	150	0
788	150	0
811	150	0
835	150	0
861	150	0
884	150	0
908	150	0
933	150	0
956	150	1
981	150	1
1006	150	1
1027	150	0
8	174	0
30	174	0
47	175	0
73	171	0
97	174	0
120	174	0
142	174	0
165	174	0
188	174	0
211	174	0
234	174	0
256	174	0
279	174	0
306	174	0
327	175	0
349	174	0
373	174	1
398	174	1
420	174	1
440	174	1
463	174	1
487	174	1
509	174	1
533	174	1
554	174	1
576	174	1
600	174	1
623	174	1
646	174	1
671	174	1
696	174	1
719	174	1
742	174	1
765	174	1
788	174	0
811	174	0
835	174	0
861	174	0
884	174	0
908	174	0
933	174	0
956	174	1
981	174	1
1006	174	1
1027	174	1
8	202	1
30	202	1
52	202	1
75	202	1
97	202	1
120	202	0
142	201	0
165	199	0
186	199	0
211	202	0
234	202	0
256	202	0
279	202	0
303	202	0
326	202	0
349	202	0
373	202	0
398	202	0
420	202	0
440	202	0
463	202	0
488	202	0
509	202	1
533	202	1
554	202	1
576	202	1
600	202	1
623	202	1
646	202	1
671	202	1
696	202	1
719	202	1
742	202	1
765	202	1
788	202	1
811	202	1
835	202	1
861	202	1
884	202	1
908	202	0
936	201	0
956	205	0
981	202	0
1006	202	1
1027	202	1
8	226	1
30	226	1
52	226	1
75	226	1
97	226	1
120	226	1
142	226	1
165	226	1
188	226	1
211	226	1
234	226	0
256	225	0
277	223	0
303	226	0
326	226	0
349	226	0
373	226	0
398	226	0
420	226	0
440	226	0
463	226	0
487	226	0
509	226	0
533	226	0
554	226	0
576	226	0
600	226	0
623	226	0
646	226	1
671	226	1
696	226	1
719	226	1
742	226	1
765	226	1
788	226	1
811	226	1
835	226	1
861	226	1
884	226	1
908	226	1
933	226	1
956	226	1
981	226	1
1006	226	1
1028	226	0
8	253	1
30	253	1
52	253	1
75	253	1
97	253	1
120	253	1
142	253	1
165	253	1
188	253	1
211	253	1
234	253	1
256	253	1
279	253	1
303	253	1
328	248	0
350	248	0
373	246	0
397	247	0
420	253	0
440	253	0
463	253	0
487	253	0
509	253	0
533	253	0
554	253	0
576	253	0
600	253	0
623	253	0
646	253	0
671	253	0
696	253	0
719	253	0
742	253	0
765	253	1
788	253	1
811	253	1
835	253	1
861	253	1
884	253	1
908	253	1
933	253	1
956	253	1
981	253	1
1006	253	1
1027	253	1
8	281	0
30	281	0
54	282	0
74	283	0
100	281	0
120	282	0
138	282	0
165	281	1
188	281	1
211	281	1
234	281	1
256	281	1
279	281	1
303	281	1
326	281	1
349	281	1
375	276	1
399	272	1
420	277	0
440	281	0
464	279	0
482	277	0
507	276	0
533	281	0
554	281	0
576	281	0
600	281	0
623	281	0
646	281	0
671	281	0
696	281	0
719	281	0
742	281	0
765	281	0
788	281	0
811	281	0
835	281	0
861	281	0
884	281	0
908	281	0
933	281	1
956	281	1
981	281	0
1006	281	0
1027	281	1
8	310	1
30	310	1
52	310	0
75	310	0
97	310	0
120	310	0
142	310	0
165	310	0
188	310	0
211	310	0
234	310	0
256	310	1
279	310	1
303	310	1
326	310	1
349	310	1
373	310	1
398	310	1
420	310	1
440	310	1
463	310	1
483	304	1
509	302	1
533	305	0
550	305	0
576	310	0
600	306	0
620	306	0
646	310	0
671	310	0
696	310	0
719	310	0
742	310	0
765	310	0
788	310	0
811	310	0
835	310	0
861	310	0
884	310	0
908	310	0
933	310	1
956	310	1
981	310	1
1006	310	1
1027	310	1
8	333	1
30	333	1
49	334	0
75	333	0
97	333	0
120	333	0
142	333	0
165	333	0
188	333	0
211	333	0
234	333	0
256	333	0
279	333	0
303	333	0
326	333	0
349	333	1
373	333	1
398	333	1
420	333	1
440	333	1
463	333	1
487	333	1
509	333	1
533	333	1
554	333	1
576	333	1
600	333	1
623	333	1
648	331	0
671	333	0
695	330	0
719	333	0
742	333	0
765	333	0
788	333	0
811	333	0
835	333	0
861	333	0
884	333	0
908	333	0
935	336	0
956	335	0
981	333	1
1006	333	1
1027	333	1
8	346	1
30	346	1
52	346	1
75	346	1
97	346	1
120	346	1
142	346	1
165	346	1
188	346	0
211	346	0
235	348	0
256	346	0
279	346	0
303	346	0
326	346	0
349	346	0
373	346	1
398	346	1
420	346	1
440	346	1
463	346	1
487	346	1
509	346	1
533	346	1
554	346	1
576	346	1
600	346	1
623	346	1
646	346	1
671	346	1
696	346	1
719	346	1
742	346	0
765	346	0
788	346	0
811	346	0
834	346	0
861	346	0
884	346	0
908	346	0
933	346	1
956	346	1
981	346	1
1006	346	1
1027	346	0
8	366	1
30	366	1
52	366	1
75	366	1
97	366	1
120	366	1
142	366	1
165	366	1
188	366	1
211	366	1
234	366	1
256	366	0
279	366	0
303	366	0
326	366	0
349	366	0
373	366	0
398	366	0
420	366	0
440	366	0
463	366	1
487	366	1
509	366	1
533	366	1
554	366	1
576	366	1
600	366	1
623	366	1
646	366	1
671	366	1
696	366	1
719	366	1
742	366	1
765	366	1
788	366	1
811	366	1
835	366	1
861	366	0
885	366	0
911	365	0
933	366	1
956	366	1
981	366	1
1006	366	1
1027	366	1
8	391	1
30	391	1
52	391	1
75	391	1
97	391	1
120	391	1
142	391	1
165	391	1
188	391	1
211	391	1
234	391	1
256	391	1
279	391	1
303	391	1
326	391	1
349	391	1
373	391	0
398	391	0
420	391	0
440	391	0
463	391	0
487	391	0
509	391	0
536	392	0
554	391	0
576	391	0
600	391	1
623	391	1
646	391	1
671	391	1
696	391	1
719	391	1
742	391	1
765	391	1
788	391	1
811	391	1
835	391	1
861	391	1
884	391	1
908	391	1
933	391	1
956	391	1
981	391	1
1006	391	1
1027	391	1
8	411	0
30	411	0
52	411	0
75	411	0
97	411	1
120	411	1
142	411	1
165	411	1
188	411	1
211	411	1
234	411	1
256	411	1
279	411	1
303	411	1
326	411	1
349	411	1
373	411	0
398	411	0
420	411	0
440	411	0
463	411	0
487	411	0
509	411	0
533	411	0
554	411	0
576	411	0
600	411	0
623	411	0
646	411	0
671	411	0
696	411	0
719	411	1
742	411	1
765	411	1
788	411	1
811	411	1
835	411	1
861	411	1
884	411	1
908	411	1
933	411	1
956	411	1
981	411	1
1006	411	1
1027	411	1
8	438	0
30	438	0
52	438	0
75	438	0
97	438	0
120	438	0
142	438	0
164	441	0
188	438	0
211	438	1
234	438	1
256	438	1
279	438	1
303	438	1
326	438	1
349	438	1
373	438	1
398	438	1
420	438	1
440	438	1
463	438	1
487	438	0
509	438	0
533	438	0
554	438	0
576	438	0
600	438	0
623	438	0
646	438	0
671	438	0
696	438	0
719	438	0
742	438	0
765	438	0
788	438	0
811	438	0
835	438	0
861	440	0
884	438	1
908	438	1
933	438	1
956	438	1
981	438	1
1006	438	1
1027	438	1
8	460	1
30	460	0
52	460	0
75	460	0
97	460	0
120	460	0
142	460	0
165	460	0
188	460	0
211	460	0
234	460	1
256	460	1
279	460	1
303	460	1
326	460	1
349	460	1
373	460	1
398	460	1
420	460	1
440	460	1
463	460	1
489	456	0
507	459	0
527	458	0
550	455	0
572	455	0
600	460	0
623	460	0
646	460	0
671	460	0
696	460	0
719	460	0
742	460	0
765	460	0
788	460	0
811	460	0
835	460	0
861	460	0
884	460	0
908	460	0
933	460	1
956	460	1
980	461	0
1004	462	0
1027	460	1
8	483	1
30	483	1
52	483	1
75	483	1
97	483	1
120	483	0
142	483	0
165	483	0
188	483	0
211	483	0
234	483	0
256	483	0
279	483	0
303	483	0
326	483	1
349	483	1
373	483	1
398	483	1
420	483	1
440	483	1
463	483	1
487	483	1
509	483	1
533	483	1
554	483	1
576	483	1
600	483	0
620	483	0
646	483	1
671	483	1
696	483	1
719	483	0
742	483	0
765	483	0
788	483	0
812	481	0
835	483	1
861	483	1
884	483	0
908	483	0
933	483	1
956	483	1
981	483	1
1006	483	1
1027	483	1
8	509	1
30	509	1
52	509	1
75	509	1
97	509	1
120	509	1
142	509	1
165	509	1
188	509	1
211	509	1
234	509	0
256	509	0
279	509	0
303	509	0
326	509	0
349	509	0
373	509	0
398	509	0
420	509	0
440	509	1
463	509	1
487	509	1
509	509	1
533	509	1
554	509	1
576	509	1
600	509	1
623	509	1
646	509	1
671	509	1
696	509	1
719	509	1
742	509	1
765	509	1
788	509	1
811	509	1
835	509	1
861	509	1
884	509	1
908	509	1
933	509	1
956	509	0
981	509	1
1006	509	1
1027	509	1
8	535	1
30	535	1
52	535	1
75	535	1
97	535	1
120	535	1
142	535	1
165	535	1
188	535	1
211	535	1
234	535	1
256	535	1
279	535	1
303	535	1
326	535	0
349	535	0
373	535	0
398	535	0
420	535	0
440	535	0
463	535	0
487	535	0
509	535	0
533	535	0
554	535	1
576	535	1
600	535	1
623	535	1
646	535	1
671	535	1
696	535	1
719	535	1
742	535	1
765	535	1
788	535	1
811	535	1
835	535	1
861	535	1
884	535	1
908	535	1
933	535	1
956	535	1
981	535	1
1006	535	1
1027	535	0
8	558	0
30	558	0
52	558	1
75	558	1
97	558	1
120	558	1
142	558	1
165	558	1
188	558	1
211	558	1
234	558	1
256	558	1
279	558	1
303	558	1
326	558	1
349	558	0
373	558	0
398	558	0
420	558	0
440	558	0
463	558	0
487	558	0
509	558	0
533	558	0
554	558	0
576	558	0
600	558	0
623	558	1
646	558	1
671	558	1
696	558	1
719	558	1
742	558	1
765	558	1
788	558	1
811	558	1
835	558	1
861	558	1
884	558	1
908	558	1
933	558	1
956	558	1
981	558	1
1006	558	1
1027	558	1
8	586	0
30	586	0
52	586	0
75	586	0
94	586	0
117	588	0
140	586	0
165	586	1
188	586	1
211	586	1
234	586	1
256	586	1
279	586	1
303	586	1
326	586	1
349	586	1
373	586	1
398	586	1
420	586	1
440	586	1
463	586	0
487	586	0
504	587	0
528	585	0
556	583	0
577	585	0
600	583	0
623	584	0
644	585	0
671	586	0
696	586	0
719	586	0
742	586	0
765	586	0
788	586	0
811	586	1
835	586	1
861	586	1
884	586	1
908	586	1
933	586	1
956	586	1
981	586	1
1006	586	1
1027	586	1
8	610	0
30	610	0
52	610	0
75	610	0
97	610	0
120	610	0
142	610	0
165	610	0
188	610	0
211	610	0
236	613	0
255	613	0
279	610	1
303	610	1
326	610	1
349	610	1
373	610	1
398	610	1
420	610	1
440	610	1
463	610	1
487	610	1
509	610	1
533	610	1
554	610	1
576	610	1
600	610	1
623	610	1
646	610	1
671	608	0
696	610	1
719	610	1
742	610	0
765	610	0
788	610	0
811	610	0
835	610	0
861	610	0
884	610	0
908	609	0
933	610	1
956	610	1
981	610	1
1006	610	1
1027	610	1
8	629	0
30	629	0
52	629	0
75	629	0
97	629	0
120	629	0
142	629	0
165	629	0
188	629	0
211	629	0
234	629	0
256	629	0
279	629	0
303	629	1
326	629	1
349	629	1
373	629	1
398	629	1
420	629	1
440	629	1
463	629	1
487	629	1
509	629	1
533	629	1
554	629	1
576	629	1
600	629	1
623	629	1
646	629	1
671	629	1
696	629	1
719	629	1
741	630	0
765	629	0
788	625	0
812	625	0
835	629	0
861	629	0
884	629	0
908	629	0
933	629	1
956	629	1
981	629	1
1006	629	1
1027	629	1
8	652	1
30	652	1
52	652	1
75	652	0
97	652	0
120	652	0
142	652	0
165	652	0
188	652	0
211	652	0
234	652	0
256	652	0
279	652	0
303	652	0
326	652	0
349	652	0
373	652	0
398	653	0
420	653	0
440	652	1
463	652	1
487	652	1
509	652	1
533	652	1
554	652	1
576	652	1
600	652	1
623	652	1
646	652	1
671	652	1
696	652	1
719	652	1
742	652	1
765	652	1
788	652	1
811	652	1
841	650	0
861	648	0
884	647	0
911	646	0
933	652	1
956	652	1
981	652	1
1004	652	0
1027	652	1
8	679	1
30	679	1
52	679	1
75	679	1
97	679	1
120	679	1
142	679	1
165	679	1
188	679	0
211	679	0
234	679	0
256	679	0
279	679	0
303	679	0
326	679	0
349	679	0
373	679	0
398	679	0
420	679	0
440	679	0
463	679	0
487	679	1
509	679	1
533	679	1
554	679	1
576	679	1
600	679	1
623	679	1
646	679	1
671	679	1
696	679	1
719	679	1
742	679	1
765	679	1
788	679	1
811	679	1
835	679	1
861	679	1
884	679	1
908	679	1
933	679	1
956	679	1
981	679	1
1006	679	1
1027	679	1
