6	5	0
33	5	0
63	5	0
82	5	0
117	5	0
147	5	0
173	5	0
203	5	0
231	5	0
257	5	0
286	5	1
311	5	1
330	5	1
351	5	1
389	5	1
418	5	0
434	5	0
464	5	0
485	5	0
508	5	0
533	5	0
555	5	0
577	5	0
602	5	0
633	5	0
664	5	0
685	5	0
719	5	0
745	5	0
770	5	0
798	5	0
829	5	0
855	5	0
876	5	0
895	5	0
922	5	0
957	5	0
989	5	0
1027	5	1
6	32	1
33	32	0
63	32	0
82	32	0
117	32	0
147	32	0
173	32	0
203	32	0
231	32	0
257	32	0
286	32	0
311	32	0
330	32	0
351	32	0
389	32	1
418	32	1
434	32	1
464	32	1
485	32	1
506	28	1
526	25	1
553	30	0
578	31	0
599	29	0
633	32	0
664	32	0
685	32	0
719	32	0
745	32	0
770	32	0
798	32	0
829	32	0
855	32	0
876	32	0
895	32	0
922	32	0
957	32	0
989	32	0
1027	32	0
6	51	1
39	47	0
60	50	0
85	49	0
117	51	0
147	51	0
173	51	0
203	51	0
231	51	0
257	51	0
286	51	0
311	51	0
330	51	0
351	51	0
388	54	0
416	55	0
437	55	0
464	54	0
489	59	1
507	57	1
531	57	1
555	51	1
577	51	1
602	51	1
633	51	1
664	51	0
685	51	0
719	51	0
745	51	0
770	51	0
798	51	0
829	51	0
855	51	0
876	51	0
895	51	0
922	51	0
957	51	0
989	51	0
1027	51	0
6	71	1
33	71	1
63	71	1
82	71	1
117	71	1
147	71	0
173	71	0
203	71	0
231	71	0
257	71	0
286	71	0
311	71	0
330	71	0
351	71	0
389	71	0
418	71	0
434	71	0
464	71	0
486	77	0
507	78	0
527	79	0
554	75	0
579	82	1
603	83	1
635	80	1
665	76	1
685	71	1
719	71	1
745	71	0
770	71	0
804	70	0
832	68	0
855	71	0
876	71	0
895	71	0
922	71	0
957	71	0
989	71	0
1027	71	0
6	97	0
33	97	0
63	97	0
82	97	0
117	97	1
147	97	1
173	97	1
203	97	1
231	97	0
257	97	0
286	97	0
311	97	0
330	97	0
351	97	0
389	97	0
418	97	0
434	97	0
464	97	0
485	97	0
508	97	0
533	97	0
555	97	0
577	97	0
602	102	0
631	100	0
665	103	0
685	97	0
719	97	1
745	97	1
770	97	1
798	97	1
829	97	1
855	97	0
876	97	0
895	97	0
922	97	0
957	97	0
989	97	0
1027	97	0
6	124	0
33	124	0
63	124	0
82	124	0
117	124	0
147	124	0
175	130	0
203	126	0
231	124	0
260	133	1
285	135	1
309	130	1
328	130	1
349	130	1
389	124	0
418	124	0
434	124	0
464	124	0
485	124	0
508	124	0
533	124	0
555	124	0
577	124	0
602	124	0
633	124	0
664	124	0
685	124	0
719	124	0
745	124	0
770	124	0
798	124	0
831	130	1
857	131	1
876	124	1
895	124	1
922	121	1
959	118	1
989	124	0
1027	124	0
6	158	0
33	158	0
63	158	0
82	158	0
117	158	0
147	158	0
173	158	0
203	158	0
231	158	0
257	158	0
286	158	0
311	158	1
330	158	1
351	158	1
389	158	1
418	158	1
434	158	1
464	158	1
485	158	1
508	158	0
533	158	0
555	158	0
577	158	0
602	158	0
633	158	0
664	158	0
685	158	0
719	158	0
745	158	0
770	158	0
798	158	0
829	158	0
855	158	0
876	158	0
895	158	0
922	158	0
957	158	1
991	155	1
1027	148	1
8	186	0
33	187	0
63	187	0
82	187	0
117	187	0
147	187	0
173	187	0
203	187	0
231	187	0
257	187	0
286	187	0
311	187	0
330	187	0
351	187	0
389	187	0
418	187	1
434	187	1
464	187	1
485	187	1
508	187	1
533	187	1
555	187	1
577	187	1
602	187	0
633	187	0
664	187	0
685	187	0
719	187	0
745	187	0
770	187	0
798	187	0
829	187	0
855	187	0
876	187	0
895	187	0
922	187	0
957	187	0
989	187	0
1027	187	0
7	210	1
35	209	1
57	209	1
82	214	0
117	214	0
147	214	0
173	214	0
203	214	0
231	214	0
257	214	0
286	214	0
311	214	0
330	214	0
351	214	0
389	214	0
418	214	0
434	214	0
464	214	0
485	214	1
508	214	1
533	214	1
555	214	1
577	214	1
602	214	1
633	214	1
664	214	1
685	214	0
719	214	0
747	214	0
775	212	0
798	214	0
829	214	0
855	214	0
876	214	0
895	214	0
922	214	0
957	214	0
989	214	0
1027	214	0
6	243	0
31	242	0
63	243	1
82	243	1
117	243	1
147	243	1
173	243	1
203	243	0
231	243	0
257	243	0
286	243	0
311	243	0
330	243	0
351	243	0
389	243	0
418	243	0
434	243	0
464	243	0
485	243	0
508	243	0
533	243	0
555	243	0
577	243	0
602	243	0
637	247	1
664	243	1
685	243	1
720	239	1
750	236	1
771	239	1
798	243	0
829	243	0
859	239	0
875	239	0
895	239	0
922	243	0
957	243	0
989	243	0
1027	243	0
6	266	0
33	266	0
63	266	0
82	266	0
117	266	0
147	266	0
173	266	1
203	266	1
231	266	1
257	266	1
286	266	1
311	266	1
330	266	1
351	266	0
389	266	0
418	266	0
434	266	0
464	266	0
485	266	0
508	266	0
533	266	0
555	266	0
577	266	0
602	266	0
633	266	0
664	266	0
685	266	0
719	266	0
745	266	0
770	266	1
798	266	1
829	266	1
855	266	1
876	266	1
895	266	1
922	266	0
957	266	0
989	266	0
1027	266	0
6	302	0
33	302	0
63	302	0
82	302	0
117	302	0
147	302	0
173	302	0
203	302	0
231	302	0
257	302	1
286	302	1
311	302	1
330	302	1
351	302	1
389	302	1
418	302	1
434	302	1
464	302	0
485	302	0
508	302	0
533	302	0
555	302	0
577	302	0
602	302	0
633	302	0
664	302	0
685	302	0
719	302	0
745	302	0
770	302	0
798	302	0
829	302	0
855	302	0
876	302	0
895	302	1
925	295	1
951	294	1
991	295	1
1025	291	1
8	329	0
33	331	0
63	331	0
82	331	0
117	331	0
147	331	0
173	331	0
203	331	0
231	331	0
257	331	0
286	331	0
311	331	0
330	331	1
351	331	1
389	331	1
418	331	1
434	331	1
464	331	1
485	331	1
508	331	1
533	331	1
555	331	0
577	331	0
602	331	0
633	331	0
664	331	0
685	331	0
719	331	0
745	331	0
770	331	0
798	331	0
829	331	0
855	331	0
876	331	0
895	331	0
922	331	0
957	331	0
989	331	0
1027	331	0
11	350	1
33	353	0
63	353	0
82	353	0
117	353	0
147	353	0
173	353	0
203	353	0
231	353	0
257	353	0
286	353	0
311	353	0
330	353	0
351	353	0
390	355	0
418	353	0
434	353	0
463	360	1
486	360	1
509	360	1
535	360	1
557	358	1
580	359	1
602	353	1
633	353	0
664	353	0
685	353	0
719	353	0
745	353	0
770	353	0
798	353	0
829	353	0
855	353	0
876	353	0
895	353	0
922	353	0
957	353	0
989	353	0
1027	353	0
6	378	1
33	378	1
63	378	1
82	378	1
117	378	1
147	378	0
173	378	0
203	378	0
231	378	0
257	378	0
286	378	0
311	378	0
330	378	0
351	378	0
389	378	0
418	378	0
434	378	0
464	378	0
485	378	0
508	378	0
533	378	0
555	378	0
577	378	0
613	381	1
633	378	1
664	378	1
685	378	1
719	378	1
745	378	0
770	378	0
798	378	0
829	378	0
855	378	0
876	378	0
895	378	0
922	378	0
957	378	0
989	378	0
1027	378	0
8	399	0
32	399	0
63	403	0
85	402	0
114	400	0
147	392	0
171	394	0
202	394	0
230	395	0
257	395	0
286	397	0
311	397	0
330	397	0
351	397	0
389	397	0
418	397	0
434	397	0
464	397	0
485	397	0
508	397	0
533	397	0
555	397	0
577	397	0
602	399	0
632	402	0
666	401	0
685	397	0
719	397	0
745	397	0
770	397	1
798	397	1
829	397	1
855	397	0
876	397	0
895	397	0
922	397	0
957	397	0
989	397	0
1027	397	0
6	423	0
33	423	0
63	423	0
82	423	0
117	423	1
147	423	1
173	423	1
203	423	1
231	423	1
257	423	1
286	423	1
311	423	0
330	423	0
351	423	0
389	423	0
418	423	0
434	423	0
464	423	0
485	423	0
508	423	0
533	423	0
555	423	0
577	423	0
602	423	0
633	423	0
664	423	0
685	423	0
719	423	0
745	423	0
772	427	0
798	423	0
829	423	0
855	423	0
876	423	0
895	423	1
922	423	1
957	423	1
989	423	0
1027	423	0
6	455	0
33	455	0
63	455	0
82	455	0
117	455	0
147	455	0
173	455	0
203	455	1
231	455	1
257	455	1
286	455	1
311	455	1
330	455	1
351	455	1
391	455	0
418	455	0
434	455	0
464	455	0
485	455	0
508	455	0
533	455	0
555	455	0
577	455	0
602	455	0
633	455	0
664	455	0
685	455	0
719	455	0
745	455	0
770	455	0
798	455	0
829	455	0
855	455	0
876	455	0
895	455	0
922	455	0
963	456	1
989	455	1
1027	455	1
6	482	0
33	482	0
63	482	0
82	482	0
117	482	0
147	482	0
173	482	0
203	482	0
231	482	0
257	482	0
286	482	1
311	482	1
330	482	1
351	482	1
389	482	1
418	482	1
434	482	1
464	482	1
485	482	0
508	482	0
533	482	0
555	482	0
577	482	0
602	482	0
633	482	0
664	482	0
685	482	0
719	482	0
745	482	0
770	482	0
798	482	0
829	482	0
855	482	0
876	482	0
895	482	0
922	482	0
957	482	0
989	482	0
1027	482	0
6	511	0
33	511	0
63	511	0
82	511	0
117	511	0
147	511	0
173	511	0
203	511	0
231	511	0
257	511	0
286	511	0
311	511	0
330	511	0
351	511	0
389	511	0
418	511	1
434	511	1
464	511	1
485	511	1
508	511	1
533	511	1
555	511	1
577	511	0
602	511	0
633	511	0
664	511	0
685	511	0
719	511	0
745	511	0
770	511	0
798	511	0
829	511	0
855	511	0
876	511	0
895	511	0
922	511	0
957	511	0
989	511	0
1027	511	0
6	539	1
33	539	1
63	539	1
82	539	1
117	539	0
147	539	0
173	539	0
203	539	0
231	539	0
257	539	0
286	539	0
311	539	0
330	539	0
351	539	0
389	539	0
418	539	0
434	539	0
464	539	0
485	539	0
508	539	0
533	539	0
555	539	0
577	539	0
602	539	1
633	539	1
659	539	1
685	539	0
719	539	0
745	539	0
770	539	0
798	539	0
829	539	0
855	539	0
876	539	0
895	539	0
922	539	0
957	539	0
989	539	0
1027	539	0
6	567	0
33	567	0
63	567	1
82	567	1
117	567	1
147	567	1
173	567	1
203	567	1
231	567	1
257	567	0
286	567	0
311	567	0
330	567	0
351	567	0
389	567	0
418	567	0
434	567	0
464	567	0
485	567	0
508	567	0
533	567	0
555	567	0
577	567	0
602	567	0
633	567	0
664	567	0
685	567	0
719	567	1
745	567	1
770	567	1
798	567	1
829	567	0
855	567	0
876	567	0
895	567	0
922	567	0
957	567	0
989	567	0
1027	567	0
9	602	0
35	602	0
62	605	0
84	603	0
112	602	0
133	602	0
175	605	1
201	604	1
227	604	1
256	603	1
285	602	1
311	594	1
330	594	1
351	594	1
389	594	0
418	594	0
434	594	0
464	594	0
485	594	0
508	594	0
533	594	0
555	594	0
577	594	0
602	594	0
633	594	0
664	594	0
685	594	0
719	594	0
745	594	0
770	594	0
798	594	1
829	594	1
855	594	1
876	594	1
895	594	1
922	594	1
957	594	0
989	594	0
1027	594	0
6	638	0
33	638	0
63	638	0
82	638	0
117	638	0
147	638	0
173	638	0
203	638	0
231	638	1
257	638	1
286	638	1
311	638	1
330	638	1
351	638	1
389	638	1
418	638	1
434	638	1
464	638	1
485	638	0
508	638	0
533	638	0
555	638	0
577	638	0
602	638	0
633	638	0
664	638	0
685	638	0
719	638	0
745	638	0
770	638	0
798	638	0
829	638	0
855	638	0
876	638	0
895	638	0
925	626	1
959	626	1
991	627	1
1025	627	1
6	675	0
33	675	0
63	675	0
82	675	0
117	675	0
147	675	0
173	675	0
203	675	0
231	675	0
257	675	0
286	675	0
311	675	0
330	675	0
351	675	0
389	675	1
418	675	1
434	675	1
464	675	1
485	675	1
508	675	1
533	675	1
555	675	1
577	675	1
602	675	0
633	675	0
664	675	0
685	675	0
719	675	0
745	675	0
770	675	0
798	675	0
829	675	0
855	675	0
876	675	0
895	675	0
922	675	0
953	662	1
987	661	1
1027	655	1
