7	10	1
29	10	1
51	10	1
73	7	0
97	8	0
118	8	0
143	10	0
171	10	1
196	10	1
220	10	1
245	10	1
268	10	1
292	10	1
319	10	0
340	10	0
364	10	0
389	10	0
414	10	0
438	10	0
463	10	0
488	10	1
512	10	1
537	10	1
561	10	1
586	10	1
612	10	0
638	10	0
659	10	0
685	10	0
708	10	0
728	10	0
749	10	1
777	10	1
807	10	1
832	10	1
854	10	0
880	9	0
910	9	0
931	10	0
956	10	0
980	10	0
1004	10	0
1028	10	0
7	32	1
29	32	1
51	32	1
74	32	1
97	32	1
122	32	1
145	32	1
171	32	0
196	32	0
220	32	0
245	32	0
268	32	1
292	32	1
316	32	1
340	32	1
364	32	1
389	32	1
414	32	0
438	32	0
463	32	0
488	32	1
512	32	1
537	32	1
561	32	1
586	32	0
612	32	0
640	30	0
659	32	0
685	32	0
708	32	0
728	32	0
749	32	0
777	32	0
807	32	0
832	32	1
854	32	1
880	32	1
906	32	1
931	32	1
956	32	1
980	32	0
1004	32	0
1028	32	0
7	55	0
29	55	0
51	55	0
74	55	0
97	55	0
122	55	1
145	55	1
171	55	1
196	55	1
220	55	1
245	55	1
268	55	1
292	55	0
316	55	0
342	56	0
364	55	0
389	55	0
414	55	0
440	50	0
463	52	0
492	53	0
512	55	0
537	55	0
561	55	0
586	55	0
612	55	0
638	55	1
659	55	0
685	55	0
708	55	0
728	55	0
749	55	0
777	55	0
807	55	0
832	55	0
854	55	1
880	55	1
906	55	1
931	55	1
956	55	1
980	55	1
1004	55	0
1028	55	0
7	79	1
29	79	1
51	79	1
74	79	1
97	79	1
125	81	0
148	80	0
171	79	0
192	80	0
220	80	0
245	79	1
268	79	1
292	79	1
316	79	1
340	79	1
364	79	1
389	79	0
414	79	0
437	75	1
461	72	1
487	68	1
512	79	0
537	79	0
561	79	0
586	79	0
612	79	0
638	79	0
659	79	0
685	79	0
708	79	1
728	79	0
749	79	0
777	79	0
807	79	0
832	79	0
850	78	0
884	81	0
906	79	0
931	79	1
956	79	1
980	79	1
1004	79	1
1028	79	1
11	101	0
28	100	0
52	101	0
72	101	0
97	104	1
122	104	1
145	104	1
171	104	1
196	104	1
220	104	1
247	103	0
273	105	0
291	102	0
316	104	0
340	104	1
364	104	1
389	104	1
414	104	1
438	104	1
463	104	1
488	104	0
512	104	0
537	104	0
561	104	0
586	104	0
612	104	0
638	104	0
659	104	0
685	104	0
708	104	0
728	104	1
749	104	1
777	104	1
807	104	0
832	104	0
854	104	0
880	104	0
906	104	0
931	104	0
956	104	0
980	104	1
1004	104	1
1028	104	1
7	127	1
29	127	1
51	127	1
74	127	1
97	127	0
122	127	0
145	127	0
169	128	0
196	127	1
220	127	1
245	127	1
268	127	1
292	127	1
316	127	1
340	127	0
364	127	0
389	127	0
414	127	0
438	127	0
463	127	0
488	127	0
512	127	1
537	127	1
561	127	1
586	127	0
612	127	0
638	127	0
659	127	0
685	127	0
708	127	0
728	127	1
749	127	1
777	127	0
807	127	1
832	127	1
854	127	1
880	127	1
906	127	0
931	127	0
956	127	0
980	127	0
1004	127	0
1028	127	0
6	148	0
27	147	0
51	151	1
74	151	1
97	151	1
122	151	1
145	151	1
171	151	1
195	151	0
222	150	0
245	151	0
268	151	0
292	151	1
316	151	1
340	151	1
364	151	1
389	151	1
414	151	1
438	151	0
463	151	0
491	150	0
516	153	0
539	154	0
561	151	0
586	151	0
612	151	1
638	151	0
659	151	0
685	151	0
708	151	0
728	151	0
749	151	0
777	151	0
807	151	1
832	151	1
854	151	1
880	151	1
906	151	1
931	151	1
956	151	1
980	151	1
1004	151	0
1028	151	0
7	173	1
29	173	1
51	173	0
74	173	0
96	171	0
122	173	0
145	173	1
171	173	1
196	173	1
220	173	1
245	173	1
268	173	1
292	173	1
316	173	0
340	173	0
364	173	0
389	173	0
414	173	0
438	180	1
466	180	1
490	180	1
518	181	1
537	173	0
561	173	0
586	173	0
612	173	1
638	173	0
659	173	0
685	173	1
708	173	0
728	173	0
749	173	0
777	173	0
807	173	0
832	173	0
854	173	0
880	173	1
906	173	1
931	173	1
956	173	1
980	173	1
1004	173	0
1028	173	0
7	196	1
29	196	1
51	196	1
74	196	1
97	196	1
122	196	1
148	196	0
171	196	0
196	196	0
220	196	0
245	196	1
268	196	1
292	196	1
316	196	1
340	196	1
364	196	1
389	196	1
414	196	0
439	198	0
465	199	0
491	199	0
515	199	0
537	196	0
561	196	0
586	196	0
612	196	0
638	196	0
659	196	0
685	196	1
708	196	0
728	196	0
749	196	0
777	196	0
807	196	0
832	196	0
854	196	0
880	196	0
906	196	1
931	196	1
956	196	1
980	196	1
1004	196	1
1028	196	0
6	214	0
30	215	0
52	215	0
73	216	0
97	218	0
122	222	1
145	222	1
171	222	1
196	222	1
220	222	1
245	222	1
268	222	0
292	222	0
316	222	0
340	222	0
364	222	1
389	222	1
414	222	1
438	222	1
463	222	1
488	222	1
512	222	0
537	222	0
561	222	0
587	219	1
612	222	0
638	222	0
659	222	0
685	222	0
708	222	0
728	222	0
749	222	1
777	222	0
807	222	1
832	222	1
854	222	0
880	222	0
906	222	0
931	222	0
956	222	1
980	222	1
1004	222	1
1028	222	1
11	233	1
28	234	1
50	237	1
73	235	1
97	236	1
120	239	0
142	240	0
172	241	0
196	243	1
220	243	1
245	243	1
268	243	1
292	243	1
316	243	1
340	243	1
364	243	0
389	243	0
414	243	1
438	243	0
463	243	1
488	243	0
512	243	0
537	243	1
561	243	1
586	243	1
612	243	0
638	243	0
659	243	0
685	243	0
708	243	0
728	243	0
749	246	0
777	243	0
807	243	1
832	243	1
854	243	0
880	243	0
911	243	0
932	244	0
956	242	0
984	243	0
1002	245	0
1028	243	0
6	262	0
28	262	0
46	262	0
74	266	1
97	266	1
122	266	1
145	266	1
171	266	1
196	266	1
224	266	0
245	266	0
268	266	0
292	266	0
316	266	1
340	266	1
364	266	1
389	266	1
414	266	1
438	266	1
463	266	1
488	266	0
512	266	0
537	266	1
561	266	1
586	266	1
612	266	0
638	266	0
659	266	0
688	264	0
708	266	0
728	266	0
749	266	0
777	266	0
807	266	0
832	266	0
854	266	1
880	266	1
906	266	1
931	266	1
956	266	1
980	266	1
1004	266	1
1028	266	0
7	286	1
29	286	1
51	286	1
70	282	0
97	284	0
126	287	0
149	286	0
170	286	0
196	286	1
220	286	1
245	286	1
268	286	1
292	286	1
316	286	1
339	286	0
367	292	0
393	288	0
415	292	0
443	292	0
463	290	0
490	288	0
512	286	0
534	287	0
561	286	0
586	286	0
612	286	0
638	286	0
659	286	1
685	286	1
708	286	0
728	286	0
749	286	0
777	286	0
807	286	0
832	286	0
854	286	1
880	286	1
906	286	1
931	286	1
956	286	1
980	286	1
1004	286	1
1028	286	0
7	307	0
29	307	1
51	307	1
74	307	1
97	307	1
122	307	1
145	307	1
171	307	1
196	307	0
220	307	0
245	307	0
268	307	0
292	307	1
316	307	1
340	307	1
364	307	1
389	307	1
414	307	1
438	307	0
463	307	1
488	307	1
512	307	1
536	303	1
561	307	0
586	307	0
612	307	0
638	307	0
659	307	0
685	307	0
708	307	0
728	307	0
749	307	0
777	307	0
807	307	0
832	307	0
854	307	0
880	307	0
906	307	1
931	307	1
956	307	1
980	307	1
1004	307	1
1028	307	0
7	328	0
32	328	0
50	329	0
74	333	0
97	333	0
122	333	1
145	333	1
171	333	1
196	333	1
220	333	1
245	333	1
268	333	1
296	334	0
316	333	0
340	333	0
364	333	0
389	333	1
414	333	1
438	333	1
463	333	1
488	333	1
512	333	1
537	333	0
561	333	0
586	333	0
612	333	0
640	339	1
659	333	0
685	333	0
708	333	0
729	332	0
749	333	1
777	333	0
807	333	0
832	333	0
854	333	0
880	333	0
906	333	0
931	333	0
956	333	1
980	333	1
1004	333	1
1028	333	1
8	347	1
33	347	1
52	349	1
69	350	1
96	349	1
120	349	1
145	354	0
171	358	0
197	356	0
220	356	0
245	355	0
265	357	0
292	358	1
316	358	1
340	358	1
364	358	1
389	358	1
414	358	0
439	358	0
461	358	0
488	359	0
508	358	0
537	358	0
561	358	0
586	358	0
612	358	0
638	358	0
659	358	0
685	358	0
708	358	0
728	358	0
749	358	0
777	358	0
807	358	1
832	358	0
854	358	0
880	357	0
906	358	0
931	358	0
956	358	0
980	358	0
1004	358	1
1028	358	1
4	375	0
25	374	0
52	375	0
74	378	1
97	378	1
122	378	1
145	378	1
171	378	1
196	378	1
220	378	1
245	378	1
268	378	0
294	378	0
316	378	0
339	379	0
364	378	1
389	378	1
414	378	1
438	378	1
463	378	1
488	378	1
512	378	0
537	378	0
561	378	1
586	378	1
612	378	1
638	378	1
659	378	0
685	378	0
708	378	0
728	378	0
749	378	0
777	378	0
810	378	0
832	378	0
854	378	1
880	378	1
906	378	0
931	378	0
956	378	0
980	378	0
1004	378	0
1028	379	0
7	397	1
29	397	1
51	397	1
74	397	1
97	397	0
122	397	0
145	397	0
171	397	0
196	397	1
220	397	1
245	397	1
268	397	1
292	397	1
316	397	1
340	397	1
364	397	0
389	397	0
415	398	0
439	396	0
464	396	0
487	396	0
515	394	0
538	395	0
564	394	0
595	397	0
612	397	0
638	397	0
659	397	0
685	397	0
708	397	0
728	397	0
749	397	0
777	397	0
807	397	0
832	397	0
854	397	1
880	397	1
906	397	1
931	397	1
956	397	1
980	397	1
1004	397	1
1028	397	1
6	417	0
29	419	0
51	419	1
74	419	1
97	419	1
122	419	1
145	419	1
171	419	1
196	419	1
220	419	0
245	419	0
268	419	0
292	419	0
316	419	1
340	419	1
364	419	1
389	419	1
414	419	1
438	419	1
463	419	0
493	414	1
514	412	1
537	414	1
564	411	1
585	414	1
612	419	0
638	419	0
660	416	0
685	419	0
708	419	0
728	419	1
749	419	0
777	419	0
807	419	0
832	419	0
854	419	0
880	419	0
906	419	1
931	419	1
956	419	1
980	419	1
1004	419	1
1028	419	1
7	443	1
29	443	1
51	443	1
74	443	0
97	443	0
122	443	0
145	443	0
171	443	1
196	443	1
220	443	1
245	443	1
268	443	1
292	443	1
316	443	1
340	443	0
364	443	0
389	443	0
414	443	1
438	443	1
463	443	1
488	443	1
512	443	1
537	443	1
561	443	1
586	443	0
612	443	0
635	443	0
659	443	1
685	443	0
708	443	0
728	443	1
749	443	0
777	443	0
807	443	0
832	443	0
854	443	0
880	443	0
909	441	0
931	443	0
956	443	0
980	443	1
1004	443	1
1028	443	1
7	463	1
29	463	1
51	463	1
74	463	1
97	463	1
122	463	1
145	463	1
171	463	0
196	464	0
220	463	0
242	464	0
264	464	0
292	463	1
316	463	1
340	463	1
364	463	1
389	463	1
414	463	1
441	467	0
463	469	0
492	471	0
511	470	0
537	463	0
561	463	0
586	463	0
612	463	0
639	462	0
659	463	0
685	463	0
708	463	0
728	463	0
749	463	0
777	463	0
807	463	0
832	463	0
854	463	0
880	463	0
906	463	0
931	463	0
956	463	0
980	463	0
1004	463	0
1028	464	0
9	486	0
29	485	0
51	485	0
72	486	0
96	485	0
122	485	1
145	485	1
171	485	1
196	485	1
220	485	1
245	485	1
271	487	0
292	485	0
322	486	0
340	485	0
365	490	0
392	493	1
420	490	1
443	493	1
463	492	1
488	490	1
510	489	1
537	485	0
561	485	0
586	485	0
612	485	1
638	485	1
659	485	1
685	485	0
708	485	0
728	485	0
749	485	0
777	485	0
807	485	0
832	485	0
856	482	0
880	485	0
906	485	0
931	485	0
956	485	0
980	485	0
1004	485	1
1028	485	1
7	508	1
29	508	1
51	508	1
74	508	1
97	508	1
122	508	0
145	508	0
171	508	0
196	508	0
220	508	1
245	508	1
268	508	1
292	508	1
316	508	1
340	508	1
364	508	1
392	513	0
419	513	0
440	514	0
463	513	0
487	513	0
508	516	0
536	518	1
564	515	1
589	517	1
615	514	1
638	508	0
659	508	0
685	508	0
708	508	0
728	508	0
749	508	0
777	508	0
807	508	0
832	508	0
854	508	1
880	508	0
906	508	0
931	508	1
956	508	1
980	508	1
1004	508	1
1028	508	1
10	530	0
28	531	0
52	531	0
74	533	1
97	533	1
122	533	1
145	533	1
171	533	1
196	533	1
220	533	1
248	531	0
272	531	0
300	531	0
316	533	1
340	533	1
364	533	1
389	533	1
414	533	1
438	533	1
463	533	1
492	538	0
508	540	0
537	541	0
557	542	0
589	541	0
610	538	0
638	533	0
659	533	0
685	533	0
708	531	0
728	533	0
749	533	0
777	533	0
807	533	0
832	533	0
854	533	0
880	533	0
906	533	0
931	533	1
956	533	1
980	533	1
1004	533	1
1026	526	0
7	558	1
29	558	1
51	558	1
72	554	1
92	554	0
119	554	0
140	556	0
171	558	0
196	558	1
220	558	1
245	558	1
268	558	1
292	558	1
316	558	1
343	558	0
366	559	0
389	558	0
419	560	0
438	558	0
463	558	1
488	558	1
512	558	1
537	558	1
561	558	1
586	558	1
612	558	0
638	558	0
659	558	0
685	558	1
708	558	1
728	558	0
749	558	0
777	558	0
807	558	0
832	558	0
854	558	0
880	558	0
906	558	0
931	558	0
956	558	1
980	558	1
1004	558	1
1028	558	1
7	582	0
25	581	0
51	582	1
74	582	1
97	582	1
122	582	1
145	582	1
171	582	1
199	579	0
217	580	0
245	582	0
265	579	0
292	582	1
316	582	1
340	582	1
364	582	1
389	582	1
414	582	1
438	582	1
463	582	1
488	582	0
512	582	0
537	582	0
557	581	0
586	582	0
612	582	0
639	578	0
659	578	0
685	582	0
708	582	0
728	582	0
749	582	0
777	582	1
807	582	0
832	582	0
854	582	0
880	582	0
906	582	0
931	582	0
956	582	0
980	582	0
1004	582	1
1028	582	1
7	603	1
29	603	1
51	603	0
74	603	0
97	603	0
122	603	0
145	603	1
171	603	1
196	603	1
220	603	1
245	603	1
268	603	1
292	603	1
316	602	0
340	603	0
361	606	0
391	602	0
414	603	1
438	603	1
463	603	1
488	603	1
512	603	1
537	603	1
561	603	1
586	603	0
612	603	0
638	603	1
659	603	1
685	603	1
708	603	0
728	603	0
749	603	0
777	603	0
807	603	0
839	608	1
859	603	0
880	603	0
906	603	0
931	603	0
956	603	0
980	603	0
1004	603	0
1028	603	1
7	626	1
29	626	1
51	626	1
74	626	1
97	626	1
122	626	1
145	626	1
171	625	0
194	626	0
220	626	0
245	626	0
268	626	1
292	626	1
316	626	1
340	626	1
364	626	1
389	626	1
419	624	0
444	624	0
462	625	0
488	625	0
520	626	0
537	626	0
561	626	0
586	626	1
612	626	1
638	626	1
659	626	0
685	626	0
708	626	0
728	626	0
749	626	0
777	626	0
807	626	0
831	625	0
855	622	0
880	626	0
906	626	1
931	626	1
958	623	0
980	626	0
1004	626	0
1028	626	0
7	651	0
29	651	0
51	651	0
74	651	0
95	652	0
122	651	1
145	651	1
171	651	1
196	651	1
220	651	1
245	651	1
272	652	0
292	651	0
316	651	0
338	652	0
364	651	1
389	651	1
414	651	1
438	651	1
463	651	1
488	651	1
512	651	1
537	651	0
561	651	0
588	653	0
612	654	0
640	655	0
659	651	0
685	651	1
708	651	0
728	651	0
749	651	0
777	651	0
807	651	0
832	651	0
854	651	0
880	651	0
906	651	1
931	651	1
956	651	1
980	651	1
1004	651	1
1028	651	1
7	678	1
29	678	1
51	678	1
74	678	1
97	678	1
122	678	0
145	678	0
171	678	0
196	678	0
220	678	1
245	678	1
268	678	1
292	678	1
316	678	1
340	678	1
364	678	1
389	678	1
414	678	1
438	678	0
463	678	0
488	678	0
512	678	0
537	678	1
561	678	1
586	678	1
612	678	0
638	678	0
659	678	0
685	678	0
708	678	0
728	678	0
752	682	1
776	678	0
807	678	0
832	678	0
854	678	0
880	678	0
906	678	0
931	678	0
956	678	1
980	678	1
1004	678	1
1028	678	1
