7	7	1
31	7	1
56	7	1
81	7	1
106	7	1
132	7	1
154	7	1
180	7	1
206	7	1
232	7	1
256	7	1
283	7	1
309	7	1
335	7	0
362	7	0
388	7	0
415	7	0
440	7	0
466	7	0
494	7	0
519	7	0
545	7	0
573	7	1
599	7	1
625	7	1
653	7	1
681	7	1
708	7	1
735	7	1
761	7	1
787	7	1
812	7	0
837	7	0
863	7	1
890	7	1
917	7	1
945	7	1
974	7	1
999	7	1
1019	8	0
7	29	1
31	29	1
56	29	1
81	29	1
106	29	1
132	29	1
154	29	1
180	29	1
206	29	1
232	29	1
256	29	1
283	29	1
309	29	1
335	29	1
362	29	1
388	29	1
415	29	1
440	29	0
466	29	0
494	29	0
521	27	0
545	29	0
573	29	0
599	29	0
625	29	1
653	29	1
681	29	1
705	29	0
735	29	1
761	29	1
787	29	1
812	29	1
837	29	1
863	29	1
894	25	0
917	29	1
945	29	1
974	29	1
999	29	1
1024	29	1
7	52	0
31	52	0
56	52	0
81	52	0
106	52	0
132	52	1
154	52	1
180	52	1
206	52	1
232	52	1
256	52	1
283	52	1
309	52	1
335	52	1
362	52	1
388	52	1
415	52	1
440	52	1
466	52	1
494	52	1
519	52	1
545	52	0
573	52	0
599	52	0
625	52	1
653	52	1
681	52	1
708	52	1
735	52	1
761	52	1
787	52	0
812	52	1
837	52	1
863	52	1
890	52	1
917	52	1
945	52	1
975	44	0
999	52	1
1024	52	1
7	74	0
31	74	0
56	74	0
81	74	0
106	74	0
132	74	0
154	74	0
180	74	0
206	74	0
232	74	1
256	74	1
283	74	1
309	74	1
335	74	1
362	74	1
388	74	1
415	74	1
440	74	1
466	74	1
494	74	1
519	74	1
545	74	1
573	74	1
599	74	1
625	74	1
653	74	0
681	74	0
708	74	1
735	74	1
761	74	1
787	74	1
812	74	1
837	74	0
863	74	0
890	74	1
917	74	1
945	74	1
974	74	1
999	74	1
1024	74	1
7	99	1
31	99	0
56	99	0
81	99	0
106	99	0
132	99	0
154	99	0
180	99	0
206	99	0
232	99	0
256	99	0
283	99	0
309	99	1
335	99	1
362	99	1
388	99	1
415	99	1
440	99	1
466	99	1
494	99	1
519	99	1
545	99	1
573	99	1
599	99	1
625	99	0
653	99	1
681	99	1
708	99	1
735	99	0
761	99	1
787	99	1
812	99	1
837	99	1
863	99	1
890	99	1
919	92	0
945	99	1
974	99	1
995	107	0
1024	99	1
7	126	1
31	126	1
56	126	1
81	126	1
106	126	1
132	126	1
154	126	0
180	126	0
206	126	0
232	126	0
256	126	0
283	126	0
309	126	0
335	126	0
362	126	0
388	126	0
415	126	0
440	126	1
466	126	1
494	126	1
519	126	1
545	126	1
573	126	1
599	126	1
625	126	1
653	126	1
681	126	1
708	126	1
735	126	1
761	126	1
787	126	1
811	118	0
837	126	1
863	126	1
886	134	0
917	126	1
945	126	1
974	126	1
999	126	1
1024	126	1
7	157	1
31	157	1
56	157	1
81	157	1
106	157	1
132	157	1
154	157	1
180	157	1
206	157	1
232	157	1
256	157	1
283	157	1
309	157	1
335	157	1
362	157	1
388	157	0
415	157	0
440	157	0
466	157	0
494	157	0
519	157	0
546	152	1
570	152	1
600	152	1
628	152	1
653	157	1
681	157	1
708	157	1
735	157	1
751	160	0
787	157	1
812	157	1
837	157	1
863	157	1
890	157	1
917	157	1
949	154	0
974	157	1
999	157	1
1024	157	1
7	183	0
31	183	0
56	183	0
81	183	1
106	183	1
132	183	1
154	183	1
180	183	1
206	183	1
232	183	1
256	183	1
283	183	1
309	183	1
335	183	1
362	183	1
388	183	0
415	183	0
440	183	0
466	183	0
494	183	0
519	183	0
545	183	0
573	183	0
599	183	0
625	183	1
653	183	1
681	183	1
708	183	1
735	183	1
761	183	1
787	183	1
812	183	1
831	185	0
863	183	1
890	183	1
917	183	1
945	183	1
974	183	1
999	183	1
1028	185	0
7	215	0
31	215	0
56	215	0
81	215	0
106	215	0
132	215	0
154	215	1
180	215	1
206	215	1
232	215	1
256	215	1
283	215	1
309	215	1
335	215	1
362	215	1
388	215	1
415	215	1
440	215	1
466	215	1
494	215	1
519	215	1
545	215	1
573	215	1
599	215	1
625	215	1
653	215	1
681	215	1
708	222	0
735	215	1
761	215	1
787	215	1
812	215	1
837	215	1
863	215	1
895	215	0
917	215	1
945	215	1
974	215	1
999	215	1
1024	215	1
7	240	0
31	240	0
56	240	0
81	240	0
106	240	0
132	240	0
154	240	0
180	240	0
206	240	0
232	240	0
256	240	0
283	240	1
309	240	1
335	240	1
362	240	1
388	240	1
415	240	1
440	240	1
466	240	1
494	240	1
519	240	1
545	240	1
573	240	1
599	240	1
625	240	1
653	240	1
681	240	1
708	240	1
735	240	1
761	240	1
788	240	0
812	240	1
837	240	1
863	240	1
890	240	1
917	240	1
945	240	1
974	237	0
999	240	1
1024	240	1
7	267	1
31	267	1
56	267	1
81	267	1
106	267	1
132	267	0
154	267	0
180	267	0
206	267	0
232	267	0
256	267	0
283	269	0
309	267	0
335	267	0
362	267	0
388	267	1
415	267	1
440	267	1
466	267	1
494	267	1
519	267	1
545	267	1
573	267	1
599	267	1
625	267	1
660	269	0
681	267	1
708	267	1
735	267	1
761	267	1
787	267	1
812	267	1
837	267	1
854	262	0
890	267	1
917	267	1
945	267	1
974	267	1
999	267	1
1024	267	1
7	290	1
31	290	1
56	290	1
81	290	1
106	290	1
132	290	1
154	290	1
180	290	1
206	290	1
232	290	0
256	290	0
283	290	0
312	288	0
336	286	0
362	290	0
388	290	0
415	290	0
440	290	0
466	290	0
494	290	0
519	290	0
545	290	0
573	290	0
599	290	0
625	290	1
653	290	1
681	290	1
708	290	1
737	287	0
761	290	1
787	290	1
812	290	1
837	290	1
863	290	1
890	290	1
923	283	0
945	290	1
974	290	1
999	298	0
1024	290	1
9	324	1
31	321	1
56	321	1
81	321	1
106	321	1
132	321	1
154	321	1
180	321	1
206	321	1
232	321	1
256	321	1
283	321	1
306	317	1
334	313	1
362	321	0
388	321	0
415	321	0
440	321	0
466	321	0
494	321	0
519	321	0
545	321	0
573	321	0
599	321	0
625	321	1
653	321	1
683	329	0
708	321	1
735	321	1
761	321	1
787	321	1
811	311	0
837	321	1
863	321	1
884	331	0
917	321	1
945	321	1
974	321	1
999	321	1
1024	321	1
7	353	0
31	353	0
56	353	0
81	353	0
106	353	0
132	353	1
154	353	1
180	353	1
206	353	1
232	353	1
256	353	1
283	353	1
309	353	1
335	353	1
362	353	1
388	349	1
415	353	1
440	353	1
466	353	1
494	353	1
519	353	1
543	345	1
573	353	0
599	353	0
625	353	1
653	353	1
681	353	1
708	353	1
735	353	1
761	353	0
787	353	1
812	353	1
837	353	1
863	353	1
890	353	1
917	353	1
955	351	0
974	353	1
999	353	1
1024	353	1
7	379	0
31	379	0
56	379	0
81	379	0
106	379	0
132	379	0
154	379	0
180	379	0
206	379	0
232	379	1
256	379	1
283	379	1
309	379	1
335	379	1
362	379	1
388	379	1
415	379	1
440	379	1
466	379	1
494	379	1
519	379	1
545	379	1
573	379	1
599	379	1
625	379	1
653	379	0
681	379	1
708	379	1
735	379	1
761	379	1
787	379	1
812	379	1
837	379	0
863	379	1
890	379	1
917	379	1
945	379	1
974	379	1
999	379	1
1024	379	1
7	399	1
31	399	1
56	399	1
81	399	0
106	399	0
132	399	0
154	399	0
180	399	0
206	399	0
232	399	0
256	399	0
283	399	0
309	399	0
335	399	0
362	399	1
388	399	1
415	399	1
440	399	1
466	399	1
494	399	1
519	399	1
545	399	1
573	399	1
599	399	1
625	399	1
653	399	1
681	399	1
708	399	0
735	399	1
761	399	1
787	399	1
812	399	1
837	399	1
863	399	1
890	399	1
917	399	0
945	399	1
974	399	1
999	399	1
1024	399	1
7	425	1
31	425	1
56	425	1
81	425	1
106	425	1
132	425	1
154	425	1
180	425	1
206	425	0
232	425	0
256	425	0
283	425	0
309	425	0
335	425	0
362	425	0
388	425	0
415	425	0
440	425	0
466	425	1
494	425	1
519	425	1
545	425	1
573	425	1
599	425	1
625	425	1
653	425	1
681	425	1
708	425	1
735	425	1
761	425	1
787	425	0
812	425	1
837	425	1
863	425	1
890	425	1
917	425	1
945	425	1
974	425	0
999	425	0
1024	425	1
7	461	1
31	461	1
56	461	1
81	461	1
106	461	1
132	461	1
154	461	1
180	461	1
206	461	1
232	461	1
256	461	1
283	461	1
309	461	1
335	461	1
362	461	1
388	461	1
415	461	0
440	461	0
466	461	0
494	461	0
519	461	0
545	461	0
571	459	1
599	454	1
624	450	1
653	461	1
681	461	1
708	461	1
735	461	1
751	475	0
787	461	1
812	461	1
837	461	1
863	452	0
890	461	1
917	461	1
939	468	0
974	461	1
999	461	1
1024	461	1
7	495	0
31	495	0
56	495	0
81	495	1
106	495	1
132	495	1
154	495	1
180	495	1
206	495	1
232	495	1
256	495	1
283	495	1
309	495	1
335	495	1
362	495	1
388	495	1
415	495	1
440	495	1
466	495	1
494	495	1
519	495	1
545	495	0
573	495	0
599	495	0
625	495	1
653	495	1
681	495	1
708	495	1
735	495	1
761	495	1
787	495	1
812	495	0
837	495	0
863	495	1
890	495	1
917	495	1
945	495	1
974	495	1
999	495	0
1024	495	1
7	517	0
31	517	0
56	517	0
81	517	0
106	517	0
132	517	0
154	517	0
180	517	1
206	517	1
232	517	1
256	517	1
283	517	1
309	517	1
335	517	1
362	517	1
388	517	1
415	517	1
440	517	1
466	517	1
494	517	1
519	517	1
545	517	1
573	517	1
599	517	1
625	517	1
653	517	1
690	519	0
708	517	1
735	517	1
761	517	1
787	517	1
812	517	1
837	517	1
863	517	1
891	517	0
917	517	1
945	517	1
974	517	1
999	517	1
1024	517	1
7	539	1
31	539	1
56	539	1
81	539	1
106	539	0
132	539	0
154	539	0
180	539	0
206	539	0
232	539	0
256	539	0
283	539	0
309	539	1
335	539	1
362	539	1
388	539	1
415	539	1
440	539	1
466	539	1
494	539	1
519	539	1
545	539	1
573	539	1
599	539	1
625	539	1
653	539	1
681	539	1
708	539	1
735	539	1
761	539	0
787	539	0
812	539	1
837	539	1
863	539	1
890	539	1
917	539	1
945	539	1
974	539	0
999	539	1
1024	539	1
7	571	1
31	571	1
56	571	1
81	571	1
106	571	1
132	571	1
154	571	0
179	571	0
209	567	0
235	565	0
257	563	0
285	568	0
309	571	0
335	571	0
362	571	0
388	571	0
415	571	0
443	563	1
468	561	1
495	559	1
521	561	1
547	563	1
571	563	1
597	562	1
620	563	1
653	571	0
681	571	1
708	571	1
735	571	1
761	571	1
787	571	1
812	571	1
839	565	0
863	571	1
890	571	1
917	571	1
945	571	1
974	571	1
999	571	1
1028	564	0
7	599	1
31	599	1
56	599	1
81	599	1
106	599	1
132	599	1
154	599	1
179	594	1
201	591	1
229	591	1
251	587	1
279	585	0
310	590	0
336	588	0
363	592	0
390	591	0
415	599	0
440	599	0
466	599	0
494	599	0
519	599	0
545	599	0
573	599	0
599	599	0
625	599	0
653	599	1
681	599	1
708	599	1
732	595	0
761	599	1
791	611	0
812	599	1
837	599	1
863	599	1
890	599	1
917	589	0
945	599	1
974	599	1
990	603	0
1024	599	1
7	629	0
31	629	0
56	629	1
81	629	1
106	629	1
132	629	1
154	629	1
180	629	1
206	629	1
231	625	1
255	623	1
279	622	1
302	616	1
331	617	1
356	612	1
387	618	0
417	615	0
434	619	0
468	623	0
496	622	0
519	629	0
545	629	0
573	629	0
599	629	0
625	629	0
653	629	1
681	629	1
708	629	1
735	629	1
761	629	1
787	629	1
812	629	1
837	629	1
864	637	0
890	629	1
917	629	1
945	629	1
974	629	1
999	629	1
1024	629	1
7	653	0
31	653	0
56	653	0
81	653	0
106	653	0
132	653	0
154	653	0
180	653	1
206	653	1
232	653	1
256	653	1
283	653	1
309	653	1
335	653	1
362	653	1
384	644	1
416	646	1
440	648	1
463	647	1
494	653	0
519	652	0
542	651	0
571	651	0
599	653	0
625	653	0
653	653	0
681	653	1
708	653	1
748	662	0
761	653	1
787	653	1
812	653	1
837	653	1
863	653	1
890	653	1
917	653	1
938	655	0
974	653	1
999	653	1
1024	653	1
7	679	0
31	679	0
56	679	0
81	679	0
106	679	0
132	679	0
154	679	0
180	679	0
206	679	0
232	679	0
256	679	0
283	679	1
309	679	1
335	679	1
362	679	1
388	679	1
415	679	1
440	679	1
466	679	1
494	679	1
519	679	1
545	679	1
573	679	1
599	679	1
625	679	1
653	679	1
681	679	1
708	679	1
735	679	1
761	679	1
787	679	1
812	679	1
839	683	0
863	679	1
890	679	1
917	679	1
945	679	1
974	679	1
999	679	1
1024	679	0
