14	6	0
24	6	0
49	6	0
76	6	0
94	6	0
116	6	0
139	6	1
159	6	1
184	6	1
202	6	1
226	6	1
244	6	1
262	6	1
292	6	1
339	6	0
374	6	0
399	6	0
421	6	0
440	6	0
466	6	0
489	6	0
505	6	0
526	6	0
541	6	0
555	6	0
576	6	0
601	6	0
628	6	0
643	6	0
660	6	0
683	6	0
706	6	0
737	6	1
760	6	1
772	6	1
801	6	1
822	6	1
851	6	1
874	6	1
890	6	1
907	6	1
935	6	1
958	6	1
968	6	1
990	6	0
1008	7	0
1025	6	0
14	33	0
24	33	0
49	33	0
76	33	0
94	33	0
116	33	0
139	33	0
159	33	0
184	33	0
202	33	0
226	33	0
244	33	1
262	33	1
292	33	1
339	33	1
374	33	1
399	33	1
421	33	1
440	33	0
466	33	0
489	33	0
509	32	0
521	31	0
534	34	0
555	33	0
576	33	0
601	33	0
628	33	0
643	33	0
660	33	0
683	33	0
706	33	0
737	33	0
760	33	0
772	33	0
801	33	0
821	34	0
851	33	1
874	33	1
890	33	1
907	33	1
935	33	1
958	33	1
968	33	1
990	33	1
1004	33	1
1025	33	1
14	56	1
24	56	1
49	56	1
76	56	0
94	56	0
116	56	0
139	56	0
159	56	0
184	56	0
202	56	0
226	56	0
244	56	0
262	56	0
292	56	0
339	56	1
374	56	1
399	56	1
421	56	1
440	56	1
466	56	1
489	56	1
505	56	1
526	56	1
541	56	1
555	56	1
576	56	1
601	56	1
628	56	1
643	56	1
660	56	0
683	56	0
706	56	0
737	56	0
760	56	0
772	56	0
801	56	0
822	56	0
851	56	0
874	56	0
890	56	0
907	56	0
935	56	1
958	56	1
968	56	1
990	56	1
1004	56	1
1025	56	1
14	83	1
24	83	1
49	83	1
76	83	1
94	83	1
116	83	1
139	83	1
159	83	1
184	83	1
202	83	0
226	83	0
244	83	0
262	83	0
292	83	0
339	83	0
374	83	0
399	83	0
421	83	0
440	83	0
466	83	1
489	83	1
505	83	1
526	83	1
541	83	1
555	83	1
576	83	1
601	83	1
628	83	1
643	83	1
660	83	1
683	83	1
706	83	0
737	83	0
760	83	0
772	83	1
801	83	0
822	83	0
851	83	0
874	83	0
890	83	0
907	83	0
935	83	0
958	83	0
974	80	0
993	82	0
1004	83	0
1025	83	0
14	104	1
24	104	1
49	104	1
76	104	1
94	104	1
116	104	1
139	104	1
159	104	1
184	104	1
202	104	0
226	104	0
244	104	0
262	104	0
292	104	0
339	104	0
374	104	0
399	104	0
421	104	0
440	104	0
466	104	0
491	101	0
503	105	0
527	106	0
541	104	1
559	104	1
576	104	1
601	104	1
628	104	1
643	104	1
660	104	1
683	104	1
706	104	1
737	104	1
760	104	1
772	104	1
801	104	0
822	104	0
851	104	0
874	104	0
889	104	0
910	104	0
935	104	0
958	104	0
968	104	0
990	104	0
1004	104	0
1025	104	0
14	134	0
24	134	0
49	134	0
76	134	0
94	134	1
116	134	1
139	134	1
159	134	1
184	134	1
202	134	1
226	134	1
244	134	1
262	134	1
292	134	0
339	134	0
374	134	0
399	134	0
421	134	0
440	134	0
466	134	0
489	134	0
505	134	0
526	134	0
541	134	0
555	134	0
576	134	0
601	134	0
628	134	0
643	134	0
660	134	0
683	134	1
706	134	1
737	134	1
760	134	1
772	134	1
801	134	1
822	134	1
851	134	1
874	134	1
890	134	1
907	134	1
935	134	1
958	134	1
968	134	1
990	134	1
1004	134	1
1025	134	0
14	163	0
24	163	0
49	163	0
76	163	0
94	163	0
116	163	0
139	163	0
159	163	0
184	163	0
202	163	1
226	163	1
244	163	1
262	163	1
292	163	1
339	163	1
374	163	1
399	163	0
421	163	0
440	163	0
466	163	0
489	163	0
505	163	0
526	163	0
541	163	0
555	163	0
576	163	0
601	163	0
628	163	0
643	163	0
660	163	0
683	163	0
706	163	0
737	165	0
760	163	0
772	163	0
801	163	1
822	163	1
851	163	1
874	163	1
890	163	1
907	163	1
935	163	1
958	163	1
968	163	1
990	163	1
1004	163	1
1025	163	1
14	200	1
24	200	0
49	200	0
76	200	0
94	200	0
116	200	0
139	200	0
159	200	0
184	200	0
202	200	0
226	200	0
244	200	0
262	200	0
292	200	0
339	200	1
374	200	1
399	200	1
421	200	1
440	200	1
466	200	1
489	200	1
505	200	1
526	198	1
541	200	1
555	200	1
576	200	1
601	200	1
628	200	1
643	200	1
660	200	0
683	200	0
706	200	0
737	200	0
760	199	0
772	200	0
801	200	0
822	200	0
851	200	1
874	200	0
890	200	1
907	200	1
935	200	1
958	200	1
968	200	1
990	200	1
1004	200	1
1025	200	1
14	237	1
24	237	1
49	237	1
76	237	1
94	237	1
116	237	1
139	237	0
159	237	0
186	237	0
202	237	0
224	237	0
244	237	0
262	237	0
292	237	0
339	237	0
374	237	0
399	237	0
421	237	0
438	239	0
466	241	0
488	239	0
505	237	0
526	237	0
541	237	1
555	237	1
576	237	1
601	237	1
628	237	1
643	237	1
660	237	1
683	237	1
706	237	1
737	237	1
760	237	1
772	237	0
801	237	0
822	237	0
850	199	0
874	237	0
890	237	0
907	237	0
935	237	0
958	237	0
968	237	0
990	237	0
1004	237	0
1025	237	0
14	265	0
24	265	0
49	265	1
76	265	1
94	265	1
116	265	1
139	265	1
159	265	1
184	265	1
202	265	1
226	265	1
244	265	0
262	265	0
292	265	0
339	265	0
374	265	0
399	265	0
421	265	0
440	265	0
466	265	0
489	265	0
505	265	0
526	265	0
541	265	0
554	266	0
574	266	0
601	265	0
628	265	1
643	265	1
660	265	1
683	265	1
706	265	1
737	265	1
760	265	1
772	265	1
801	265	1
822	265	1
851	265	1
874	265	1
890	265	0
907	265	0
935	265	0
958	265	0
968	265	0
990	265	0
1004	265	0
1025	265	0
14	300	0
24	300	0
49	300	0
76	300	0
94	300	0
116	300	0
139	300	0
159	300	1
184	300	1
202	300	1
226	300	1
244	300	1
262	300	1
292	300	1
339	300	1
374	300	0
399	300	0
421	300	0
442	301	0
466	300	0
489	300	0
505	300	0
526	300	0
541	300	0
555	300	0
576	300	0
601	300	0
628	300	0
643	300	0
660	300	0
683	300	0
706	300	0
737	300	0
760	300	1
772	300	1
801	300	1
822	300	1
851	300	1
874	300	1
890	300	1
907	300	1
935	300	1
958	300	1
968	300	1
990	300	1
1004	300	1
1025	300	1
14	326	0
24	326	0
49	326	0
76	326	0
94	326	0
116	326	0
139	326	0
159	326	0
184	326	0
202	326	0
226	326	0
244	326	0
262	326	0
292	326	1
339	326	1
374	326	1
399	326	1
421	326	1
440	326	1
466	326	1
489	326	1
505	326	1
526	326	0
541	326	0
555	326	0
576	326	0
601	326	0
628	326	0
643	326	0
660	326	0
683	326	0
706	326	0
737	326	0
760	326	0
772	326	0
801	326	0
822	326	0
851	326	0
874	326	1
890	326	1
907	326	1
935	326	1
958	326	1
968	326	1
990	326	1
1004	326	1
1025	326	1
14	369	1
24	369	1
49	369	1
76	369	1
94	369	0
116	369	0
139	369	0
159	369	0
184	369	0
202	369	0
226	369	0
244	369	0
262	369	0
292	369	0
339	369	0
374	369	0
399	369	1
421	369	1
440	369	1
466	369	1
489	369	1
505	369	1
526	369	1
541	369	1
555	369	1
576	369	1
601	369	1
628	369	1
643	369	1
660	369	1
683	369	1
706	369	1
737	369	0
760	369	0
772	369	0
801	369	0
822	369	0
851	369	0
874	369	0
890	369	1
907	369	0
935	369	0
958	369	0
968	369	0
990	369	0
1004	369	0
1025	369	0
14	403	1
24	403	1
49	403	1
76	403	1
94	403	1
116	403	1
139	403	1
159	403	1
184	403	1
202	403	0
226	403	0
245	405	0
262	403	0
292	403	0
339	403	0
374	403	0
399	403	0
421	403	0
440	403	0
466	403	0
489	403	0
505	403	1
526	403	1
541	403	1
555	403	1
576	403	1
601	403	1
628	403	1
643	403	1
660	403	1
683	403	1
706	403	1
737	403	1
760	403	1
772	403	1
801	403	1
822	403	1
851	403	0
874	403	0
891	367	0
907	403	0
935	403	0
958	403	0
968	403	0
990	403	0
1004	403	0
1025	403	0
14	430	0
24	430	0
49	430	0
76	430	0
94	430	0
116	430	0
139	430	1
159	430	1
184	430	1
202	430	1
226	430	1
244	430	1
262	430	1
292	430	1
339	430	0
374	430	0
399	430	0
421	430	0
440	430	0
466	430	0
489	430	0
505	430	0
526	430	0
541	430	0
555	430	0
576	430	0
601	430	1
628	430	1
643	430	1
660	430	1
683	430	1
706	430	1
737	430	1
760	430	1
772	430	1
801	430	1
822	430	1
851	430	1
874	430	1
890	430	1
907	430	1
935	430	1
958	430	1
968	430	1
990	430	0
1004	430	0
1025	430	0
14	461	0
24	461	0
49	461	0
76	461	0
94	461	0
116	461	0
139	461	0
159	461	0
184	461	0
202	461	0
226	461	0
244	461	0
262	461	1
292	461	1
339	461	1
374	461	1
399	461	1
421	461	1
440	461	1
466	461	0
489	461	0
505	461	0
526	461	0
541	461	0
555	461	0
576	461	0
601	461	0
628	461	0
643	461	0
660	461	0
683	461	0
706	461	0
737	461	1
760	461	1
772	461	1
801	461	1
822	461	1
851	461	1
874	461	1
890	461	1
907	461	1
935	461	1
958	461	1
968	461	1
990	461	1
1004	461	1
1025	461	1
14	484	0
24	484	0
49	484	0
76	484	0
94	484	0
116	484	0
139	484	0
159	484	0
184	484	0
202	484	0
226	484	0
244	484	0
262	484	0
292	484	0
339	484	0
374	484	1
399	484	1
421	484	1
440	484	1
466	484	1
489	484	1
505	484	1
526	484	1
541	484	1
555	484	1
576	484	0
601	484	0
628	484	0
643	484	0
660	484	0
683	484	0
706	484	0
737	484	0
760	484	0
772	484	0
801	484	0
822	484	0
851	484	1
874	484	1
890	484	1
907	484	1
935	484	1
958	484	1
968	484	1
990	484	1
1004	484	1
1025	484	1
14	524	1
24	524	1
50	523	0
76	524	0
94	524	0
116	524	0
139	524	0
159	524	0
184	524	0
202	524	0
226	524	0
244	524	0
262	524	0
292	524	0
339	524	0
374	524	1
399	524	1
421	524	1
440	524	1
466	524	1
489	524	1
505	524	1
526	524	1
541	524	1
555	524	1
576	524	1
601	524	1
628	524	1
643	524	1
660	524	1
683	524	0
706	524	0
737	524	0
760	524	0
772	524	0
801	524	0
822	524	0
851	524	0
874	524	0
890	524	0
907	524	0
935	524	0
958	524	0
968	524	0
990	524	0
1004	524	0
1025	524	0
14	557	1
24	557	1
49	557	1
76	557	1
94	557	1
116	557	1
139	557	1
159	557	1
184	557	0
202	557	0
226	557	0
244	557	0
262	557	0
292	557	0
339	557	0
374	557	0
399	557	0
421	557	0
440	557	0
466	557	1
489	557	1
505	557	1
526	557	1
541	557	1
555	557	1
576	557	1
601	557	1
628	557	1
643	557	1
660	557	1
683	557	1
706	557	1
737	557	1
760	557	1
772	557	1
801	557	1
822	557	0
851	557	0
874	557	0
890	557	0
907	557	0
935	557	0
958	557	0
968	557	0
990	557	0
1004	557	0
1025	557	0
14	581	0
24	581	0
49	581	0
76	581	0
94	581	0
116	581	1
139	581	1
159	581	1
184	581	1
202	581	1
226	581	1
244	581	1
262	581	1
292	581	0
339	581	0
374	581	0
399	581	0
421	581	0
440	581	0
466	581	0
489	581	0
505	581	0
526	582	0
541	581	0
555	581	0
576	581	1
601	581	1
628	581	1
643	581	1
660	581	1
683	581	1
706	581	1
737	581	1
760	581	1
772	581	1
801	581	1
822	581	1
851	581	1
874	581	1
890	581	1
907	581	1
935	581	1
958	581	0
968	581	0
990	581	0
1004	581	0
1025	581	0
14	609	0
24	609	0
49	609	0
76	609	0
94	609	0
116	609	0
139	609	0
159	609	0
184	609	0
202	609	1
226	609	1
244	609	1
262	609	1
292	609	1
339	609	1
374	609	1
399	609	0
421	609	0
440	609	0
466	609	0
489	609	0
505	609	0
526	609	0
541	609	0
555	609	0
576	609	0
601	609	0
628	609	0
643	609	0
660	609	0
683	609	1
706	609	1
737	609	1
760	609	1
772	609	1
801	609	1
822	609	1
851	609	1
874	609	1
890	609	1
907	609	1
935	609	1
958	609	1
968	609	1
990	609	1
1004	609	1
1025	609	1
14	631	0
24	631	0
49	631	0
76	631	0
94	631	0
116	631	0
139	631	0
159	631	0
184	631	0
202	631	0
226	631	0
244	631	0
262	631	0
292	631	1
339	631	1
374	631	1
399	631	1
421	631	1
440	631	1
466	631	1
489	631	1
505	631	0
526	631	0
541	631	0
555	631	0
576	631	0
601	631	0
628	631	0
643	631	0
660	631	0
683	631	0
706	631	0
737	631	0
760	631	0
772	631	0
801	631	0
822	631	1
851	631	1
874	631	1
890	631	1
907	631	1
935	631	1
958	631	1
968	631	1
990	631	1
1004	631	1
1025	631	1
14	648	0
24	648	0
49	648	0
76	648	0
94	648	0
116	648	0
139	648	0
159	648	0
184	648	0
202	648	0
226	648	0
244	648	0
262	648	0
292	648	0
339	648	1
374	648	1
399	648	1
421	648	1
440	648	1
466	648	1
489	648	1
505	648	1
526	648	0
541	648	0
555	648	0
576	648	0
601	648	0
628	649	0
643	648	0
660	648	0
683	648	0
706	648	0
737	648	0
760	648	0
772	648	0
801	648	0
822	648	0
851	648	0
874	648	0
890	648	0
907	648	1
935	648	1
958	648	1
968	648	1
990	648	1
1004	648	1
1025	648	1
14	675	0
24	675	0
49	675	0
76	675	0
94	675	0
116	675	0
139	675	0
159	675	0
184	675	0
202	675	0
226	675	0
244	675	0
262	675	0
292	675	0
339	675	0
374	675	0
399	675	0
421	675	1
440	675	1
466	675	1
489	675	1
505	675	1
526	675	1
541	675	1
555	675	1
576	675	1
601	675	1
628	675	1
643	675	1
660	675	0
683	675	0
706	675	0
737	675	0
760	675	0
772	675	0
801	675	0
822	675	0
851	675	0
874	675	0
890	675	0
907	675	0
935	675	0
958	675	0
968	675	0
990	675	0
1004	675	0
1025	675	0
