7	9	1
30	9	1
52	9	1
76	9	1
99	9	1
121	9	0
144	9	1
167	9	1
189	9	1
212	9	1
235	9	1
258	9	1
281	9	1
306	9	1
330	9	1
354	9	1
378	9	1
402	9	1
426	9	1
450	9	1
473	9	1
496	9	1
517	9	1
536	9	1
559	9	1
584	9	1
609	9	0
636	9	0
663	9	0
689	9	0
711	9	0
734	9	0
756	9	0
780	9	0
803	9	0
826	9	0
849	9	1
872	9	0
897	9	0
924	9	0
942	9	0
960	9	0
983	9	0
1008	9	0
1031	9	0
7	33	0
30	33	1
52	33	1
76	33	1
99	33	1
121	33	1
144	33	1
167	33	1
188	39	0
212	33	1
235	33	1
258	33	1
281	33	1
309	28	0
330	33	1
354	33	1
378	33	1
402	33	1
425	36	0
448	38	0
472	36	0
496	33	0
517	33	0
541	34	0
560	34	0
587	35	0
610	34	0
636	33	0
667	34	0
689	33	0
711	33	0
734	33	0
756	33	0
780	33	0
803	33	0
826	33	0
849	33	0
872	33	0
897	33	0
924	33	0
942	33	1
960	33	1
983	33	1
1008	33	1
1031	33	1
7	56	1
30	56	1
52	56	1
76	56	0
99	56	0
121	56	1
144	56	1
167	56	1
189	56	1
212	56	1
235	56	1
258	56	1
281	56	1
306	56	1
330	56	1
354	56	1
373	55	0
402	56	1
426	56	1
450	56	1
473	56	0
496	56	0
517	56	0
536	56	0
559	56	0
584	56	1
609	56	1
636	56	1
663	56	1
689	56	1
711	56	0
734	56	0
756	56	0
780	56	0
803	56	0
826	56	0
849	56	0
872	56	0
897	56	0
924	56	0
942	56	1
960	56	1
983	56	1
1008	56	1
1031	56	1
7	83	1
30	83	1
52	83	1
76	83	1
99	83	1
121	83	1
147	82	0
167	83	1
189	83	1
212	83	1
235	83	1
258	83	1
281	83	1
306	83	1
330	83	1
354	83	1
378	83	1
402	83	1
426	83	1
450	83	1
473	83	0
496	83	0
517	83	0
536	83	0
559	83	0
584	83	0
609	83	0
636	83	0
663	83	0
689	83	1
711	83	1
734	83	1
756	83	1
780	83	1
803	83	1
826	83	0
849	83	0
872	83	0
897	83	0
924	83	0
942	83	0
960	83	0
983	83	0
1008	83	0
1031	83	0
7	101	1
30	101	1
52	101	0
76	101	1
99	101	1
121	101	1
144	101	1
167	101	1
189	101	1
212	101	1
235	101	1
258	101	1
281	101	1
304	97	0
330	101	0
354	101	1
378	101	1
402	101	1
426	101	1
450	101	1
473	101	0
496	101	0
517	101	0
536	101	0
559	101	0
584	101	0
609	101	0
636	101	0
663	101	0
689	101	1
711	101	1
734	101	1
756	101	1
780	101	1
803	101	1
828	99	0
847	98	0
872	101	0
897	101	0
924	101	0
942	101	0
960	101	0
983	101	0
1008	101	0
1031	101	0
7	121	1
30	121	1
52	121	1
76	121	1
99	120	0
121	121	1
144	121	1
167	121	1
189	121	1
212	117	0
235	121	1
258	121	1
281	121	1
306	121	1
330	121	1
354	121	1
381	120	0
402	121	1
426	121	1
450	121	1
472	119	0
496	121	0
517	121	0
536	121	0
559	121	0
584	121	0
609	121	0
636	121	0
663	121	0
689	121	0
711	121	0
734	121	0
756	121	0
780	121	1
803	121	1
826	121	1
849	121	1
872	121	1
897	121	0
924	121	0
942	121	0
960	121	0
983	121	0
1009	119	0
1028	121	0
7	144	1
30	144	1
52	144	1
76	144	1
99	144	1
121	144	1
144	144	1
167	144	0
189	144	1
212	144	1
235	144	1
258	144	1
281	144	1
306	144	1
330	144	1
354	144	1
378	144	1
402	144	1
426	144	1
450	144	1
473	144	1
496	144	1
517	144	1
536	144	1
559	144	0
584	144	0
609	144	0
636	144	0
663	144	0
689	144	0
711	144	0
734	144	0
756	144	0
780	144	0
803	144	0
826	144	0
849	144	0
872	144	0
897	144	0
924	144	0
942	144	0
960	144	0
983	144	0
1008	144	1
1031	144	1
7	163	1
30	163	1
52	163	0
74	164	0
99	163	1
121	163	1
144	163	1
167	163	1
189	163	1
212	163	1
235	163	1
258	163	1
281	163	1
306	163	1
336	162	0
356	161	0
378	163	1
402	163	1
426	163	1
450	163	1
473	163	1
496	163	1
517	163	1
536	163	1
559	163	1
584	163	1
609	163	1
636	163	0
663	163	0
689	163	0
711	163	0
734	163	0
756	163	0
780	163	0
803	163	0
826	163	0
849	163	0
872	163	0
897	163	0
924	163	0
945	162	0
960	160	0
980	160	0
1008	163	0
1031	163	0
7	186	1
30	186	1
52	186	1
76	186	1
99	186	1
119	188	0
144	186	1
167	186	1
189	186	1
212	186	1
235	182	0
258	186	1
281	186	1
306	186	1
330	186	1
354	186	1
378	186	1
402	186	1
426	186	0
450	186	0
473	186	0
496	186	1
517	186	1
536	186	1
559	186	1
584	186	1
609	186	1
636	186	0
663	186	0
689	186	0
711	186	0
734	186	0
756	186	0
780	186	0
803	186	0
826	186	0
849	186	0
872	186	0
897	186	1
924	186	1
942	186	1
960	186	1
983	186	1
1008	186	1
1031	186	0
7	210	1
30	210	0
52	210	1
76	210	1
99	210	1
121	210	1
144	210	1
167	210	1
184	214	0
212	210	1
235	210	1
258	210	1
281	210	1
306	210	0
330	210	1
354	210	1
378	210	1
402	210	1
426	210	1
450	210	1
473	210	0
496	210	0
517	210	0
536	210	0
559	210	0
584	210	0
609	210	0
636	210	1
663	210	1
689	210	1
711	210	1
734	210	1
756	210	1
777	207	0
803	210	0
826	210	0
849	210	0
872	210	0
897	210	0
924	210	0
942	210	0
960	210	0
983	210	0
1008	210	0
1031	210	0
7	235	1
30	235	1
52	235	1
76	235	0
99	235	0
121	235	1
144	235	1
167	235	1
189	235	1
212	235	1
235	235	1
256	246	0
281	235	1
306	235	1
330	235	1
357	231	0
378	235	1
402	235	1
426	235	1
450	235	1
473	235	0
496	235	0
517	235	0
536	235	0
559	235	0
584	235	0
609	235	0
636	235	0
663	235	0
689	235	0
711	235	0
734	235	0
756	235	1
780	235	1
803	235	1
826	235	1
849	235	1
872	235	0
897	235	0
924	235	0
942	235	0
960	235	0
983	235	0
1008	235	0
1031	235	0
7	262	1
30	262	1
52	262	1
76	262	1
99	262	1
121	262	1
149	265	0
167	262	1
189	262	1
212	262	1
235	262	1
258	262	1
281	262	1
306	262	1
330	262	1
354	262	1
378	262	1
402	262	1
428	258	0
453	260	0
473	262	0
496	262	0
517	262	0
536	262	0
559	262	0
584	262	0
609	262	0
636	262	0
663	262	0
689	262	0
711	262	0
734	262	0
756	262	1
780	262	1
803	262	1
826	262	1
849	262	1
872	262	0
897	262	0
924	261	0
942	261	0
960	262	0
983	262	0
1008	262	0
1031	262	0
7	283	1
30	283	0
51	284	0
76	283	1
99	283	1
121	283	1
144	283	1
167	283	1
189	283	1
212	293	0
235	283	1
258	283	1
281	283	1
306	280	0
328	279	0
354	283	1
378	283	1
402	283	1
426	283	1
450	283	1
473	283	1
496	283	1
517	283	0
536	283	0
559	283	0
584	283	0
609	283	0
636	283	0
663	283	0
689	283	0
711	283	0
734	283	0
756	283	0
780	283	0
803	283	0
826	283	0
852	298	1
873	287	1
897	283	1
924	283	1
942	283	1
960	283	0
983	283	0
1008	283	0
1031	283	0
7	311	1
30	311	1
52	311	1
76	311	1
99	313	0
121	311	1
144	311	1
167	311	1
189	311	1
212	311	1
235	311	1
258	311	1
281	311	1
306	311	1
330	311	1
354	311	1
378	307	0
396	307	0
426	311	1
450	311	1
473	311	1
496	311	1
517	311	0
536	311	0
557	310	0
580	309	0
609	311	0
636	311	0
663	311	0
689	311	0
711	311	0
734	311	0
756	311	0
780	311	0
803	311	0
826	311	0
847	315	0
874	314	0
897	311	0
924	311	0
942	311	0
960	311	0
983	311	0
1008	311	0
1031	311	0
7	330	1
30	330	1
52	330	1
76	330	1
99	330	1
121	330	1
144	330	1
165	342	0
189	330	1
212	330	1
235	330	1
258	330	1
280	326	0
306	330	1
330	330	1
354	330	1
378	330	1
402	330	1
426	330	1
450	330	0
473	330	1
496	330	1
517	330	1
536	330	1
559	330	1
584	330	1
609	330	1
636	330	0
663	330	0
689	330	0
711	330	0
734	330	0
756	330	0
780	330	0
803	330	0
826	330	0
849	330	0
872	330	0
897	330	0
924	330	0
942	330	0
960	330	0
983	330	0
1008	330	0
1031	330	0
7	360	1
30	360	1
54	361	0
76	360	1
99	360	1
121	360	1
144	360	1
167	360	1
189	360	1
212	360	1
235	370	0
258	360	1
281	360	1
306	360	1
336	358	0
354	360	0
378	360	1
402	360	1
426	360	1
450	360	1
473	360	1
496	360	0
517	360	0
536	360	0
559	360	0
584	360	0
609	360	1
636	360	1
663	360	1
689	360	1
711	360	1
734	360	0
756	360	0
780	360	0
803	360	0
826	360	0
849	360	0
872	360	0
897	360	0
924	360	0
942	360	0
960	360	0
983	360	0
1008	360	1
1031	360	0
7	382	1
30	382	1
52	382	1
76	382	1
99	382	1
121	382	0
144	382	1
167	382	1
189	382	1
212	382	1
235	382	1
258	382	1
281	382	1
306	382	1
330	382	1
354	382	1
378	382	1
402	382	1
426	382	1
450	382	1
473	382	0
496	382	0
517	382	0
536	382	0
559	382	0
584	382	0
609	382	1
636	382	1
663	382	1
689	382	1
711	382	1
735	383	0
756	382	0
780	382	0
803	382	0
826	382	0
849	382	0
872	382	0
897	382	0
924	382	0
942	382	0
960	382	0
983	382	0
1008	382	1
1031	382	1
6	400	0
28	399	0
52	400	1
76	400	1
99	400	1
121	400	1
144	400	1
167	400	1
186	409	0
212	400	1
235	400	1
258	400	1
281	400	1
306	400	0
330	400	1
354	400	1
378	400	1
402	400	1
420	398	0
450	400	1
473	400	0
496	400	0
517	400	0
536	400	0
559	400	0
584	400	0
609	400	0
636	400	0
663	400	0
689	400	0
711	400	1
734	400	1
756	400	1
780	400	1
803	400	1
826	400	0
849	400	0
872	400	0
897	400	0
924	400	0
942	400	0
960	400	0
983	400	0
1008	400	0
1030	402	0
7	426	1
30	426	1
52	426	1
76	426	0
96	428	0
121	426	1
144	426	1
167	426	1
189	426	1
212	426	1
235	426	1
257	436	0
281	426	1
306	426	1
330	426	1
354	426	1
377	424	0
402	426	1
426	426	1
450	426	1
473	426	0
496	426	0
517	426	0
536	426	0
559	426	0
584	426	0
609	426	0
636	426	0
663	426	0
689	426	0
711	426	0
734	426	0
756	426	0
780	426	0
800	426	0
826	426	0
848	425	0
872	421	0
901	422	0
924	426	0
942	426	0
960	426	0
983	426	0
1008	426	0
1031	426	1
7	453	1
30	453	1
52	453	1
76	453	1
99	453	1
121	453	1
145	456	0
167	453	1
189	453	1
212	453	1
235	453	1
258	453	1
281	453	1
306	453	1
330	453	1
354	453	1
378	453	1
402	453	1
426	453	1
450	453	1
473	453	1
496	453	1
517	453	1
536	453	1
559	453	1
584	453	0
609	453	0
636	453	0
663	453	0
689	453	0
711	453	0
734	453	0
756	453	0
780	453	0
803	453	0
815	449	1
844	450	1
871	449	1
895	449	1
924	453	0
942	453	0
960	453	0
983	453	0
1008	453	0
1031	453	0
7	472	1
30	472	0
52	472	1
76	472	1
99	472	1
121	472	1
144	472	1
167	472	1
189	472	1
213	481	0
235	472	1
258	472	1
281	472	1
310	471	0
330	472	1
354	472	1
378	472	1
402	472	1
426	472	1
450	472	1
473	472	1
496	472	1
517	472	1
536	472	1
559	472	1
584	472	0
609	472	0
636	472	0
663	472	0
689	472	0
711	472	0
734	472	0
756	472	0
780	472	0
803	472	0
826	472	0
849	472	0
872	472	0
897	472	0
924	472	0
942	472	0
960	472	1
983	472	1
1008	472	1
1031	472	1
7	494	1
30	494	1
52	494	1
76	494	1
101	496	0
121	494	1
144	494	1
167	494	1
189	494	1
212	494	1
235	494	1
258	494	1
281	494	1
306	494	1
330	494	1
354	494	1
378	494	1
394	499	0
426	494	1
450	494	1
473	494	0
496	494	0
517	494	0
536	494	0
559	494	1
584	494	1
609	494	1
636	494	1
663	494	1
689	494	0
711	494	0
734	494	0
756	494	0
780	494	0
803	494	0
826	494	0
849	494	0
872	494	0
897	494	0
924	494	0
942	494	0
960	494	1
983	494	1
1008	494	1
1031	494	1
7	513	1
30	513	1
52	513	1
76	513	1
99	513	1
121	513	1
144	513	1
164	522	0
189	513	1
212	513	1
235	513	1
258	513	1
287	514	0
306	513	1
330	513	1
354	513	1
378	513	1
402	513	1
426	513	1
450	513	1
473	513	0
496	513	0
517	513	0
536	513	0
559	513	1
584	513	1
609	513	1
636	513	1
663	513	1
689	513	0
711	513	0
734	513	0
756	513	0
780	513	0
803	513	0
826	513	0
849	513	0
872	513	0
897	513	0
924	513	0
942	513	0
960	513	0
983	513	0
1008	513	0
1031	513	0
7	540	1
31	538	0
52	540	0
76	540	1
99	540	1
121	540	1
144	540	1
167	540	1
189	540	1
212	540	1
236	547	0
258	540	1
281	540	1
306	540	1
330	540	1
351	538	0
378	540	1
402	540	1
426	540	1
450	540	1
473	540	0
496	540	0
517	540	0
536	540	0
559	540	0
584	540	0
609	540	0
636	540	0
663	540	1
689	540	1
711	540	1
734	540	1
756	540	1
780	540	1
803	540	0
826	540	0
849	540	0
872	540	0
897	540	0
924	540	0
942	540	0
960	540	0
983	540	0
1008	540	0
1031	540	0
7	568	1
30	568	1
52	568	1
76	568	1
99	568	1
121	568	0
144	568	1
167	568	1
189	568	1
212	568	1
235	568	1
258	568	1
281	568	1
306	568	1
330	568	1
354	568	1
378	568	1
402	568	1
426	568	0
452	568	0
473	568	0
496	568	0
517	568	0
536	568	0
559	568	0
584	568	0
609	568	0
636	568	0
663	568	0
689	568	0
711	568	0
734	568	0
756	568	0
780	568	1
803	568	1
826	568	1
849	568	1
872	568	0
897	568	0
924	568	0
942	568	0
960	568	0
983	568	0
1008	568	0
1031	568	0
10	582	0
30	584	1
52	584	1
76	584	1
99	584	1
121	584	1
144	584	1
167	584	1
191	590	0
212	584	1
235	584	1
258	584	1
281	584	1
300	581	0
330	584	1
354	584	1
378	584	1
402	584	1
426	584	1
450	584	1
473	584	0
496	584	0
517	584	0
536	584	0
559	584	0
584	584	0
609	584	0
636	584	0
663	584	0
689	584	0
711	584	0
734	584	0
756	584	0
780	584	1
803	584	1
826	584	1
849	584	1
872	584	0
897	584	0
924	584	0
942	584	0
960	584	0
983	584	0
1008	584	0
1031	584	0
7	610	1
30	610	1
52	610	1
76	610	0
99	610	1
121	610	1
144	610	1
167	610	1
189	610	1
212	610	1
235	610	1
256	622	0
281	610	1
306	610	1
330	610	1
354	610	1
378	607	0
402	610	1
426	610	1
450	610	1
473	610	1
496	610	1
517	610	1
536	610	0
559	610	0
584	610	0
609	610	0
636	610	0
663	610	0
689	610	0
711	610	0
734	610	0
756	610	0
780	610	0
803	610	0
826	610	0
849	610	0
872	610	0
898	614	0
919	612	1
942	610	1
960	610	0
983	610	0
1008	610	0
1031	610	0
7	641	1
30	641	1
52	641	1
76	641	1
99	641	1
121	641	1
145	643	0
167	641	1
189	641	1
212	641	1
235	641	1
258	641	1
281	641	1
306	641	1
330	641	1
354	641	1
378	641	1
402	641	1
426	641	1
450	641	0
473	641	0
496	641	1
517	641	1
536	641	1
559	641	1
584	641	1
609	641	1
636	641	0
663	641	0
689	641	0
711	641	0
734	641	0
756	641	0
780	641	0
803	641	0
826	641	0
849	641	0
872	641	0
897	641	0
924	641	0
942	641	0
960	641	0
983	641	0
1008	641	0
1031	641	1
7	662	1
30	662	1
52	662	1
76	662	1
99	662	1
121	662	1
144	662	1
167	662	1
189	662	1
212	667	0
235	662	1
258	662	1
281	662	1
306	662	1
330	662	0
354	662	1
378	662	1
402	662	1
426	662	1
450	662	1
473	662	0
496	665	0
516	663	0
537	665	0
563	666	0
583	663	0
609	662	1
638	658	0
660	662	0
684	660	0
706	662	0
734	662	0
756	662	0
780	662	0
803	662	0
826	662	0
849	662	0
872	662	0
897	662	0
924	662	0
942	662	0
960	662	0
983	662	0
1008	662	0
1031	662	1
7	682	1
30	682	1
52	682	1
76	682	1
99	682	0
121	682	1
144	682	1
167	682	1
189	682	1
212	682	1
235	682	1
258	682	1
281	682	1
306	682	1
330	682	1
354	682	1
382	685	0
402	682	0
426	682	1
450	682	1
473	682	0
496	682	0
517	682	0
536	682	0
559	682	0
584	682	0
609	682	1
636	682	1
663	682	1
689	682	1
711	682	1
734	682	1
756	682	0
780	682	0
803	682	0
826	682	0
849	682	0
872	682	0
897	682	0
924	682	0
942	682	0
960	682	0
983	682	0
1008	682	0
1031	682	0
