6	7	0
29	7	0
53	7	0
78	7	0
101	7	1
126	7	1
152	7	1
176	7	1
201	7	1
225	7	1
247	7	1
272	7	1
295	7	0
317	7	0
342	7	0
366	7	0
393	7	0
419	7	0
445	7	0
471	7	0
498	7	1
527	7	1
555	7	1
581	7	1
606	7	1
630	7	1
660	7	1
687	7	1
714	7	1
742	7	1
768	7	1
795	7	0
820	7	0
848	7	0
874	7	0
899	6	0
925	7	0
951	6	0
978	7	0
1001	7	0
1026	7	0
6	38	0
29	38	0
53	38	0
78	38	0
101	38	0
126	38	0
152	38	0
176	38	0
201	38	0
225	38	1
247	38	1
272	38	1
295	38	1
317	38	1
342	38	1
366	38	1
393	38	1
419	38	1
445	38	1
471	38	1
498	38	1
527	38	0
555	38	0
581	38	0
606	38	0
630	38	0
660	38	0
687	38	1
714	38	1
742	38	1
768	38	1
795	38	1
820	38	1
848	38	1
874	38	1
895	35	1
926	34	1
951	28	1
979	24	1
1000	27	0
1025	25	0
7	75	1
30	70	1
53	65	0
78	65	0
101	65	0
126	65	0
152	65	0
176	65	0
201	65	0
225	65	0
247	65	0
272	65	0
295	65	0
317	65	0
342	65	0
366	65	0
393	65	1
419	65	1
445	65	1
471	65	1
498	65	1
527	65	1
555	65	1
581	65	1
606	65	1
630	65	1
660	65	1
687	65	1
714	65	0
742	65	0
765	62	0
796	59	0
822	57	0
850	59	0
873	55	0
898	58	0
927	59	0
954	59	0
979	59	0
1007	59	0
1026	59	0
10	132	0
31	133	0
54	142	1
81	139	1
106	135	1
133	123	0
155	109	0
179	97	1
201	89	1
225	89	1
247	89	1
272	89	1
295	89	1
317	89	1
342	89	1
366	89	1
393	89	0
419	89	0
445	89	0
471	89	0
498	89	0
527	89	0
555	89	0
581	89	0
606	89	1
630	89	1
660	89	1
687	89	1
714	89	1
742	89	1
768	89	1
792	83	1
819	82	1
850	84	0
875	83	0
899	81	0
925	89	0
951	89	0
978	89	0
1001	89	0
1026	89	0
6	163	1
26	163	1
52	163	1
84	163	0
107	155	0
126	146	0
154	141	0
176	131	0
201	131	0
225	131	0
247	131	0
272	131	0
295	131	1
317	131	1
342	131	1
366	131	1
393	131	1
419	131	1
445	131	1
471	131	1
498	131	1
527	131	1
555	131	1
581	131	1
606	131	0
630	131	0
660	131	0
687	131	0
714	131	0
742	131	0
768	131	0
795	131	0
820	131	0
848	130	0
885	108	1
905	123	0
934	131	0
951	131	0
978	131	0
1001	131	0
1026	131	0
26	186	1
48	181	1
8	186	1
78	178	1
100	176	1
126	174	1
148	169	1
176	160	1
201	160	1
225	160	1
247	160	1
272	160	1
295	160	0
317	160	0
342	160	0
366	160	0
393	160	0
419	160	0
445	160	0
471	160	1
498	160	1
527	160	1
555	160	1
581	160	1
606	160	1
630	160	1
660	160	1
687	160	1
714	160	1
742	160	1
768	160	0
795	160	0
820	160	0
848	160	0
874	160	0
901	160	1
925	160	0
951	160	0
978	160	0
1001	160	0
1026	160	0
7	233	1
31	222	0
56	216	1
83	216	1
102	212	1
121	211	1
155	206	0
172	202	0
201	193	0
225	193	1
247	193	1
272	193	1
295	193	1
317	193	1
342	193	1
366	193	1
393	193	1
419	193	1
445	193	1
471	193	1
498	193	0
527	193	0
555	193	0
581	193	0
606	193	0
630	193	0
660	193	0
687	193	1
714	193	1
742	193	1
768	193	1
795	193	1
820	193	1
848	193	1
874	193	1
897	193	0
925	193	0
951	193	0
978	193	0
1001	193	0
1026	193	1
11	267	1
37	263	1
58	257	1
81	246	0
103	243	0
127	239	0
147	236	0
177	232	0
199	232	0
225	224	0
247	224	0
272	224	0
295	224	0
317	224	0
342	224	0
366	224	0
393	224	1
419	224	1
445	224	1
471	224	1
498	224	1
527	224	1
555	224	1
581	224	1
606	224	1
630	224	1
660	224	1
687	224	0
714	224	0
742	224	0
768	224	0
795	224	0
820	224	0
848	224	0
874	224	0
897	224	0
925	224	0
951	224	0
978	224	0
1001	224	0
1026	224	0
8	287	1
33	286	1
59	285	1
81	279	1
110	278	1
130	272	0
151	269	0
176	258	0
199	253	0
223	253	1
247	253	1
267	253	1
291	251	1
312	253	1
340	254	1
365	254	1
393	258	0
419	258	0
445	258	0
471	258	0
498	258	0
527	258	0
555	258	0
581	258	1
606	258	1
630	258	1
660	258	1
687	258	1
714	258	1
742	258	1
768	258	1
798	252	1
824	251	0
848	258	0
874	258	0
897	258	0
925	258	0
951	258	0
977	265	0
1002	270	1
1026	270	1
9	316	1
32	312	1
56	312	1
83	308	1
109	306	1
131	299	1
157	293	1
177	295	1
199	291	1
225	285	0
247	285	0
272	285	0
295	285	0
312	279	1
341	279	1
366	280	1
383	283	1
419	285	1
445	285	1
471	285	1
498	285	1
527	285	1
555	285	1
581	285	1
606	285	0
630	285	0
660	285	0
687	285	0
714	288	0
742	285	0
768	285	0
795	285	0
820	285	0
848	285	0
874	285	0
897	285	1
925	285	1
958	292	1
978	295	1
1006	298	1
1028	300	1
11	339	0
37	336	0
60	333	1
79	327	1
101	330	1
125	328	1
150	327	1
179	329	1
201	327	1
227	323	1
244	323	1
271	323	0
292	319	0
317	311	0
342	311	0
366	311	0
393	311	0
419	311	0
445	311	0
471	311	1
498	311	1
527	311	1
555	311	1
581	311	1
606	311	1
630	311	1
660	311	1
687	311	1
714	311	1
739	307	1
768	311	0
795	311	0
821	311	0
848	311	0
874	311	0
895	309	0
923	310	0
951	311	0
981	313	0
1003	313	0
1027	316	0
8	384	0
31	377	1
51	373	1
72	362	0
95	359	0
125	353	1
151	353	1
171	357	1
201	353	1
222	352	1
250	348	1
277	347	1
296	344	1
317	343	1
342	335	1
366	335	1
393	335	1
419	335	1
445	335	1
471	335	0
498	335	1
527	335	0
555	335	0
581	335	0
606	335	0
630	335	0
660	335	0
687	335	0
714	335	1
742	335	1
768	335	1
795	335	1
820	335	1
848	335	1
874	335	1
897	335	1
925	335	1
951	335	1
978	335	1
1001	335	0
1026	335	0
9	402	1
29	398	1
54	398	1
82	398	1
106	390	1
131	381	0
152	379	0
173	380	0
197	382	0
226	380	0
243	375	0
270	374	0
299	371	0
317	363	0
342	363	0
366	363	1
393	363	1
419	363	1
445	363	1
471	363	1
498	363	1
527	363	1
555	363	1
581	363	1
606	363	1
630	363	1
660	363	1
687	363	0
714	363	0
742	363	0
768	362	0
795	363	0
820	363	0
848	363	1
874	363	1
897	363	1
925	363	1
951	363	1
978	363	1
1001	363	1
1026	363	1
3	429	1
31	425	1
51	422	1
77	418	1
103	421	1
125	420	1
150	419	1
172	415	1
204	410	0
227	407	0
250	400	1
272	399	1
295	392	1
317	392	1
342	392	0
366	392	0
393	392	0
419	392	0
445	392	0
471	392	0
498	392	0
527	392	0
555	392	0
581	392	1
606	392	1
630	392	1
660	392	1
687	392	1
714	392	1
742	392	1
768	392	1
795	392	1
820	392	1
848	392	1
874	392	0
899	387	1
923	385	1
951	388	1
978	392	1
1001	392	1
1026	392	1
8	459	0
34	452	0
57	454	1
79	453	1
105	448	1
126	447	1
153	447	1
176	445	1
199	443	1
223	443	1
246	439	1
272	433	0
295	433	0
317	433	0
337	439	0
362	440	0
387	440	1
414	439	1
445	433	1
471	433	1
498	433	1
527	433	1
555	433	1
581	433	0
606	433	0
630	433	0
660	433	0
687	433	0
712	425	1
741	427	1
770	427	1
800	430	1
820	433	1
848	433	1
870	426	1
896	427	0
925	427	0
949	425	0
981	413	1
1002	415	1
1025	416	1
6	497	1
36	497	1
61	490	0
86	480	0
105	479	1
123	477	1
155	475	1
176	468	1
201	468	1
225	468	1
247	468	1
272	468	1
295	468	1
317	468	1
342	468	0
366	468	0
393	468	0
419	468	0
445	468	0
471	468	1
498	468	1
527	468	1
555	468	1
581	468	1
606	468	1
630	468	1
660	468	1
687	468	1
714	468	1
742	468	0
768	468	0
795	459	1
819	462	1
844	460	1
872	462	1
897	458	1
925	456	1
952	457	0
979	458	0
1004	459	0
1027	457	0
4	521	1
34	518	1
54	518	1
79	515	1
99	510	1
128	507	0
146	500	0
166	494	0
201	492	1
225	492	1
247	492	1
272	492	1
295	492	1
317	492	1
342	492	1
366	492	0
393	492	0
419	492	0
445	492	0
471	492	0
498	492	0
527	492	0
555	492	0
581	492	0
606	492	0
625	488	0
650	487	1
676	491	1
708	498	1
735	499	1
768	492	0
795	492	0
825	479	1
849	479	1
877	484	1
897	483	1
924	483	1
951	482	1
972	483	1
999	483	1
1022	483	1
8	548	1
31	544	1
54	544	1
81	540	1
106	540	1
131	539	1
156	537	1
210	527	0
187	529	0
234	524	0
253	519	1
272	515	1
295	515	1
317	515	1
342	515	1
366	515	1
393	515	1
419	515	1
445	515	1
471	515	1
498	515	0
527	515	0
555	515	0
581	515	0
606	515	0
630	515	0
660	515	0
687	515	1
714	515	1
742	515	1
768	515	1
795	515	1
820	515	0
847	516	0
874	515	0
897	515	0
926	505	1
952	505	1
982	503	1
1005	503	1
1028	504	1
5	569	0
27	567	0
55	567	1
77	565	1
99	567	1
128	564	1
152	564	1
179	563	1
204	559	1
223	559	1
249	559	0
272	551	0
295	551	0
317	551	1
342	551	1
366	551	1
393	551	1
419	551	1
445	551	1
471	551	1
498	551	1
527	551	1
555	551	1
581	551	1
606	551	1
630	551	0
660	551	0
685	546	1
712	546	1
743	546	1
768	545	1
797	546	1
822	544	1
844	541	1
872	543	1
900	535	0
923	532	0
947	527	1
972	528	1
998	529	1
1024	527	1
9	585	0
29	588	0
51	587	0
78	589	0
100	591	0
131	591	1
155	594	1
178	591	1
203	586	1
224	589	1
247	588	1
271	587	1
292	582	1
317	575	0
342	575	0
366	575	0
393	575	0
417	579	0
444	576	0
473	573	0
499	571	0
526	575	0
550	572	0
576	576	0
606	575	0
630	575	0
660	575	0
687	575	0
714	575	0
742	575	1
768	575	1
795	575	1
820	575	1
848	575	1
874	575	1
897	575	1
925	575	1
951	575	0
971	570	0
992	567	0
1025	562	1
8	607	1
33	611	0
59	611	0
80	607	0
103	608	0
127	615	0
154	615	0
175	617	1
199	615	1
224	615	1
246	615	1
271	611	1
295	609	1
319	607	1
342	599	1
366	599	1
393	599	0
412	597	0
445	599	1
471	599	1
498	599	1
527	599	1
555	599	1
581	599	1
606	608	1
631	609	1
655	612	1
687	611	1
719	609	0
742	610	0
766	605	0
799	601	1
820	599	1
848	599	1
874	599	1
897	599	1
925	599	1
951	599	1
978	599	1
1001	599	1
1026	599	0
4	641	1
28	639	1
55	639	1
83	636	0
103	635	0
124	635	0
153	637	0
177	638	0
201	642	0
222	639	0
247	639	1
275	642	1
297	640	1
318	640	1
343	636	1
367	635	1
395	636	1
418	634	1
445	627	1
471	627	1
498	627	0
527	627	0
555	635	0
575	637	0
603	640	1
626	642	1
660	643	1
688	639	1
711	638	1
736	640	1
769	638	1
795	639	1
822	636	0
848	627	1
874	627	1
897	627	1
925	627	1
951	627	1
978	627	1
1001	627	1
1026	627	1
3	667	1
27	666	1
54	663	1
81	663	1
102	662	1
128	661	1
152	657	0
176	657	0
201	657	0
225	657	0
245	660	0
268	664	0
295	664	0
318	659	1
342	657	1
366	657	1
393	657	1
419	657	1
445	657	1
471	657	1
498	657	1
528	661	0
557	662	0
582	662	0
606	663	0
630	664	0
661	668	1
687	668	1
714	668	1
742	668	1
766	663	1
794	663	1
820	664	1
847	662	1
874	657	0
897	657	0
926	651	1
947	651	1
971	652	1
997	653	1
1020	653	1
6	685	0
28	685	0
53	683	1
78	683	1
101	683	1
126	683	1
152	683	1
176	683	1
201	683	1
225	683	0
247	683	0
271	686	0
295	687	0
317	683	0
342	683	0
366	683	0
393	683	1
419	683	1
445	683	1
471	683	1
498	683	1
527	683	1
555	683	1
581	683	1
606	683	0
630	683	0
660	683	0
692	686	0
715	686	0
742	683	1
768	683	1
795	683	1
820	683	1
848	683	1
874	683	1
897	683	1
925	683	0
951	683	0
978	683	0
1001	683	0
1026	683	1
