12	8	1
35	8	1
57	8	1
81	8	1
104	8	1
129	8	1
152	8	1
175	8	1
197	8	1
220	8	1
244	8	0
272	6	0
296	9	0
321	10	0
346	8	0
368	7	0
392	8	0
416	8	0
442	8	0
466	8	0
490	8	0
516	8	1
543	8	1
568	8	0
593	8	1
613	8	1
634	8	1
651	8	1
674	8	1
699	8	1
723	8	1
748	8	1
772	8	1
796	8	1
822	8	1
847	8	1
872	8	1
895	8	1
920	8	1
953	10	0
975	8	0
1003	8	1
1028	8	1
12	30	1
35	30	1
57	30	1
81	30	1
104	30	1
129	30	1
152	30	1
175	30	1
197	30	1
220	30	1
244	30	1
272	30	1
297	30	1
322	30	1
346	30	1
368	30	0
392	30	0
416	30	0
442	30	0
466	30	0
490	30	0
516	30	0
543	30	0
568	30	0
593	30	0
613	30	0
635	30	0
651	30	0
674	30	0
699	30	0
723	30	1
748	30	1
772	30	1
796	30	1
822	30	1
847	30	1
872	30	1
895	30	1
920	30	1
948	30	1
975	30	1
1003	30	1
1027	33	0
12	52	1
35	52	1
57	52	1
81	52	1
104	52	1
129	52	1
152	52	1
175	52	1
197	52	1
220	52	1
244	52	1
272	52	1
297	52	1
322	52	1
346	52	1
368	52	1
392	52	1
416	52	1
442	52	1
466	52	0
490	52	0
516	52	0
543	52	0
568	52	0
593	52	0
613	52	0
634	52	0
651	52	0
674	52	0
699	52	0
723	52	0
748	52	0
772	52	0
796	52	0
822	52	0
847	52	1
872	52	1
895	52	1
920	52	1
948	52	1
975	52	1
1003	52	1
1028	52	1
12	83	0
35	82	0
63	82	0
81	83	0
104	83	0
129	83	0
152	83	0
176	86	0
198	87	0
220	83	0
244	83	1
272	83	1
297	83	1
322	83	1
346	83	1
368	83	1
392	83	1
416	83	1
442	83	1
466	83	1
490	83	1
516	83	1
543	83	1
568	83	1
593	83	1
613	83	1
634	83	1
651	83	1
674	83	1
699	83	0
723	83	0
748	83	0
772	83	0
796	83	0
822	83	0
847	83	0
872	83	0
895	83	0
920	83	1
948	83	1
975	83	1
1003	83	0
1028	83	1
12	109	1
35	109	1
57	109	1
81	109	1
104	109	0
129	109	0
152	109	0
175	109	0
197	109	0
220	109	0
244	109	0
272	109	0
296	111	0
324	110	0
346	109	1
368	109	1
392	109	1
416	109	1
442	109	1
466	109	1
490	109	1
516	109	1
543	109	1
568	109	1
593	109	1
613	109	1
634	109	1
651	109	1
674	109	1
699	109	1
723	109	1
748	109	1
772	109	1
796	109	0
822	109	0
846	106	0
872	109	0
895	109	0
920	109	1
948	109	1
975	109	1
1003	109	1
1028	109	1
12	130	1
35	130	1
57	130	1
81	130	1
104	130	1
130	130	0
156	129	0
172	129	0
203	130	0
220	130	0
244	130	0
272	130	0
297	130	0
322	130	0
346	130	0
368	130	1
392	130	1
416	130	1
442	130	1
466	130	1
490	130	1
516	130	1
543	130	1
568	130	1
593	130	1
613	130	1
634	130	1
651	130	1
674	130	1
699	130	1
723	130	1
748	130	1
772	130	1
796	130	1
822	130	1
847	130	1
875	131	0
895	130	0
920	130	0
947	130	0
975	130	1
1003	130	1
1028	130	1
12	154	1
35	154	1
57	154	1
81	154	1
104	154	1
129	154	1
152	154	1
175	154	1
197	154	1
220	154	1
244	154	1
272	154	1
297	154	0
322	154	0
346	154	0
368	154	0
392	154	0
416	154	0
442	154	0
466	154	0
490	154	0
516	154	0
545	154	0
569	157	0
593	154	1
613	154	1
634	154	1
651	154	1
674	154	1
699	154	1
723	154	1
748	154	1
772	154	1
796	154	1
822	154	1
847	154	1
872	154	1
895	154	1
920	154	1
948	154	1
975	154	1
1006	153	0
1028	154	0
12	181	1
35	181	1
57	181	1
81	181	1
104	181	1
129	181	1
152	181	1
175	181	1
197	181	1
220	181	1
244	181	1
272	181	1
297	181	1
322	181	1
346	181	1
368	181	1
392	181	1
416	181	0
442	181	0
466	181	0
490	181	0
516	181	0
543	181	0
568	181	0
593	181	0
613	181	0
634	181	0
655	183	0
680	175	1
699	173	1
720	176	1
747	174	1
772	174	1
800	174	1
822	181	1
847	181	1
872	181	1
895	181	1
920	181	0
948	181	1
975	181	1
1003	181	1
1028	181	1
12	209	0
35	209	0
57	209	0
81	209	0
104	209	1
129	209	1
152	209	1
175	209	1
197	209	1
220	209	1
244	209	1
272	209	1
297	209	1
322	209	1
346	209	1
368	209	1
392	209	1
416	209	1
442	209	1
466	209	1
490	209	1
516	209	1
540	210	0
569	210	0
592	209	0
613	209	0
634	209	0
651	209	0
674	209	0
699	209	0
723	209	0
748	209	0
772	209	0
796	209	0
822	209	0
847	209	0
872	209	0
895	209	1
920	209	1
948	209	1
971	208	0
1003	209	1
1028	209	1
12	230	0
35	230	0
57	230	0
81	230	0
104	230	0
130	232	0
153	230	0
175	230	0
197	230	1
220	230	1
244	230	1
272	230	1
297	230	1
322	230	1
346	230	1
368	230	1
392	230	1
416	230	1
442	230	1
466	230	1
490	230	1
516	230	1
543	230	1
568	230	1
593	230	1
613	230	1
633	230	0
651	229	0
674	230	0
699	230	0
723	230	0
748	230	0
772	230	0
796	230	0
822	230	0
847	230	0
872	230	0
895	230	0
920	230	1
948	230	1
975	230	1
1003	230	1
1028	230	1
12	254	0
35	254	0
57	254	0
81	254	0
104	254	0
129	254	0
152	254	0
175	254	0
198	255	0
220	254	0
244	254	0
272	258	0
297	254	1
322	254	1
346	254	1
368	254	1
392	254	1
416	254	1
442	254	1
466	254	1
490	254	1
516	254	1
543	254	1
568	254	1
593	254	1
613	254	1
634	254	1
651	254	1
674	254	1
699	254	1
723	254	1
751	254	0
772	254	0
796	254	0
822	254	0
847	254	0
872	254	0
899	254	0
920	254	1
948	254	1
975	254	1
1003	254	1
1028	254	1
13	274	0
35	273	0
56	271	0
82	271	0
104	273	0
129	273	0
152	273	0
175	273	0
197	273	0
220	273	0
244	273	0
272	273	0
297	273	0
320	274	0
346	273	0
372	274	0
392	274	0
416	273	1
442	273	1
466	273	1
490	273	1
516	273	1
543	273	1
568	273	1
593	273	1
613	273	1
634	273	1
651	273	1
674	273	1
699	273	1
723	273	1
748	273	1
772	273	1
796	273	1
822	273	1
847	273	1
868	273	0
895	273	0
920	273	1
948	273	1
975	273	1
1002	273	0
1028	273	1
12	301	1
35	301	1
57	301	1
81	301	1
104	301	1
132	302	0
152	301	0
175	301	0
197	301	0
220	301	0
244	301	0
272	301	0
299	300	0
322	301	0
346	301	0
368	301	0
392	301	0
415	302	0
442	302	0
466	301	0
490	301	0
516	301	0
543	301	1
568	301	1
593	301	1
613	301	1
634	301	1
651	301	1
674	301	1
699	301	1
723	301	1
748	301	1
772	301	1
796	301	1
822	301	1
847	301	1
872	301	1
895	301	1
920	301	1
948	301	1
975	301	1
1003	301	1
1028	301	1
12	324	1
35	324	1
57	324	1
81	324	1
104	324	1
129	324	1
152	324	1
175	324	1
197	324	1
220	324	1
244	324	1
272	324	1
297	324	1
322	324	1
346	324	0
368	324	0
392	324	0
416	324	0
442	324	0
466	324	0
490	324	0
516	324	0
543	324	0
569	324	0
593	324	0
615	324	0
634	324	0
651	324	0
674	324	1
699	324	1
723	324	1
748	324	1
772	324	1
796	324	1
822	324	1
847	324	1
872	324	1
895	324	1
920	324	1
948	324	1
968	326	0
1003	324	1
1028	324	1
10	354	0
32	352	0
55	351	0
79	356	1
106	355	1
131	353	1
152	347	1
175	347	1
197	347	1
220	347	1
244	347	1
272	347	1
297	347	1
322	347	1
346	347	1
368	347	1
392	347	0
416	347	0
442	347	0
466	347	0
490	347	0
516	347	0
543	347	0
568	347	0
593	347	0
613	347	0
634	347	0
651	347	0
674	347	0
699	347	0
723	347	0
748	347	1
772	347	1
796	347	1
822	347	1
847	347	1
872	347	1
895	347	1
920	347	1
948	347	1
975	347	1
1003	347	1
1028	347	0
12	373	0
35	373	0
57	373	0
81	373	0
104	373	1
129	373	1
152	373	1
175	373	1
197	373	1
220	373	1
244	373	1
272	373	1
297	373	1
322	373	1
346	373	1
368	373	1
392	373	1
416	373	1
442	373	1
466	373	1
490	373	0
516	373	0
541	374	0
568	373	0
593	373	0
613	373	0
634	373	0
651	373	0
674	373	0
704	372	0
723	372	0
748	373	0
772	372	0
796	373	0
822	373	0
847	373	0
872	373	0
895	373	1
920	373	1
948	373	1
975	373	1
1003	373	1
1028	373	1
12	391	0
35	391	0
57	391	0
81	391	0
104	391	0
129	391	0
152	391	0
175	391	0
197	391	0
220	391	1
244	391	1
272	391	1
297	391	1
322	391	1
346	391	1
368	391	1
392	391	1
416	391	1
442	391	1
466	391	1
490	391	1
516	391	1
543	391	1
568	391	1
593	391	0
609	390	0
634	391	0
653	391	0
669	391	0
699	391	0
723	391	0
748	391	0
772	386	0
796	391	0
822	391	0
847	391	0
872	391	0
895	391	0
920	391	1
948	391	1
974	391	0
1003	391	1
1028	391	1
8	410	0
32	413	0
57	413	0
77	413	0
104	413	0
129	413	0
152	413	0
175	413	0
197	413	0
220	413	0
244	413	0
272	413	0
297	413	1
322	413	1
346	413	1
368	413	1
392	413	1
416	413	1
442	413	1
466	413	1
490	413	1
516	413	1
543	413	1
568	413	1
593	413	1
613	413	1
634	413	1
651	413	1
674	413	1
699	413	1
723	413	1
748	413	1
772	413	1
796	413	1
824	414	0
847	413	0
872	413	0
895	413	0
920	413	1
948	413	1
975	413	1
1003	413	1
1028	413	1
11	434	1
36	435	1
55	437	1
82	435	1
102	437	1
125	438	0
153	439	0
175	442	0
197	442	0
220	442	0
244	442	0
272	442	0
297	442	0
322	442	0
346	442	0
368	442	0
392	442	0
416	442	0
442	442	0
467	443	0
490	442	0
516	442	1
543	442	1
568	442	1
593	442	1
613	442	1
634	442	1
651	442	1
674	442	1
699	442	1
723	442	1
748	442	1
772	442	1
796	442	1
822	442	1
847	442	1
872	442	1
895	442	1
920	442	1
948	442	0
975	442	1
1003	442	1
1028	442	1
12	466	1
35	466	1
57	466	1
81	466	1
104	466	1
129	466	1
152	466	1
175	466	1
197	466	1
220	466	1
244	466	1
272	466	1
297	466	1
322	466	1
346	466	0
368	466	0
392	466	0
416	466	0
442	466	0
466	466	0
490	466	0
516	466	0
541	466	0
570	464	0
592	466	0
618	466	0
636	466	0
651	466	1
674	466	1
699	466	1
723	466	1
748	466	0
772	466	1
796	466	1
822	466	1
847	466	1
872	466	1
895	466	1
920	466	1
948	466	1
975	466	1
1003	466	0
1024	464	0
12	497	0
35	497	1
57	497	1
81	497	1
104	497	1
129	497	1
152	497	1
175	497	1
197	497	1
220	497	1
244	497	1
272	497	1
297	497	1
322	497	1
346	497	1
368	497	1
392	497	1
416	497	1
443	495	0
465	495	0
490	497	0
516	496	0
543	497	0
568	497	0
593	497	0
613	497	0
634	497	0
651	497	0
674	497	0
699	497	0
723	497	0
748	497	0
772	497	0
796	497	1
822	497	1
847	497	1
872	497	1
895	497	1
920	497	1
948	497	1
975	497	1
1003	497	1
1028	497	1
12	518	0
35	518	0
57	518	0
81	518	0
104	518	0
129	518	0
152	518	1
175	518	1
197	518	1
220	518	1
244	518	1
272	518	1
297	518	1
322	518	1
346	518	1
368	518	1
392	518	1
416	518	1
442	518	1
466	518	1
490	518	1
516	518	1
543	518	0
569	517	0
593	518	0
613	518	0
634	518	0
651	518	0
674	518	0
699	518	0
723	518	0
748	518	0
772	518	0
796	518	0
822	518	0
847	518	0
872	518	1
895	518	1
920	518	1
948	518	1
975	518	1
1003	518	1
1028	518	1
10	537	0
33	539	0
52	539	0
77	539	0
104	539	0
129	539	0
152	539	0
175	540	0
197	539	0
221	540	0
246	539	0
272	539	1
297	539	1
322	539	1
346	539	1
368	539	1
392	539	1
416	539	1
442	539	1
466	539	1
490	539	1
516	539	1
543	539	1
568	539	1
593	539	1
613	539	1
634	539	1
648	538	0
674	539	0
699	539	0
723	539	0
748	539	0
772	539	0
796	539	0
822	539	0
847	539	0
872	539	0
895	539	0
920	539	1
948	539	1
975	539	1
1003	539	1
1028	539	0
12	563	1
35	563	1
57	563	1
81	563	0
104	563	0
129	563	0
152	563	0
175	563	0
197	563	0
220	563	0
244	563	0
272	563	0
297	563	0
322	563	0
346	563	0
368	563	1
392	563	1
416	563	1
442	563	1
466	563	1
490	563	1
516	563	1
543	563	1
568	563	1
593	563	1
613	563	1
634	563	1
651	563	1
674	563	1
699	563	1
723	563	1
748	563	1
772	563	0
796	563	0
823	561	0
845	561	0
872	563	0
895	563	0
920	563	1
948	563	1
975	563	1
1003	563	1
1028	563	1
12	580	1
35	580	1
57	580	1
81	580	1
104	580	1
129	580	1
152	580	1
175	580	1
197	580	0
220	580	0
244	580	0
272	580	0
297	580	0
322	580	0
346	580	0
368	580	0
396	584	0
416	582	0
443	586	0
468	585	0
490	580	1
516	580	1
543	580	1
568	580	1
593	580	1
613	580	1
634	580	1
651	580	1
674	580	1
699	580	1
723	580	1
748	580	1
772	580	1
796	580	1
822	580	1
847	580	1
872	580	1
893	580	0
920	580	1
948	580	1
975	580	1
1000	582	0
1028	580	1
12	604	1
35	604	1
57	604	1
81	604	1
104	604	1
129	604	1
152	604	1
175	604	1
197	604	1
220	604	1
244	604	1
272	604	1
297	604	0
322	604	0
344	606	0
365	606	0
392	604	0
416	604	0
442	604	0
466	604	0
490	604	0
519	606	0
542	606	0
568	604	0
593	604	1
613	604	1
634	604	1
651	604	1
674	604	1
699	604	1
723	604	1
748	604	1
772	604	1
796	604	1
822	604	1
847	604	1
872	604	1
895	604	1
920	604	1
948	604	1
975	604	1
1003	604	1
1028	604	1
12	631	1
35	631	1
57	631	1
81	631	1
104	631	1
129	631	1
152	631	1
175	631	1
197	631	1
220	631	1
244	631	1
272	631	1
297	631	1
322	631	1
346	631	1
368	631	1
392	631	1
416	631	0
442	631	0
466	631	0
490	631	0
516	631	0
543	631	0
568	631	0
593	631	0
613	631	0
634	631	0
651	631	0
674	631	0
699	631	0
723	631	1
748	631	1
772	631	1
796	631	1
822	631	1
847	631	1
872	631	1
895	631	1
920	631	1
948	631	0
975	631	1
1003	631	1
1028	631	1
12	651	0
35	651	0
57	651	0
81	651	1
104	651	1
129	651	1
152	651	1
175	651	1
197	651	1
220	651	1
244	651	1
272	651	1
297	651	1
322	651	1
346	651	1
368	651	1
392	651	1
416	651	1
442	651	1
466	651	1
490	651	1
516	651	0
543	651	0
568	651	0
593	651	0
613	651	0
634	651	0
651	651	0
674	651	0
699	651	0
723	651	0
748	651	0
772	651	0
796	651	0
822	651	0
847	651	0
875	650	0
895	651	0
920	651	1
948	651	1
975	651	1
1003	651	0
1028	650	0
12	680	0
35	680	0
57	680	0
81	680	0
104	682	0
127	682	0
156	681	0
176	681	0
197	680	1
220	680	1
244	680	1
272	680	1
297	680	1
322	680	1
346	680	1
368	680	1
392	680	1
416	680	1
442	680	1
466	680	1
490	680	1
516	680	1
543	680	1
568	680	1
593	679	0
612	681	0
634	680	0
651	680	0
674	680	0
699	680	0
723	680	0
748	680	0
772	680	0
796	680	0
822	680	0
847	680	0
872	680	0
895	680	0
920	680	1
948	680	1
975	680	1
1003	680	1
1028	680	1
