7	11	1
47	8	0
17	8	0
111	9	0
145	7	0
173	11	1
198	11	1
220	11	1
237	11	1
267	11	1
296	11	1
317	11	1
349	11	1
373	11	1
392	11	1
429	11	1
458	11	0
488	11	0
515	11	0
535	11	0
548	11	0
568	11	0
590	11	1
614	11	1
651	11	1
666	11	1
699	11	0
719	11	0
747	11	0
778	11	0
798	11	0
820	15	0
847	11	0
878	11	0
909	11	0
934	11	0
965	11	0
992	11	1
1028	11	1
7	36	1
45	36	1
75	36	1
115	36	1
146	36	1
173	36	1
198	36	0
6	8	0
237	36	0
271	38	0
296	36	0
317	36	0
355	52	1
378	53	1
399	63	1
433	56	1
464	63	1
489	64	1
521	67	1
553	70	1
537	72	1
569	68	1
587	65	0
618	64	0
657	50	0
674	48	0
706	44	0
719	36	0
745	35	0
778	36	0
798	36	0
819	36	0
847	36	0
879	38	0
909	36	0
937	39	0
972	36	0
992	36	1
1028	36	1
12	61	1
50	61	1
84	65	1
117	71	1
146	76	1
173	76	1
198	76	1
220	76	1
237	76	1
267	76	1
296	76	1
317	76	1
349	76	1
377	78	0
399	78	0
425	80	0
462	84	0
492	88	0
518	87	0
542	92	0
561	90	0
588	95	0
604	89	0
621	80	0
651	76	1
666	76	1
699	76	1
719	76	1
747	76	1
778	76	1
798	76	1
819	76	0
856	75	0
878	76	0
909	76	0
934	76	0
965	76	0
992	76	0
1028	76	0
8	96	1
45	96	1
77	101	1
115	108	0
145	108	0
173	108	0
201	108	0
217	108	0
237	108	1
267	108	1
296	108	1
317	108	1
349	108	1
373	108	1
392	108	1
429	108	1
458	108	1
488	108	1
515	108	0
535	108	0
548	108	0
568	108	0
590	108	0
614	108	0
651	108	0
666	108	0
699	108	0
719	108	0
747	108	1
778	108	1
798	108	1
819	108	1
847	108	1
878	108	1
909	108	1
934	108	0
965	108	0
992	108	0
1028	108	0
10	128	1
46	129	1
81	133	1
116	136	1
146	140	1
173	140	1
198	140	1
220	140	1
237	140	1
267	140	1
296	140	0
317	140	0
349	140	0
373	140	0
392	140	0
429	140	0
458	140	1
488	140	1
515	140	1
535	140	1
548	140	1
568	140	1
590	140	0
614	140	0
651	140	0
666	140	0
705	143	0
719	140	0
747	140	0
778	140	0
798	140	0
819	140	0
847	140	1
878	140	1
909	140	1
934	140	1
965	140	1
992	140	1
1028	140	0
6	164	0
45	167	0
77	172	0
116	168	0
149	173	1
175	173	1
201	174	1
220	180	1
237	180	1
267	180	1
296	180	1
317	180	1
349	180	1
373	180	1
402	186	1
436	188	0
472	192	0
501	194	0
520	192	0
538	195	0
552	195	0
567	196	0
589	195	1
615	198	1
649	193	0
671	196	0
706	196	0
724	193	0
747	192	0
778	180	0
798	180	0
819	180	0
847	180	0
889	180	0
909	180	0
934	180	0
972	176	1
1001	174	1
1031	178	1
7	198	1
45	198	1
75	198	1
115	198	1
145	207	1
177	207	0
203	214	0
225	211	0
244	209	0
274	212	0
298	212	0
312	216	0
351	220	1
380	225	1
403	227	1
431	232	1
461	236	1
485	237	1
518	238	1
540	240	1
557	237	0
590	227	1
621	228	1
645	228	1
663	229	1
677	224	1
698	225	1
717	222	1
737	223	1
777	218	0
803	218	0
829	217	0
858	222	0
884	217	0
916	216	0
942	220	0
969	216	0
998	219	0
1030	218	0
7	230	0
46	229	1
81	235	1
117	236	1
152	236	1
176	238	1
206	242	1
234	249	1
267	248	1
289	245	1
313	250	1
340	252	1
373	260	0
408	260	0
441	264	0
465	265	0
487	270	0
523	274	0
553	272	0
574	272	0
601	270	0
617	268	0
644	269	0
668	268	0
633	269	0
661	271	0
701	260	1
723	261	1
747	264	1
784	256	1
814	256	1
838	259	1
855	256	1
879	258	1
917	254	0
938	252	0
975	258	0
1004	260	0
1030	258	0
8	264	1
41	265	1
73	273	0
112	276	0
144	279	0
175	280	0
205	283	0
229	278	1
253	281	1
277	283	1
300	280	1
320	283	1
356	284	1
373	292	1
392	292	1
429	292	1
458	292	1
488	292	1
513	290	0
535	292	0
549	292	0
568	292	0
590	292	0
614	292	0
651	292	0
666	292	0
699	292	0
719	292	0
747	292	0
778	292	0
798	292	1
819	292	1
847	292	1
878	292	1
909	292	1
934	292	1
965	292	1
992	292	1
1028	292	1
11	304	1
48	308	1
81	308	1
118	312	1
150	316	1
173	320	1
198	320	1
220	320	1
237	320	1
267	320	0
296	320	0
317	320	0
349	320	0
373	320	0
392	320	0
435	319	1
458	320	1
488	320	1
515	320	1
535	320	1
548	320	1
568	320	1
590	320	1
614	320	0
651	320	0
666	320	0
699	320	0
719	320	0
747	320	0
778	320	0
798	320	0
828	320	0
857	320	0
882	322	0
909	320	1
934	320	1
965	320	1
992	320	1
1028	320	1
11	344	1
49	346	0
82	345	0
125	344	1
153	344	1
177	352	1
206	356	1
229	359	1
248	364	1
271	365	1
296	370	1
317	370	1
349	370	1
373	370	1
392	370	1
429	370	1
458	370	0
488	370	0
515	370	0
535	370	0
548	370	1
568	370	1
590	370	1
614	370	1
651	370	1
666	370	1
709	370	0
722	373	0
750	373	0
783	372	0
801	370	0
829	371	0
847	370	0
878	370	0
909	370	0
934	370	0
965	370	0
993	371	0
1029	367	1
8	384	1
41	389	1
78	392	1
115	393	1
148	393	0
174	394	0
198	400	0
220	400	0
237	400	0
266	399	0
296	400	0
317	400	1
349	400	1
373	400	1
392	400	1
429	400	1
458	400	0
488	400	0
508	404	0
535	400	0
548	404	0
568	400	0
590	400	0
614	400	0
651	400	1
666	400	1
699	400	1
719	400	1
747	400	1
778	400	1
798	400	1
819	400	1
847	400	0
878	400	0
902	400	0
930	400	0
967	402	0
989	404	0
1029	398	0
7	426	1
45	426	1
75	426	1
115	426	1
146	426	1
173	426	1
198	426	1
220	426	1
237	426	1
267	426	1
296	426	1
317	426	1
349	426	1
373	426	1
392	426	1
429	426	1
458	426	1
488	426	1
515	426	1
535	426	1
548	426	1
568	426	0
593	429	0
614	426	0
651	426	0
666	426	0
697	428	0
725	428	0
749	429	0
778	426	1
798	426	1
819	426	1
847	426	1
878	426	1
909	426	1
934	426	1
965	426	0
992	426	0
1028	426	0
9	454	0
45	456	0
72	457	0
115	460	0
152	459	0
173	459	0
197	458	0
220	461	1
237	461	1
267	461	1
296	461	1
317	461	1
349	461	1
373	461	1
392	461	1
429	461	1
458	461	1
488	461	1
515	461	0
537	462	0
549	461	0
572	465	0
590	461	0
614	461	0
651	461	0
666	461	0
699	461	0
720	464	0
748	462	0
777	464	0
801	464	0
819	461	0
847	461	0
878	461	1
909	461	1
934	461	1
965	461	1
992	461	1
1028	461	1
7	481	1
45	481	1
75	481	1
115	481	1
146	481	1
173	481	1
198	481	1
220	481	1
237	481	1
267	481	1
296	481	1
317	481	1
349	481	0
373	481	0
392	481	0
429	481	1
458	481	1
488	481	1
515	481	1
535	481	1
548	481	1
568	481	1
590	481	1
614	481	1
651	481	1
666	481	0
699	481	0
719	481	0
750	485	0
778	481	0
798	481	0
819	481	0
847	481	0
878	481	0
909	481	1
934	481	1
965	481	1
992	481	1
1028	481	1
10	524	0
44	524	0
72	525	0
115	525	1
146	525	1
173	525	1
198	525	1
220	525	1
237	525	1
267	525	1
296	525	1
317	525	1
349	525	1
373	525	1
392	525	1
429	525	1
458	525	0
489	528	0
512	528	0
537	528	0
551	528	0
569	527	0
590	525	0
621	527	1
651	525	1
666	525	1
699	525	1
719	525	1
747	525	1
778	525	1
798	525	0
819	525	0
847	525	0
878	525	0
909	526	0
934	525	0
965	525	0
992	525	0
1028	525	0
7	558	1
45	558	1
75	558	1
123	557	0
149	560	0
169	556	0
193	557	0
221	554	0
245	556	0
267	558	0
296	558	1
317	558	1
349	558	1
373	558	1
392	558	1
429	558	1
458	558	1
488	558	1
515	558	1
535	558	1
548	558	1
568	558	0
590	558	0
614	558	0
651	558	0
666	558	0
699	558	0
719	558	1
747	558	1
778	558	1
798	558	1
819	558	1
847	558	1
878	558	1
909	558	1
934	558	1
965	558	0
992	558	0
1028	558	0
7	584	1
45	584	1
75	584	1
115	584	1
146	584	1
173	584	1
198	584	1
220	584	1
237	584	1
267	584	1
296	584	1
317	584	1
349	584	0
373	584	1
392	584	1
429	584	0
458	584	1
488	584	0
515	584	0
535	584	0
548	584	0
568	584	0
590	584	0
614	584	0
651	584	0
666	584	0
699	584	0
719	584	0
747	584	1
778	584	1
798	584	1
819	584	1
847	584	1
878	584	1
909	584	1
934	584	1
965	584	1
992	584	1
1028	584	0
9	605	0
41	607	0
72	609	0
109	607	0
147	609	0
173	606	0
198	606	1
220	606	1
237	606	1
267	606	1
296	606	1
317	606	1
349	606	1
373	606	1
392	606	1
429	606	1
458	606	1
491	608	0
515	606	0
535	606	0
548	606	0
568	606	0
590	606	0
614	606	0
651	606	0
670	607	0
699	606	0
719	606	0
747	606	0
778	606	0
798	606	0
819	606	0
847	606	1
878	606	1
909	606	1
934	606	1
965	606	1
992	606	1
1031	605	0
7	642	1
45	642	1
75	642	1
115	642	1
146	642	1
173	642	1
198	642	1
220	642	1
237	642	1
270	645	0
296	642	0
318	643	1
348	644	0
373	645	0
393	643	0
429	642	1
458	642	1
488	642	1
515	642	1
535	642	1
548	642	1
568	642	1
590	642	1
614	642	1
651	642	1
666	642	1
699	642	1
719	642	1
747	642	1
778	642	0
798	642	0
819	642	0
847	642	0
885	643	0
909	642	0
934	642	0
965	642	1
992	642	1
1028	642	1
7	672	1
45	672	1
75	672	1
115	672	1
146	672	1
173	672	1
198	672	1
220	672	1
237	672	1
267	672	1
296	672	1
317	672	1
349	672	1
373	672	1
392	672	1
435	672	0
458	672	0
488	672	0
514	673	0
535	672	0
548	672	0
568	672	0
590	669	0
614	672	0
651	672	0
666	672	0
699	672	1
719	672	1
747	672	1
778	672	1
798	672	1
819	672	1
847	672	1
878	672	1
909	672	0
934	672	0
965	672	0
992	672	0
1028	672	0
