11	7	1
29	8	0
57	7	0
77	7	1
104	7	0
138	7	0
179	7	1
209	7	0
247	7	1
272	7	1
297	7	0
326	7	0
356	7	1
380	8	0
415	7	0
448	7	1
476	7	0
502	7	0
521	7	0
545	7	1
573	7	1
597	7	0
623	7	0
657	7	0
686	7	0
706	7	0
733	7	0
758	7	0
783	7	0
808	7	0
833	7	0
860	7	0
883	7	0
908	7	0
936	7	0
977	7	0
1004	7	1
1028	8	0
11	22	0
31	22	0
57	22	1
77	22	1
104	22	0
137	20	0
179	22	0
209	22	0
247	22	1
272	22	1
297	22	0
325	20	0
358	23	0
380	22	0
415	22	0
448	22	1
476	22	0
502	22	0
521	22	0
545	22	0
573	22	0
597	22	0
623	22	0
657	22	0
686	22	0
706	22	0
733	22	0
758	22	0
783	22	0
808	22	1
833	22	0
860	22	0
883	22	0
908	22	0
936	22	0
977	22	0
1002	23	0
1030	22	0
11	44	0
31	44	0
57	44	1
77	44	1
104	44	0
142	41	1
179	44	0
209	44	0
247	45	0
272	44	0
297	44	0
326	44	1
356	44	1
380	44	0
415	44	0
448	44	0
476	44	0
502	44	1
521	44	1
545	44	0
573	44	0
597	44	0
623	44	0
657	44	0
686	44	1
706	44	0
733	44	0
758	44	0
783	44	0
808	44	1
833	44	0
860	44	0
879	42	0
908	44	0
936	44	0
970	44	1
999	45	1
1030	44	0
11	70	0
31	70	1
58	68	0
77	70	0
104	70	0
138	70	0
184	72	1
218	70	1
247	70	0
272	70	0
297	70	0
326	70	0
356	70	0
380	70	0
415	70	0
448	70	0
476	70	0
502	70	0
521	70	0
545	70	0
573	70	1
597	70	1
623	70	0
657	70	0
686	70	0
706	70	0
733	70	0
758	70	1
783	70	0
808	70	0
833	70	0
860	70	1
883	70	1
908	70	0
937	69	0
977	70	0
1004	70	0
1030	70	0
11	95	0
31	95	1
57	95	0
77	95	0
104	95	1
138	95	0
179	95	0
209	95	0
247	95	1
272	95	1
297	95	1
326	95	0
356	95	1
380	95	0
415	95	0
448	95	0
476	95	1
502	95	0
521	95	0
545	95	0
573	95	0
597	95	0
623	95	1
657	95	1
686	95	0
706	95	0
733	95	0
758	92	0
783	95	0
808	95	0
831	100	1
860	95	0
883	95	0
908	95	0
936	95	1
977	95	0
1004	95	0
1030	95	0
11	121	0
31	121	0
57	121	0
77	121	0
106	123	0
138	121	0
179	121	1
209	121	0
247	121	0
272	121	0
297	121	0
326	121	1
356	121	1
380	121	1
415	121	0
448	121	0
476	121	0
502	121	0
521	121	0
545	121	1
573	121	0
597	121	0
623	121	1
657	121	0
686	121	0
708	120	0
733	121	1
758	121	0
783	121	0
808	121	0
833	121	0
860	121	0
883	121	1
908	121	1
936	121	0
977	121	0
1004	121	1
1030	121	1
11	146	0
31	146	0
57	146	1
77	146	1
104	146	0
138	146	0
179	146	0
209	146	0
247	146	1
273	145	0
297	146	0
326	146	1
356	146	1
383	146	0
415	146	1
448	146	1
476	146	0
502	146	0
521	146	0
545	146	0
573	146	0
597	146	1
623	146	1
657	146	0
686	146	0
706	146	0
733	146	0
758	146	0
783	146	1
808	146	1
833	146	0
860	146	0
883	146	1
908	146	1
936	146	0
976	144	0
1004	146	0
1030	146	0
11	167	0
31	167	1
57	167	1
77	167	1
104	167	0
138	167	1
179	167	0
209	167	0
247	167	0
272	167	1
297	167	1
326	167	1
356	167	0
380	167	0
415	166	0
446	165	0
476	167	0
502	167	1
522	165	0
545	167	0
571	167	0
597	167	0
623	167	0
657	167	1
681	167	1
700	165	1
733	167	0
758	167	0
783	167	1
808	167	1
833	167	0
862	166	0
883	167	0
908	167	0
936	167	0
972	166	1
1004	167	0
1030	167	0
8	197	1
30	193	1
57	191	0
77	191	0
104	191	0
138	195	0
179	186	0
209	191	1
247	191	0
272	191	0
297	191	0
326	191	0
356	191	1
380	191	1
415	191	0
448	191	0
476	191	0
502	191	0
521	191	0
545	191	0
573	191	1
597	191	0
623	191	0
657	191	0
686	191	0
713	196	1
733	191	1
758	191	1
783	191	0
808	191	0
833	191	0
858	185	1
883	191	0
908	191	0
936	191	0
977	191	0
1004	191	0
1030	191	0
9	218	0
31	217	0
57	215	1
77	215	1
104	215	1
138	215	0
179	215	1
209	215	1
247	215	0
272	215	1
297	215	0
326	215	0
356	215	1
378	215	0
415	215	0
454	213	1
477	214	0
502	215	0
521	215	0
545	215	0
573	215	0
597	215	0
623	215	1
662	212	0
686	215	0
706	215	0
734	217	0
758	215	0
783	215	0
808	215	0
833	215	0
860	215	0
883	215	0
908	215	0
936	215	1
977	215	0
1004	215	0
1029	206	1
11	242	0
31	242	0
57	242	1
77	242	1
104	242	1
130	253	1
170	240	1
209	242	0
247	242	0
272	242	0
297	242	0
326	242	1
356	242	1
380	242	0
415	242	0
448	242	0
476	242	0
502	242	0
521	242	1
545	242	1
573	242	0
597	242	1
623	242	0
657	242	0
686	242	1
706	242	1
733	242	0
758	242	0
783	242	0
808	242	0
833	242	0
860	242	0
883	242	0
908	242	0
936	242	0
977	242	0
1004	242	1
1030	242	0
11	265	0
31	265	1
57	265	1
77	265	0
104	265	0
134	267	0
179	265	0
209	265	1
247	265	0
272	265	0
297	265	0
326	265	0
356	265	0
380	265	1
415	265	1
448	265	0
476	265	0
502	265	0
521	265	0
545	265	0
573	265	0
597	265	1
627	265	0
655	264	0
686	265	0
706	265	0
733	265	0
758	265	1
783	265	1
808	265	0
833	265	0
860	265	0
883	265	0
908	265	0
939	281	1
977	265	0
1004	265	0
1030	265	1
11	297	0
31	297	0
57	297	0
77	297	0
112	297	1
144	297	0
179	296	0
210	297	0
247	297	0
280	296	1
306	296	1
328	296	0
356	297	0
380	297	1
415	297	0
448	297	0
476	297	1
502	297	1
521	297	0
545	297	0
573	297	0
597	297	0
623	297	1
657	297	1
686	297	1
706	297	0
733	297	0
758	297	0
783	297	0
808	297	0
833	297	0
860	297	0
883	297	0
908	297	0
936	297	0
977	297	0
1004	297	1
1030	297	1
12	329	1
31	326	0
57	326	0
77	326	0
104	326	0
138	326	0
179	326	1
212	324	0
247	326	0
272	326	0
297	326	0
326	326	1
356	326	1
386	325	1
421	322	0
448	320	0
476	326	0
502	326	0
521	326	0
545	326	1
577	322	0
594	325	0
623	322	0
657	326	0
686	326	1
706	326	1
733	326	1
758	326	0
783	326	0
808	326	0
833	326	0
860	326	0
883	326	0
908	326	1
938	326	0
977	326	0
1004	326	1
1030	326	1
9	354	0
31	349	0
57	349	0
77	349	1
104	349	0
138	349	0
179	349	0
209	349	0
247	349	1
272	349	1
297	349	0
326	349	1
356	349	0
380	349	0
415	349	1
448	349	1
476	349	0
500	346	0
521	348	0
545	349	0
573	349	0
597	348	0
623	349	1
657	349	0
686	349	0
706	349	0
733	349	0
758	349	0
783	349	1
808	349	1
833	349	0
860	349	0
883	349	0
909	349	0
936	349	0
977	349	1
1004	349	1
1030	349	0
11	375	0
31	375	0
57	375	0
77	376	0
104	375	0
138	375	1
179	375	0
209	375	0
247	375	0
272	375	0
297	375	0
326	375	1
356	375	0
380	375	1
415	375	1
448	375	0
476	375	1
502	375	1
521	375	1
545	375	0
573	375	0
597	375	0
623	375	0
657	375	0
686	375	0
706	375	0
733	375	0
758	375	0
783	375	0
808	375	0
833	375	0
860	375	1
883	375	1
908	375	0
936	375	0
977	375	1
1004	375	1
1030	375	1
9	396	0
31	398	1
57	398	0
77	398	0
104	398	0
138	398	1
179	398	1
209	398	1
247	398	0
272	398	0
297	398	0
326	398	0
356	398	0
380	398	1
415	398	1
452	394	0
479	395	0
503	401	0
521	398	0
545	398	0
573	398	1
597	398	1
623	398	0
661	397	0
686	398	0
706	398	0
733	398	0
758	398	0
783	398	0
804	398	0
834	394	0
860	398	0
884	397	0
908	398	0
936	398	1
977	398	0
1004	398	0
1030	398	1
11	419	1
31	419	1
57	419	0
77	419	0
104	419	0
138	419	0
179	419	1
209	419	1
247	419	0
272	419	1
297	419	1
326	419	0
356	419	0
380	419	0
422	420	1
448	419	1
476	419	1
502	419	1
521	419	1
545	419	1
573	420	0
597	419	0
623	419	0
657	419	1
686	419	0
706	419	0
733	419	0
758	419	0
783	419	0
808	419	1
833	416	1
860	419	0
883	419	0
908	419	0
936	419	0
977	419	1
1004	419	1
1030	419	1
11	442	0
31	442	0
57	442	0
77	442	0
104	442	0
138	442	0
167	444	1
209	442	0
247	442	0
276	441	0
297	442	0
326	442	1
356	442	1
380	442	0
415	442	0
448	442	0
476	442	0
502	442	1
521	442	1
545	442	1
573	442	1
597	442	0
623	442	0
657	442	0
686	442	0
706	442	0
733	442	0
758	442	0
783	442	0
808	442	0
833	442	0
860	442	1
883	442	1
908	442	1
936	442	0
977	442	1
1004	442	1
1030	442	1
11	466	0
31	466	0
57	466	1
77	466	0
104	466	0
138	466	0
167	464	1
209	466	0
246	463	0
272	466	0
297	466	0
327	470	0
354	470	0
380	472	1
415	466	1
448	466	0
471	476	1
500	473	1
521	467	0
545	467	0
573	466	1
597	466	1
623	466	1
657	466	0
686	466	0
706	466	0
733	466	0
756	466	0
783	466	1
811	465	0
833	466	0
860	466	0
883	466	0
908	466	0
936	466	1
977	466	1
1004	466	0
1030	466	0
11	495	0
31	495	0
57	495	1
77	495	0
104	495	0
138	495	0
179	495	0
209	495	1
245	491	1
272	495	0
297	495	1
326	495	0
356	495	0
380	495	1
418	495	0
448	495	0
471	498	0
506	498	0
521	494	0
545	495	1
573	495	1
597	495	0
623	495	0
657	495	0
686	495	0
706	495	0
733	495	1
758	495	1
783	495	0
806	496	0
827	494	1
860	495	1
883	495	0
908	495	1
936	495	1
977	496	0
1004	490	0
1029	493	0
11	523	1
31	526	0
57	523	0
77	523	0
104	523	0
138	523	0
179	523	1
209	523	1
247	523	0
273	522	0
297	523	0
326	523	0
355	524	0
380	523	1
423	536	1
450	537	1
476	523	0
502	523	0
521	523	1
545	523	1
573	523	0
597	523	0
623	523	0
657	523	0
686	523	0
706	523	0
733	523	1
758	523	1
783	523	1
808	523	1
833	523	1
860	523	0
883	523	1
908	523	1
936	523	1
977	523	0
1006	518	1
1030	523	1
11	556	0
31	556	0
58	557	0
77	556	1
104	556	0
138	556	0
179	556	0
209	556	0
247	556	1
272	556	1
297	556	0
326	556	0
356	556	0
380	556	0
416	558	0
450	558	0
479	563	1
502	557	1
521	556	1
545	556	0
573	556	0
597	556	0
623	556	0
657	556	0
686	556	1
706	556	1
733	556	0
758	556	0
783	556	1
808	556	1
833	556	1
860	556	1
883	556	1
908	556	1
936	556	0
977	556	1
1004	556	1
1030	556	1
11	582	0
33	585	0
57	582	0
77	582	0
104	582	0
138	582	1
179	582	0
211	579	0
247	582	0
272	582	0
297	582	0
326	582	0
356	582	0
381	588	1
412	592	1
448	582	0
471	582	0
501	582	0
521	582	0
545	582	1
573	582	1
597	582	1
623	582	0
657	582	0
686	582	0
706	582	0
733	582	1
758	582	1
783	582	1
808	582	0
833	582	0
860	582	1
884	580	0
908	582	0
936	582	0
977	582	0
1004	582	1
1030	582	1
8	616	0
31	616	1
57	616	0
77	616	0
104	616	1
138	616	0
179	616	0
210	608	1
247	616	0
271	615	0
294	625	1
326	616	0
356	616	0
380	616	0
415	616	0
448	616	1
476	616	1
502	616	0
521	616	0
545	616	0
573	616	0
597	616	0
623	616	1
657	616	1
686	616	0
706	616	0
733	616	0
758	616	0
783	616	0
805	628	1
835	623	1
859	624	1
886	611	1
909	613	1
943	616	1
971	615	1
1004	616	0
1030	616	0
11	651	1
31	651	0
57	649	0
77	651	0
104	651	1
138	651	0
179	651	1
209	651	0
247	651	0
272	651	0
297	651	0
326	651	1
356	651	1
380	651	0
416	649	0
448	651	0
476	651	0
502	651	0
519	649	1
545	642	1
573	651	0
597	651	0
623	651	0
657	651	0
686	651	1
706	651	1
733	651	1
758	651	0
783	651	0
808	650	0
831	654	0
864	651	0
887	642	0
910	644	0
935	649	0
965	646	1
997	649	1
1026	646	1
8	681	0
31	680	1
57	680	1
77	680	1
104	680	0
138	680	0
179	680	0
209	680	0
247	680	1
272	680	0
297	679	0
317	683	1
356	680	0
380	680	0
414	677	1
448	680	0
476	679	0
499	683	1
521	680	0
545	680	0
573	680	1
597	680	1
623	680	0
657	680	1
686	680	1
708	680	0
732	679	0
758	680	1
783	680	1
808	680	1
833	680	1
860	680	0
878	669	1
906	673	1
937	677	1
976	678	0
1004	680	0
1030	680	0
