6	5	0
31	5	0
57	5	0
83	5	0
109	5	0
135	5	0
161	5	0
188	5	0
213	5	0
239	5	0
267	5	0
293	5	0
321	5	0
346	5	0
373	5	0
397	5	0
426	5	0
449	5	1
475	5	0
503	5	0
531	5	1
558	5	1
584	5	1
611	5	1
641	5	1
674	5	0
698	5	1
726	5	1
754	5	1
783	5	1
811	5	1
839	5	1
867	5	1
896	5	1
923	5	1
941	9	0
973	5	1
1001	5	1
1028	5	1
6	31	0
31	31	0
57	31	0
83	31	0
109	31	0
135	31	0
161	31	0
188	31	0
213	31	0
239	31	0
267	31	0
293	31	0
321	31	0
346	31	0
373	31	0
397	31	0
426	31	0
449	31	0
475	31	0
503	31	0
531	31	0
558	31	0
584	31	1
611	31	1
641	31	1
668	31	1
698	31	1
726	31	1
751	31	0
783	31	1
811	31	1
839	31	1
867	31	1
896	31	1
923	31	1
951	31	1
973	31	1
1005	38	0
1028	31	1
6	61	1
31	61	1
57	61	1
83	61	0
109	61	0
135	61	0
161	61	0
188	61	0
213	61	0
239	61	0
267	61	0
293	61	0
321	61	0
346	61	0
373	61	0
397	61	0
426	61	0
449	61	0
475	61	0
503	61	0
531	61	0
558	61	0
584	61	0
610	63	0
641	61	1
668	61	1
698	61	1
726	61	1
754	61	1
783	61	1
811	61	1
829	55	0
867	61	1
900	67	0
923	61	1
951	61	1
973	61	1
1001	61	1
1028	61	1
6	94	0
31	94	0
57	94	0
83	94	0
109	94	1
135	94	1
161	94	1
188	94	0
213	94	0
239	94	0
267	94	0
294	89	0
321	94	0
346	94	0
373	94	0
397	94	0
426	94	0
449	94	0
475	94	0
503	94	0
531	94	0
558	94	0
584	94	0
611	94	1
641	94	1
668	94	1
697	83	0
726	94	1
754	95	1
782	99	0
811	94	1
839	94	1
867	94	1
896	94	1
923	94	1
951	94	1
971	94	0
1001	94	1
1028	94	1
6	115	0
31	115	0
57	115	0
83	115	0
109	115	0
135	115	0
161	115	0
188	115	0
213	115	0
239	115	1
267	115	1
293	115	1
321	115	0
346	115	0
373	115	0
398	112	0
430	114	0
449	115	0
475	115	0
503	115	0
531	115	0
558	115	0
584	115	0
611	115	1
641	115	1
668	115	1
698	115	1
726	115	1
754	115	1
783	115	1
811	115	1
843	119	0
867	115	1
896	115	1
923	115	1
951	115	1
973	115	1
1001	115	1
1027	119	0
6	135	0
31	135	0
57	135	0
83	135	0
109	135	0
135	135	0
161	135	0
188	135	0
213	135	0
238	134	0
267	135	0
293	135	0
321	135	0
346	135	0
367	139	1
397	135	1
423	129	1
449	135	0
475	135	0
502	135	0
539	131	0
558	135	0
584	135	0
611	135	0
644	131	0
668	135	1
698	135	1
726	135	1
754	135	1
783	135	1
811	135	1
839	135	1
867	135	1
896	135	1
919	135	0
951	135	1
973	135	1
1001	135	1
1028	135	1
6	155	0
31	155	0
57	155	0
83	155	0
109	155	0
135	155	0
161	155	0
188	155	0
213	155	0
239	155	0
267	155	0
293	155	0
321	155	0
346	155	0
373	155	0
397	155	0
426	155	0
449	155	0
479	163	1
503	155	1
538	150	1
558	155	0
584	155	0
611	155	1
641	155	1
668	155	1
698	155	1
725	149	0
754	155	1
783	155	1
811	155	1
839	155	1
867	155	1
896	155	1
923	155	1
951	155	1
973	155	1
995	160	0
1028	155	1
6	179	1
31	179	0
57	179	0
83	179	0
109	179	0
135	179	0
161	179	0
188	179	0
213	179	0
239	179	0
267	179	0
293	179	0
321	179	0
346	179	0
373	179	0
397	179	0
426	179	0
449	179	0
475	179	0
503	179	0
531	179	0
558	179	0
584	179	0
611	179	1
641	179	1
668	179	1
698	179	1
726	179	1
754	179	1
783	179	1
804	169	0
839	179	1
867	179	1
896	179	1
923	179	1
951	179	1
973	179	1
1001	179	1
1028	179	1
6	208	1
31	208	0
57	208	0
83	208	0
109	208	0
135	208	0
161	208	0
188	208	0
213	208	0
239	208	0
267	208	0
293	208	0
321	208	0
346	208	0
373	208	0
397	208	0
426	208	0
449	208	0
475	208	0
503	208	0
531	208	0
558	208	0
584	208	0
611	208	1
641	208	1
668	208	1
695	207	0
726	208	1
754	208	1
783	208	1
811	208	1
839	208	1
869	201	0
884	202	0
923	208	1
951	208	1
973	208	1
1001	208	1
1028	208	1
6	233	1
31	233	0
57	233	0
87	244	1
109	239	1
139	232	1
161	233	0
188	233	0
212	232	0
239	233	0
267	233	0
293	233	0
321	233	0
346	233	0
373	233	0
397	233	0
426	233	0
449	233	0
475	233	0
503	233	0
531	233	0
558	233	0
584	233	0
611	233	1
641	233	1
668	233	1
698	233	1
726	233	1
753	234	0
783	233	1
811	233	1
839	233	1
867	233	1
896	233	1
923	233	1
947	227	0
973	233	1
1001	233	1
1025	244	0
6	262	0
31	262	0
57	262	0
83	262	0
109	262	0
135	262	0
161	262	0
188	262	1
213	262	1
239	262	1
267	262	1
293	262	0
321	262	0
346	262	0
373	262	0
397	262	0
426	262	0
449	262	0
475	262	0
503	262	0
531	262	0
558	262	0
584	262	0
611	262	1
635	265	0
668	262	1
698	262	1
726	262	1
754	262	1
783	262	1
811	262	1
837	261	0
867	262	1
896	262	1
923	262	1
951	262	1
973	262	1
1001	262	1
1028	262	1
6	287	0
31	287	0
57	287	0
83	287	0
109	287	0
135	287	0
161	287	0
188	287	0
213	287	0
239	287	0
267	287	0
293	287	0
321	287	1
346	287	1
373	287	1
397	287	0
426	287	0
449	287	0
475	287	0
504	286	0
531	287	0
558	287	0
584	287	0
611	287	1
641	287	1
668	287	1
698	287	1
717	289	0
754	287	1
783	287	1
811	287	1
839	287	1
867	287	1
903	274	0
923	287	1
951	287	1
975	291	0
1001	287	1
1028	287	1
6	311	0
31	311	0
57	311	0
83	311	0
109	311	0
135	311	0
161	311	0
188	311	0
213	311	0
239	311	0
267	311	0
293	311	0
321	311	0
346	311	0
373	311	0
397	311	0
426	311	0
449	311	1
475	311	1
503	311	1
531	311	0
558	311	0
584	311	1
611	311	1
641	311	1
668	311	1
698	311	1
726	311	1
754	311	1
783	307	0
811	311	1
839	311	1
867	311	1
896	311	1
923	311	1
951	311	1
973	311	1
1001	311	1
1031	311	0
6	336	0
31	336	0
57	336	0
83	336	0
109	336	0
135	336	0
161	336	0
188	336	0
213	336	0
239	336	0
267	336	0
293	336	0
321	336	0
346	336	0
373	336	0
397	336	0
426	336	0
449	336	0
475	336	0
503	336	0
531	336	0
558	336	0
584	336	1
611	336	1
641	336	1
662	332	0
698	336	1
726	336	1
754	336	1
783	336	1
811	336	1
839	336	1
857	325	0
896	336	1
927	340	0
951	336	1
973	336	1
1001	336	1
1028	336	1
6	363	0
31	363	0
53	371	1
83	363	1
109	363	1
135	363	0
161	363	0
188	363	0
213	363	0
239	363	0
267	363	0
293	363	0
321	363	0
346	363	0
373	363	0
397	363	0
426	363	0
449	363	0
475	363	0
503	363	0
531	363	0
558	363	0
584	363	0
611	363	1
641	363	1
668	363	1
698	363	1
738	351	0
754	363	1
783	363	1
811	364	0
839	363	1
867	363	1
896	363	1
923	363	1
951	363	1
973	363	1
1002	356	0
1028	363	1
6	393	0
31	393	0
57	393	0
83	393	0
109	393	0
135	393	0
161	393	1
188	393	1
213	393	1
239	393	0
267	393	0
293	393	0
321	393	0
346	393	0
373	393	0
397	393	0
426	393	0
449	393	0
475	393	0
503	393	0
531	393	0
558	393	0
584	393	0
611	393	0
641	393	1
668	393	1
692	395	0
726	393	1
754	393	1
783	393	1
811	393	1
839	393	1
867	393	1
887	391	0
923	393	1
952	406	0
973	393	1
1001	393	1
1028	393	1
6	421	0
31	421	0
57	421	0
83	421	0
109	421	0
135	421	0
161	421	0
188	421	0
213	421	0
239	421	0
267	421	0
286	422	1
318	420	1
346	421	1
373	421	0
397	421	0
426	421	0
449	421	0
475	421	0
503	421	0
531	421	0
558	421	0
584	421	0
611	421	0
641	421	1
668	421	1
698	421	1
726	421	1
754	423	1
768	421	0
811	421	1
839	435	0
867	421	1
896	421	1
923	421	1
951	421	1
973	421	1
1001	421	1
1027	426	0
6	451	0
31	451	0
57	451	0
83	451	0
109	451	0
135	451	0
161	451	0
188	451	0
213	451	0
239	451	0
267	451	0
293	451	0
321	451	0
346	451	0
373	451	0
397	451	1
426	451	1
449	451	1
475	451	0
503	451	0
531	451	0
558	451	0
584	451	0
611	451	0
639	449	0
668	451	1
698	451	1
724	460	0
754	451	1
783	451	1
811	451	1
839	451	1
867	451	1
896	451	1
917	453	0
951	451	1
973	451	1
1001	451	1
1028	451	1
6	475	0
31	475	0
57	475	0
83	475	0
109	475	0
135	475	0
161	475	0
188	475	0
213	475	0
239	475	0
267	475	0
293	475	0
321	475	0
346	475	0
373	475	0
397	475	0
426	475	0
449	475	0
475	475	0
503	475	0
531	475	1
558	475	1
584	475	1
611	475	0
641	475	1
668	475	1
698	475	1
726	475	1
754	475	1
783	475	1
805	481	0
839	475	1
867	475	1
896	475	1
923	475	1
951	475	1
978	472	0
1001	475	1
1028	475	1
3	516	1
31	516	1
54	515	1
83	509	0
109	509	0
135	509	0
163	508	0
192	507	0
213	509	0
239	509	0
267	509	0
293	509	0
321	509	0
346	509	0
373	509	0
397	509	0
426	509	0
449	509	0
475	509	0
503	509	0
531	509	0
558	509	0
584	509	1
611	509	0
641	509	1
665	509	0
698	509	1
726	509	1
754	509	1
783	509	1
811	509	1
839	509	1
861	505	0
896	509	1
923	509	1
939	519	0
973	509	1
1001	509	1
1028	509	1
4	534	0
31	535	0
56	531	0
83	529	0
109	529	0
127	533	1
152	529	1
184	527	1
213	529	0
239	529	0
267	529	0
293	526	0
321	529	0
346	529	0
373	529	0
397	529	0
426	529	0
449	529	0
475	529	0
503	529	0
531	529	0
558	529	0
584	529	0
611	529	0
641	529	1
668	529	1
698	529	1
726	529	1
741	530	0
783	529	1
811	529	1
839	529	1
867	529	1
896	529	1
923	529	1
951	529	1
973	529	1
1001	529	1
1028	529	1
6	555	0
31	555	0
57	555	0
83	555	0
109	555	0
135	555	0
161	555	0
188	555	0
213	555	0
238	563	1
266	555	1
295	549	1
325	550	0
347	551	0
373	551	0
400	551	0
426	555	0
449	555	0
475	555	0
503	555	0
531	555	0
558	555	0
584	555	0
611	555	0
641	555	1
668	555	1
698	555	1
726	555	1
754	555	1
783	555	1
815	551	0
839	555	1
867	555	1
896	555	1
923	555	1
951	555	1
973	555	1
1006	545	0
1028	555	1
6	583	0
31	583	0
57	583	0
83	583	0
109	583	0
135	583	0
161	583	0
188	583	0
213	583	0
239	583	0
267	583	0
293	583	0
321	583	0
346	583	0
367	581	1
397	583	1
426	583	0
449	583	0
475	583	0
503	583	0
531	583	0
558	583	1
584	583	1
611	583	1
641	583	1
668	583	1
702	579	0
726	583	1
754	583	1
779	595	0
811	583	1
839	583	1
867	583	1
888	573	0
923	583	1
949	584	0
969	585	0
1001	583	1
1028	583	1
6	611	0
31	611	0
57	611	0
83	611	0
109	611	0
135	611	0
161	611	0
188	611	0
213	611	0
239	611	0
267	611	0
293	611	0
321	611	0
346	611	0
373	611	0
397	611	0
426	611	0
449	611	0
475	611	1
503	611	1
531	611	1
558	611	1
584	611	1
611	611	1
641	611	1
667	617	0
698	611	1
726	611	1
754	611	1
783	611	1
811	611	1
845	619	0
867	611	1
896	611	1
923	611	1
951	611	1
973	611	1
1001	611	1
1024	607	0
6	638	1
31	638	1
57	638	0
83	638	0
109	638	0
135	638	0
161	638	0
188	638	0
213	638	0
239	638	0
267	638	0
293	638	0
321	638	0
346	638	0
373	638	0
397	638	0
426	638	0
449	638	0
475	638	0
503	638	0
531	638	0
558	638	1
584	638	1
611	638	1
641	638	1
668	638	1
698	638	1
727	642	0
754	638	1
783	638	1
811	638	1
839	638	1
867	638	1
896	638	1
924	636	0
951	638	1
973	638	1
1001	638	1
1028	638	1
6	666	0
31	666	0
57	666	0
83	666	1
109	666	1
135	666	1
161	666	1
188	666	0
213	666	0
239	666	0
267	666	0
293	666	0
321	666	0
346	666	0
373	666	0
397	666	0
426	666	0
449	666	0
475	666	0
503	666	0
531	666	0
558	666	1
584	666	1
611	666	1
641	666	1
668	666	1
698	666	1
726	666	1
754	666	1
785	663	0
811	666	0
839	666	1
867	666	1
896	666	1
923	666	1
951	666	1
973	666	1
991	660	0
1028	666	1
6	685	0
31	685	0
57	685	0
81	686	0
111	687	0
135	685	0
161	685	0
188	685	0
213	685	0
247	687	1
275	682	1
297	685	0
321	685	0
346	685	0
373	685	0
397	685	0
426	685	0
449	685	0
475	685	0
503	685	0
531	685	0
558	685	0
584	685	0
611	685	1
641	685	1
668	685	1
698	685	1
726	685	1
754	685	1
783	685	1
811	685	1
839	685	1
868	685	0
896	685	1
923	685	1
951	685	1
973	685	1
1001	685	1
1028	685	1
