6	8	0
29	8	0
53	8	0
76	8	0
100	8	0
124	8	1
148	8	1
172	8	1
198	8	1
223	8	1
247	8	1
271	8	1
294	8	1
319	8	0
344	8	0
370	8	0
396	8	0
420	8	0
444	8	1
468	8	1
494	8	1
518	8	1
539	8	1
562	8	1
588	8	1
614	8	1
644	8	1
686	8	1
713	8	1
737	8	1
764	8	0
789	8	0
819	8	0
845	8	0
871	8	0
900	6	0
922	8	0
946	8	0
971	8	0
990	8	0
1011	8	0
1029	8	0
6	26	0
29	26	0
53	26	0
76	26	0
100	26	0
124	26	1
148	26	1
172	26	1
198	26	1
223	26	1
247	26	1
271	26	1
294	26	1
319	26	1
345	25	0
370	26	0
396	26	0
420	26	0
444	26	0
468	26	0
494	26	0
518	26	1
539	26	1
562	26	1
588	26	1
614	26	1
644	26	1
686	26	1
713	26	1
737	26	1
764	26	1
789	26	1
819	26	0
845	26	0
871	26	1
897	26	1
922	26	0
946	26	1
971	26	1
990	26	0
1011	26	0
1029	26	0
6	50	0
29	50	0
53	50	0
76	50	1
100	50	0
124	50	0
148	50	0
172	50	0
198	50	0
223	50	1
247	50	1
271	50	1
294	50	1
319	50	1
344	50	1
370	50	1
396	50	1
420	50	1
444	50	1
468	50	0
494	50	0
518	50	0
539	50	0
562	50	0
588	50	0
614	50	1
644	50	1
686	50	1
713	50	1
737	50	1
764	50	1
789	50	1
819	50	0
845	50	0
871	50	0
897	50	0
922	50	1
946	50	1
971	50	1
990	50	1
1011	50	1
1029	50	1
6	72	0
29	72	1
53	72	1
76	72	1
100	72	0
124	72	0
148	72	0
172	72	0
198	72	0
223	72	0
247	72	0
271	72	0
294	72	1
319	72	1
344	72	1
370	72	1
396	72	1
420	72	1
444	72	1
468	72	1
494	72	1
518	72	1
539	72	0
562	72	0
588	72	0
614	72	0
644	72	0
686	72	1
713	72	1
737	72	1
764	72	1
789	72	1
819	72	0
845	72	0
871	72	0
897	72	0
922	72	0
946	72	0
971	72	0
990	72	1
1011	72	1
1029	72	1
6	92	0
29	92	1
53	92	1
76	92	1
100	92	1
124	92	1
148	92	1
172	92	1
198	92	1
223	92	0
247	92	0
271	92	0
294	92	0
319	92	0
344	92	1
370	92	1
396	92	1
420	92	1
444	92	1
468	92	1
494	92	1
518	92	1
539	92	1
562	92	1
588	92	1
614	92	0
644	92	0
686	92	0
713	92	0
737	92	0
764	92	0
789	92	0
819	92	0
845	92	0
871	92	1
897	92	1
922	92	1
946	92	0
971	92	0
990	92	0
1011	92	0
1029	92	0
6	109	0
29	109	0
53	109	1
76	109	1
100	109	1
124	109	1
148	109	1
172	109	1
198	109	1
223	109	1
247	109	0
271	109	0
294	109	0
319	109	0
344	109	0
370	109	0
396	109	1
420	109	1
444	109	1
468	109	1
494	109	1
518	109	1
539	109	1
562	109	1
588	109	1
614	109	1
644	109	1
686	109	0
713	109	0
737	109	0
764	109	0
789	109	0
819	109	1
845	109	1
871	109	1
897	109	1
922	109	1
946	109	1
971	109	1
990	109	1
1011	109	1
1029	109	0
6	129	0
29	129	0
53	129	0
76	129	0
100	129	0
124	129	1
148	129	1
172	129	1
198	129	1
223	129	1
247	129	1
271	129	1
294	129	1
319	129	0
344	129	0
370	129	0
396	129	0
420	129	0
444	129	0
468	129	0
494	129	1
518	129	1
539	129	1
562	129	1
588	129	1
614	129	1
644	129	1
686	129	0
713	129	0
737	129	0
764	129	0
789	129	0
819	129	1
845	129	1
871	129	0
897	129	0
922	129	1
946	129	1
971	129	1
990	129	0
1011	129	0
1029	129	0
6	154	0
29	154	0
53	154	0
76	154	0
100	154	0
124	154	0
148	154	1
172	154	1
198	154	1
223	154	1
247	154	1
271	154	1
294	154	1
319	154	1
344	154	1
370	154	1
396	154	0
420	154	0
444	154	0
468	154	0
494	154	0
518	154	0
539	154	1
562	154	1
588	154	1
614	154	1
644	154	1
686	154	0
713	154	0
737	154	0
764	154	0
789	154	1
819	154	1
845	154	1
871	154	0
897	154	0
922	154	0
947	149	0
973	148	0
990	154	0
1011	154	0
1029	154	0
6	173	1
29	173	1
53	173	1
76	173	0
100	173	0
124	173	0
148	173	0
172	173	0
198	173	1
223	173	1
247	173	1
271	173	1
294	173	1
319	173	1
344	173	1
370	173	1
396	173	1
420	173	0
444	173	0
465	173	0
496	172	0
519	172	0
539	173	0
562	173	0
588	173	0
614	173	1
644	173	1
686	173	1
713	173	0
737	173	0
764	173	0
789	173	0
817	175	0
845	173	0
871	173	0
897	173	1
922	173	1
946	173	1
967	166	1
992	170	0
1011	173	0
1029	173	1
6	194	1
29	194	1
53	194	1
76	194	0
96	191	0
123	194	0
148	194	0
172	194	0
198	194	0
223	194	0
247	194	0
271	194	1
294	194	1
319	194	1
344	194	1
370	194	1
396	194	1
420	194	1
444	194	1
468	194	1
494	194	1
518	194	1
541	193	0
556	193	0
592	193	0
614	194	0
644	194	0
686	194	1
713	194	0
737	194	0
764	194	1
789	194	1
819	194	1
845	194	0
871	194	0
895	190	0
920	190	0
946	194	0
971	194	0
990	194	0
1011	194	0
1029	194	1
6	218	1
29	218	1
53	218	1
76	218	1
100	218	1
124	218	1
148	218	1
172	218	1
198	218	1
223	218	1
247	218	0
271	218	0
294	218	0
319	218	1
344	218	1
370	218	1
396	218	1
420	218	1
444	218	1
468	218	1
494	218	1
518	218	1
539	218	1
562	218	1
588	218	1
614	218	1
644	218	1
686	218	0
713	218	0
737	218	0
764	218	1
789	218	1
819	218	0
845	218	0
871	218	1
897	218	1
922	218	0
946	218	0
971	218	0
990	218	1
1011	218	1
1029	218	1
6	241	0
29	241	0
53	241	0
76	241	1
100	241	1
124	241	1
148	241	1
172	241	1
198	241	1
223	241	1
247	241	1
271	241	1
294	241	1
319	241	0
346	240	0
370	241	0
396	241	0
420	241	0
444	241	0
468	241	1
494	241	1
518	241	1
539	241	1
562	241	1
588	241	1
614	241	1
644	241	1
686	241	0
713	241	1
737	241	1
764	241	0
789	241	0
819	241	0
847	236	0
871	241	0
897	241	0
922	241	0
946	241	0
971	241	0
990	241	0
1011	241	0
1029	241	0
6	270	0
29	270	0
53	270	0
76	270	0
100	270	0
124	270	0
153	270	0
176	273	0
198	270	1
223	270	1
247	270	1
271	270	1
294	270	1
319	270	1
344	270	1
370	270	1
396	270	1
420	270	0
444	270	0
468	270	0
494	270	0
518	270	0
539	270	0
562	270	1
588	270	1
614	270	0
644	270	0
686	270	0
720	270	0
737	270	0
764	270	0
789	270	0
827	261	1
851	258	1
871	270	0
897	270	0
922	270	0
946	270	1
971	270	1
990	270	0
1011	270	0
1029	270	0
6	291	1
29	291	1
53	291	1
76	291	1
100	291	0
124	291	0
148	291	0
172	291	0
198	291	0
223	291	0
247	291	1
271	291	1
294	291	1
319	291	1
344	291	1
370	291	1
396	291	1
420	291	1
444	291	1
468	291	1
494	291	1
518	291	0
539	291	0
562	291	0
588	291	0
614	291	0
644	291	0
676	294	1
713	291	1
737	291	0
764	291	0
789	291	0
819	291	1
845	291	0
871	291	0
897	291	0
922	291	0
946	291	0
971	291	0
990	291	0
1011	291	0
1029	291	0
6	310	1
29	310	1
53	310	1
76	310	1
100	310	1
124	310	1
148	310	0
175	308	0
198	310	0
223	310	0
247	310	0
271	310	1
294	310	1
319	310	1
344	310	1
370	310	1
396	310	1
420	310	1
444	310	1
468	310	1
494	310	1
518	310	1
539	310	1
562	310	1
588	310	0
614	310	0
644	310	0
686	310	0
713	310	0
737	310	0
764	310	0
789	310	0
819	310	1
845	310	0
871	310	0
897	310	0
922	310	1
946	310	0
971	310	0
990	310	0
1011	310	0
1029	310	0
6	331	1
29	331	1
53	331	1
76	331	1
100	331	1
124	331	1
148	331	1
172	331	1
198	331	1
223	331	1
244	328	0
272	329	0
294	331	0
319	331	0
344	331	0
370	331	1
396	331	1
420	331	1
444	331	1
468	331	1
494	331	1
518	331	1
539	331	1
562	331	0
588	331	0
614	331	0
644	331	1
686	331	0
713	331	0
737	331	0
764	331	1
789	331	0
819	331	0
845	331	0
871	331	0
897	331	0
922	331	0
946	331	0
971	331	0
990	331	0
1011	331	1
1029	331	0
6	361	0
29	361	1
53	361	1
76	361	1
100	361	1
124	361	1
148	361	1
172	361	1
198	361	1
223	361	1
247	361	1
271	361	1
298	358	0
323	357	0
349	357	0
370	361	0
396	361	0
420	361	0
444	361	0
468	361	1
494	361	1
518	361	1
539	361	0
562	361	0
588	361	0
614	358	0
644	361	0
686	361	0
713	361	0
737	361	0
764	361	0
789	361	0
819	361	0
845	361	0
871	361	0
897	361	1
922	361	0
946	361	0
971	361	0
990	361	0
1011	361	0
1029	361	0
6	389	1
29	389	0
53	389	0
76	389	0
96	393	0
126	391	0
148	389	1
172	389	1
198	389	1
223	389	1
247	389	1
271	389	1
294	389	1
319	389	1
344	389	1
370	389	1
396	389	1
420	389	0
444	389	0
468	389	1
494	389	0
518	389	0
539	389	0
562	389	0
588	389	0
612	386	1
644	389	0
686	389	0
713	389	1
737	389	1
764	389	0
789	389	0
819	389	0
845	389	0
871	389	0
896	390	0
922	389	0
946	389	0
971	389	0
990	389	0
1011	389	0
1029	389	0
6	409	1
29	409	1
53	409	1
76	409	0
99	408	0
124	409	0
148	409	0
172	409	0
198	409	0
223	409	1
247	409	1
271	409	1
294	409	1
319	409	1
344	409	1
370	409	1
396	409	1
420	409	1
444	409	1
468	409	1
494	409	0
518	409	0
539	409	0
562	409	0
587	410	0
614	409	0
644	409	0
686	409	0
713	409	0
737	409	0
764	409	0
789	409	1
819	409	0
845	409	0
871	409	0
897	409	0
922	409	0
946	409	0
971	409	0
990	409	0
1011	409	0
1029	409	1
6	429	1
29	429	1
53	429	1
76	429	1
100	429	1
124	429	0
148	429	0
172	429	0
197	430	0
223	429	0
247	429	0
271	429	1
294	429	1
319	429	1
344	429	1
370	429	1
396	429	1
420	429	1
444	429	1
468	429	1
494	429	0
518	429	0
539	429	1
562	429	1
588	429	1
614	429	0
644	429	0
686	429	1
713	429	0
737	429	0
764	429	0
789	429	0
819	429	0
845	429	0
871	429	0
897	429	0
916	434	1
940	429	1
971	429	0
990	429	0
1011	429	0
1029	429	0
6	459	1
29	459	1
53	459	1
76	459	1
100	459	1
124	459	1
148	459	1
172	459	1
198	459	1
223	459	1
247	459	1
271	459	1
294	459	0
319	459	0
344	459	0
370	459	1
396	459	1
420	459	1
444	459	0
468	459	0
494	459	0
518	459	1
539	459	1
562	459	0
588	459	0
614	459	0
644	459	0
686	459	0
713	459	0
737	459	0
764	459	0
789	459	0
819	455	0
845	459	0
871	459	0
897	459	0
923	462	0
946	459	0
971	459	1
990	459	0
1011	459	0
1029	459	0
6	490	0
29	490	0
53	490	0
76	490	1
100	490	1
124	490	1
148	490	1
172	490	1
198	490	1
223	490	1
247	490	1
271	490	1
294	490	1
319	490	1
344	490	0
370	490	0
396	490	0
420	490	0
444	490	0
468	490	0
494	490	1
518	490	1
539	490	1
562	490	0
588	490	0
614	490	0
644	490	1
686	490	0
713	490	0
737	490	0
764	490	0
789	490	0
817	482	1
845	490	0
871	490	0
897	490	0
922	490	0
946	490	0
971	490	0
990	490	0
1011	490	0
1029	490	0
6	526	1
29	526	1
53	526	0
76	526	0
100	526	0
124	526	0
149	533	0
172	528	0
198	526	1
223	526	1
247	526	1
271	526	1
294	526	1
319	526	1
344	526	1
370	526	1
396	526	0
420	526	0
444	526	0
468	526	1
494	526	1
518	526	0
539	526	0
562	526	0
588	526	0
614	526	0
644	526	0
686	526	0
712	518	1
744	518	0
767	518	0
795	515	0
820	516	0
837	516	0
868	515	1
904	517	0
922	522	0
946	526	1
971	526	0
990	526	0
1009	520	0
1029	520	0
6	555	1
29	555	1
53	555	1
76	555	1
100	555	1
124	555	0
148	555	0
172	553	0
198	555	0
223	555	0
249	555	0
273	559	0
294	555	1
319	555	1
344	555	1
370	555	1
396	555	0
420	555	0
444	555	0
468	555	0
494	555	0
518	555	0
539	555	0
562	555	1
588	555	1
614	555	1
644	555	0
686	555	0
713	555	0
739	547	1
764	547	1
788	539	1
816	549	0
845	555	1
871	555	0
897	555	0
922	555	0
946	555	0
971	555	0
990	555	0
1010	546	1
1027	546	1
6	578	1
29	578	1
53	578	1
76	578	1
100	578	1
124	578	1
148	578	1
172	578	1
198	578	0
223	578	1
247	578	0
271	578	0
294	578	0
319	578	0
344	578	0
370	578	0
396	578	1
420	578	1
444	578	1
468	578	1
494	578	0
518	578	0
539	578	0
562	578	1
588	578	0
614	578	0
644	578	0
686	578	1
713	578	0
737	578	0
764	578	0
789	578	0
819	578	0
845	578	0
871	578	0
897	578	1
922	578	1
946	578	0
971	578	0
990	578	0
1011	578	0
1029	578	0
6	602	0
29	602	0
53	602	0
76	602	1
100	602	1
124	602	1
148	602	1
172	602	1
198	602	1
223	602	1
247	602	1
271	602	1
294	602	1
319	602	0
344	602	0
370	602	0
392	603	0
423	602	0
443	602	0
468	602	0
494	602	0
518	602	0
539	602	1
562	602	1
588	602	0
614	602	0
660	612	1
686	602	1
713	602	0
737	602	0
764	602	0
789	602	0
819	602	0
845	602	0
871	602	0
897	602	1
922	602	0
946	602	0
971	602	1
990	602	1
1011	602	1
1029	602	1
6	627	0
29	627	0
53	627	1
76	627	1
100	627	1
124	627	1
148	627	1
172	627	1
198	627	1
223	627	1
247	627	1
271	627	1
294	627	0
319	627	0
344	627	0
370	627	1
396	627	1
420	627	1
444	627	1
468	627	0
494	627	0
518	627	0
539	627	1
562	627	0
588	627	0
614	627	0
644	627	0
686	627	0
713	627	0
744	638	1
764	637	1
789	627	1
819	627	1
845	627	0
871	627	0
897	627	0
922	627	0
946	627	0
971	627	0
990	627	1
1011	627	1
1029	627	1
6	653	1
29	653	0
53	653	0
76	653	0
99	650	0
124	653	0
148	653	0
172	653	0
198	653	0
223	653	1
247	653	1
271	653	1
294	653	1
319	653	0
344	653	0
371	652	0
398	652	0
420	653	0
444	653	0
468	653	1
494	653	1
518	653	1
539	653	1
562	653	0
588	653	0
614	653	0
648	646	0
686	653	0
713	653	0
737	653	0
763	656	0
788	656	0
819	653	0
845	665	1
868	664	1
893	661	1
924	660	1
946	653	1
971	653	1
990	653	0
1011	653	0
1029	653	0
6	683	1
29	683	1
53	683	1
76	683	1
100	683	1
124	683	1
148	683	1
172	683	0
198	683	0
223	683	0
247	683	0
271	683	0
294	683	0
319	683	1
344	683	1
370	683	1
396	683	1
420	683	0
444	683	0
467	680	0
494	683	1
518	683	1
539	683	1
562	683	0
595	678	1
622	673	1
643	669	1
686	683	0
713	683	1
737	683	1
764	683	0
789	683	0
819	683	0
844	685	0
872	685	0
892	684	0
925	682	0
946	683	1
971	683	1
990	683	1
1011	683	1
1029	683	1
