6	7	0
28	7	0
56	7	0
83	7	0
101	7	0
131	7	0
156	7	0
181	7	0
218	7	0
256	8	0
282	7	0
310	7	0
332	7	0
356	7	0
378	7	0
404	7	0
433	7	0
470	7	0
498	7	0
525	7	0
552	7	0
580	7	0
607	7	0
634	7	0
662	7	0
687	7	0
712	7	0
737	7	0
760	7	1
784	7	1
811	7	0
841	7	1
864	7	1
889	7	1
912	7	0
932	7	0
957	7	0
979	7	1
1004	7	1
1028	7	1
6	29	0
28	29	0
56	29	1
83	29	0
101	29	0
131	29	0
156	29	0
181	29	0
218	29	1
252	29	1
282	29	0
310	29	0
332	29	0
356	29	0
378	29	0
404	29	0
433	29	0
470	29	1
498	29	0
525	29	0
552	29	1
580	29	1
607	29	0
634	29	0
662	29	0
687	29	0
710	30	0
738	30	0
760	29	0
784	29	0
811	29	1
841	29	1
864	29	1
889	29	1
912	29	1
932	29	0
957	29	0
979	29	0
1004	29	0
1026	23	1
6	53	0
25	51	0
56	53	0
83	53	0
101	53	0
131	53	0
156	53	0
181	53	0
218	53	0
252	53	0
282	53	0
310	53	1
332	53	0
356	53	0
378	53	0
404	53	0
433	53	0
470	53	0
498	53	0
525	53	1
552	53	1
580	53	0
607	53	0
636	51	0
662	53	0
687	53	0
712	53	1
737	53	1
760	53	0
785	50	0
812	50	0
841	53	0
864	53	1
889	53	1
912	53	1
932	53	1
957	53	1
979	53	1
1002	47	0
1028	52	0
6	78	1
34	78	0
56	78	0
87	86	1
106	84	0
131	78	0
156	78	0
192	69	1
218	78	0
252	78	0
282	78	0
310	78	0
332	78	0
356	78	0
378	78	0
404	78	0
433	78	1
470	78	0
498	78	0
525	78	0
552	78	0
580	78	1
607	78	1
634	78	1
661	78	0
688	72	0
712	78	0
736	79	0
760	78	1
784	78	1
811	78	1
841	78	0
864	78	1
889	78	1
912	78	1
932	78	1
957	78	1
979	78	1
1004	78	1
1028	78	1
6	103	0
28	103	0
56	103	0
83	103	0
101	103	0
131	103	0
156	103	1
181	103	0
218	103	0
252	103	0
282	103	0
310	103	0
332	103	1
356	103	0
378	103	0
404	103	0
433	103	0
470	103	0
498	103	0
525	103	0
553	101	0
580	103	0
607	103	0
634	103	1
662	103	1
687	103	1
712	102	0
739	102	0
760	103	0
784	103	0
811	103	0
841	103	0
864	103	0
889	103	0
912	103	0
932	103	1
957	103	1
979	103	1
1004	103	1
1028	103	1
6	138	1
28	138	1
56	138	1
83	138	0
101	138	0
131	138	0
156	138	0
181	138	0
218	138	1
252	138	0
282	138	0
310	138	0
332	138	0
356	138	0
378	138	0
404	138	0
433	138	0
470	138	0
498	138	0
525	138	0
550	129	1
576	126	1
607	138	0
634	138	0
665	135	1
688	130	1
711	126	1
737	128	1
759	127	1
784	138	1
811	138	1
841	138	1
864	138	1
889	138	1
912	138	0
932	138	0
957	138	0
979	138	0
1000	133	1
1021	131	1
6	162	0
28	162	0
56	162	0
83	162	0
101	162	1
131	162	1
156	162	0
181	162	0
218	162	0
252	162	0
282	162	0
310	162	0
332	162	0
356	162	0
378	162	0
404	162	0
433	162	0
470	162	1
498	162	1
525	162	0
552	162	0
580	162	0
607	162	0
634	162	0
662	162	0
687	162	0
712	162	1
737	162	0
760	162	0
784	163	0
812	164	0
841	162	1
864	162	1
889	162	1
912	162	1
932	162	1
957	162	1
979	162	0
1004	162	0
1028	162	0
6	190	1
28	190	0
56	190	0
83	190	0
101	190	0
131	190	0
156	190	0
181	190	1
218	190	0
252	190	0
282	190	0
310	190	0
332	190	0
356	190	0
378	190	0
404	190	0
433	190	0
470	190	1
498	190	1
525	190	1
552	190	1
580	190	0
607	190	0
634	190	0
662	190	0
687	190	0
712	190	0
728	201	1
751	194	1
774	192	1
811	190	0
841	190	0
864	190	1
889	190	1
912	190	1
932	190	1
957	190	1
979	190	1
1004	190	1
1028	190	1
6	214	0
28	214	1
56	214	1
83	214	0
101	214	0
131	214	0
156	214	0
181	214	0
218	214	0
252	214	0
282	214	0
310	214	0
332	214	0
356	214	0
378	214	0
404	214	0
433	214	0
470	214	1
498	214	1
525	214	1
552	214	1
580	214	1
607	214	1
634	214	1
662	214	1
687	214	0
712	214	0
740	219	0
760	214	0
784	214	0
810	222	1
836	217	1
864	214	1
889	214	0
912	214	1
932	214	1
957	214	1
979	214	1
1004	214	1
1028	214	1
6	239	0
28	239	1
50	239	1
83	239	0
101	239	0
131	239	1
159	238	0
181	239	0
218	239	0
252	239	0
282	239	0
310	239	0
332	239	0
356	239	0
378	239	0
404	239	0
433	239	0
470	239	0
498	239	0
525	239	0
552	239	1
580	239	1
607	239	1
634	239	1
662	239	1
687	239	1
712	239	1
737	239	1
760	239	0
784	239	0
811	240	0
841	239	0
864	239	0
889	239	1
912	239	0
932	239	0
957	239	0
979	239	1
1004	239	1
1028	239	1
6	265	0
28	265	0
56	265	0
83	265	1
101	265	1
131	265	0
156	265	0
181	265	0
218	265	0
252	265	0
282	265	0
310	265	0
332	265	0
356	265	0
378	265	1
404	265	1
433	265	1
470	265	1
498	265	0
525	265	0
552	265	0
581	266	0
607	265	0
631	265	0
662	265	1
687	265	1
712	265	1
737	265	1
760	265	1
784	265	1
811	265	1
841	265	0
864	265	1
889	265	1
912	265	1
932	265	0
957	265	0
979	265	0
1004	265	0
1025	265	0
6	286	0
28	286	0
54	282	0
75	285	1
101	286	1
131	286	0
156	286	0
181	286	0
218	286	0
262	289	1
282	286	0
310	286	0
332	286	0
356	286	0
378	286	1
404	286	1
433	286	1
470	286	1
498	286	0
525	286	0
552	286	0
580	286	0
607	286	0
634	286	0
662	286	0
687	286	0
712	286	0
737	286	1
760	286	1
784	286	1
811	286	0
841	286	1
864	286	1
889	286	1
912	286	1
932	286	1
957	286	1
979	286	1
1004	286	1
1028	286	1
6	311	0
28	311	0
56	311	1
83	311	0
101	311	0
131	311	0
156	311	0
181	311	0
218	311	0
252	311	0
282	311	0
310	311	0
332	311	0
356	311	0
378	311	0
404	311	0
433	311	0
470	311	1
498	311	1
525	311	1
552	311	1
580	311	1
607	311	1
634	311	1
662	311	0
687	311	0
712	311	1
737	311	1
760	311	1
784	311	0
811	311	0
841	311	0
864	311	0
889	311	0
912	311	1
932	311	1
957	311	1
979	311	1
1004	311	1
1028	311	1
6	337	0
28	337	0
56	337	1
83	337	0
101	337	0
131	337	0
156	337	0
181	337	0
218	337	1
252	337	0
282	337	0
310	337	0
332	337	0
356	337	0
378	337	0
404	337	0
433	337	0
471	338	0
498	337	1
525	337	1
552	337	1
580	337	1
607	337	1
634	337	0
664	336	0
687	337	0
712	337	0
737	337	0
760	337	0
784	337	1
811	337	1
841	337	1
864	337	0
889	337	0
912	337	0
932	337	1
957	337	1
979	337	1
1004	337	1
1028	337	1
8	359	0
28	361	0
56	361	0
79	360	0
101	361	1
131	361	0
156	361	0
181	361	0
218	361	0
252	361	0
282	361	1
310	361	1
332	361	1
356	361	1
378	361	0
404	361	0
433	361	0
470	361	0
500	366	0
527	362	0
553	362	0
580	361	1
607	361	1
634	361	1
662	361	1
687	361	1
712	361	1
740	358	0
760	361	0
784	361	0
811	361	0
841	361	0
864	361	1
889	361	0
912	361	0
932	361	0
957	361	1
979	361	1
1004	361	1
1028	361	1
6	390	1
28	390	1
56	390	0
83	389	0
101	390	0
131	390	0
156	390	0
181	390	0
218	390	0
252	390	0
282	390	0
310	390	1
332	390	1
356	390	1
378	390	1
404	390	1
433	390	0
470	390	0
500	385	0
525	390	0
552	390	0
580	390	0
607	390	1
634	390	1
662	390	1
687	390	1
712	390	1
737	390	1
760	390	1
784	390	1
811	390	1
838	385	0
864	390	1
889	390	1
912	390	1
932	390	1
957	390	0
979	390	0
1004	390	0
1028	390	0
6	416	0
28	416	0
56	416	1
83	416	1
101	416	0
131	416	0
156	416	0
181	416	0
218	416	0
252	416	1
282	416	0
310	416	0
332	416	0
356	416	0
378	416	1
404	416	1
433	416	1
470	409	1
496	407	1
525	414	0
559	414	0
580	416	0
607	416	0
634	416	0
662	416	0
687	416	1
712	416	0
737	416	0
760	416	0
784	416	0
811	416	1
841	416	1
864	416	1
889	416	1
912	416	1
932	416	1
957	416	1
979	416	1
1004	416	1
1028	416	1
6	438	0
40	450	1
56	438	0
83	438	0
101	438	0
131	438	0
156	438	0
181	438	0
218	438	1
252	438	0
282	438	0
310	438	0
332	438	0
356	438	0
376	441	0
404	438	0
433	438	1
470	438	1
498	438	1
525	438	1
552	438	1
580	438	1
607	438	1
634	438	1
662	438	0
687	438	0
712	438	0
737	438	0
760	438	1
784	438	1
811	438	1
841	438	0
864	438	0
889	438	0
912	438	1
932	438	1
957	438	1
979	438	1
1004	438	1
1028	438	1
6	470	0
38	468	0
56	470	0
83	470	0
101	470	1
131	470	0
156	470	0
181	470	0
218	470	0
252	470	0
282	470	1
310	470	1
332	470	1
356	470	0
378	470	0
404	470	0
433	470	0
470	470	0
498	470	0
525	470	1
552	470	1
580	470	1
607	470	1
634	470	1
662	470	1
687	470	1
712	470	0
737	470	0
760	470	0
784	470	0
811	470	0
841	470	1
864	470	0
889	470	0
912	470	0
932	470	1
957	470	1
979	470	1
1004	470	1
1028	470	1
6	494	0
28	494	0
56	494	0
83	494	0
101	494	0
131	494	0
156	494	0
181	494	0
218	494	0
252	494	1
282	494	1
310	494	1
332	494	1
356	494	1
378	494	1
404	494	1
433	494	0
470	494	0
498	494	0
525	494	0
552	494	1
580	494	1
607	494	1
634	494	1
662	494	1
687	494	1
712	494	1
740	494	0
759	492	0
784	494	0
811	494	0
841	494	1
864	494	0
889	494	0
912	494	0
932	494	0
957	494	0
979	494	0
1004	494	1
1028	494	1
6	517	0
28	517	0
60	528	1
83	517	0
101	517	0
131	517	0
156	517	1
181	517	1
218	517	0
252	517	0
282	517	0
310	517	1
332	517	1
356	517	1
378	517	1
404	517	1
433	517	1
470	517	1
498	517	0
525	517	0
552	517	0
580	517	0
608	518	0
634	517	0
662	517	1
687	517	1
712	517	1
737	517	1
760	517	1
784	517	0
811	517	1
841	517	1
864	517	1
889	517	1
912	517	1
932	517	0
960	515	0
979	517	1
1004	517	0
1028	517	0
6	554	0
28	554	0
56	554	0
83	554	0
101	554	0
131	554	1
156	554	0
181	554	0
216	550	0
252	554	0
282	554	0
310	554	0
332	554	0
356	554	0
379	553	0
404	554	1
433	554	1
470	554	1
498	554	1
525	554	1
552	554	1
580	554	1
607	554	1
634	554	1
662	554	0
687	554	0
712	554	0
737	554	0
760	554	0
784	554	1
811	553	0
839	557	0
864	554	1
889	554	1
912	554	1
932	554	1
957	554	1
979	554	1
1004	554	1
1028	554	0
6	573	0
28	573	0
56	573	0
83	573	0
101	573	0
131	573	0
156	573	1
181	573	1
218	573	1
252	573	0
282	573	0
310	573	0
332	573	0
356	573	0
378	573	0
404	573	0
433	573	0
470	573	1
498	573	1
525	573	1
552	573	1
580	573	1
607	573	1
634	573	1
662	573	1
687	573	1
712	573	0
737	573	0
760	573	0
784	573	1
811	573	0
840	573	0
864	573	1
889	573	1
912	573	1
932	573	1
957	573	1
979	573	1
1004	573	1
1028	573	1
6	590	0
28	590	0
56	590	0
83	590	0
101	590	0
131	590	0
156	592	0
183	593	0
218	592	0
252	590	0
282	590	1
310	590	1
332	590	1
356	590	0
378	590	0
404	590	0
433	590	0
472	591	0
496	591	0
525	590	1
552	590	1
580	590	1
607	590	1
634	590	1
662	590	1
687	590	1
712	590	1
737	590	1
760	590	0
784	590	1
813	591	0
840	590	0
864	590	1
886	591	0
911	591	0
932	593	0
956	593	0
982	593	0
1004	590	1
1028	590	1
6	614	0
28	614	0
56	614	0
83	614	0
101	614	0
131	614	0
156	614	0
181	614	0
228	614	1
252	614	1
282	614	1
310	614	1
332	614	1
356	614	1
378	614	1
404	614	1
429	615	0
470	614	0
498	614	0
525	614	0
556	615	0
580	614	1
607	614	1
634	614	1
662	614	1
687	614	1
712	614	1
737	614	1
760	614	1
784	614	1
811	614	1
841	614	1
864	614	0
888	614	0
912	614	0
932	614	0
957	614	0
979	614	0
1004	614	1
1028	614	1
6	642	0
28	642	0
56	642	0
83	642	0
101	642	0
132	640	0
156	642	0
181	642	0
218	642	0
252	642	0
283	642	0
310	642	1
332	642	1
356	642	1
378	642	1
404	642	1
433	642	1
470	642	1
498	642	1
525	642	1
552	642	0
580	642	0
607	642	0
634	642	0
662	642	0
685	645	0
712	642	1
737	642	1
760	642	1
784	642	1
811	642	1
841	642	1
864	642	1
889	642	1
912	642	0
932	642	1
957	642	0
979	642	0
1004	642	0
1028	642	0
6	666	0
28	666	0
56	666	0
83	666	1
101	666	1
131	666	1
156	666	0
181	666	0
218	666	0
248	663	0
282	666	0
310	666	0
335	666	0
356	664	0
376	665	0
404	666	1
433	666	1
470	666	1
498	666	1
525	666	1
552	666	1
580	666	1
607	666	1
634	666	0
662	666	0
687	666	0
712	666	0
737	666	0
760	666	1
784	666	1
811	666	1
841	666	1
864	666	0
887	667	0
912	666	1
932	666	1
957	666	0
980	665	0
1004	666	0
1028	666	0
6	680	0
28	680	0
56	680	0
83	680	1
101	680	1
131	680	1
156	680	1
181	680	1
218	680	1
252	680	1
282	680	0
310	680	0
332	680	0
356	680	0
378	680	0
404	680	1
433	680	1
470	680	1
498	680	1
525	680	1
552	680	1
580	680	1
607	680	1
634	680	0
662	680	1
687	680	1
712	680	0
737	680	0
760	680	0
784	680	0
811	680	0
841	680	0
864	680	0
889	680	0
912	680	0
932	680	0
957	680	1
979	680	1
1004	680	0
1028	680	0
