12	10	0
35	10	0
59	10	0
82	10	0
108	10	0
133	10	0
158	10	1
181	10	1
205	10	0
231	10	1
256	10	0
280	10	0
313	10	1
339	10	1
367	10	1
395	9	0
424	10	0
447	10	0
474	10	0
498	9	0
528	10	1
554	10	0
580	10	0
605	10	0
633	10	0
661	10	0
687	10	1
711	10	1
736	10	0
760	10	0
785	10	1
809	10	1
836	10	1
867	10	1
896	9	0
929	10	0
962	10	0
996	10	0
1026	10	0
12	33	0
35	33	1
59	33	1
82	33	0
108	33	0
133	33	0
158	33	0
181	33	0
205	33	1
231	33	1
256	33	0
280	33	0
313	33	0
339	33	0
367	33	1
395	33	1
420	33	1
447	33	0
474	33	0
501	33	0
528	33	0
554	33	0
580	33	1
605	33	1
636	31	0
661	33	0
687	33	1
711	33	1
736	33	0
760	33	1
785	33	1
809	33	0
836	33	0
874	31	1
901	32	1
929	33	0
962	33	0
996	33	0
1026	33	0
12	54	0
35	54	1
59	54	1
82	54	0
102	63	1
133	54	0
158	54	0
181	54	0
205	54	0
231	57	0
256	54	1
280	54	1
313	54	1
339	54	0
367	54	1
398	56	0
424	55	0
447	54	0
474	54	1
501	54	1
528	54	0
549	53	0
580	54	1
605	54	1
633	54	1
661	54	1
687	54	0
711	54	0
736	54	0
760	54	1
785	54	1
809	54	0
836	54	0
867	54	0
897	54	0
935	63	1
967	60	1
996	54	0
1026	54	0
12	80	0
35	80	0
59	80	0
82	80	0
108	80	0
133	80	0
158	80	1
181	80	1
205	80	0
231	80	0
260	79	0
280	80	0
313	80	0
339	80	1
367	80	1
395	80	0
420	80	0
448	78	0
474	80	0
498	80	0
528	80	1
554	80	1
584	77	0
606	78	0
633	80	1
661	80	1
687	80	0
711	80	1
736	80	1
760	80	0
785	80	0
809	80	1
836	80	1
867	80	1
897	80	0
933	81	1
971	80	1
996	80	0
1026	80	0
12	103	0
35	103	0
59	103	1
82	103	1
108	103	0
133	103	0
158	103	0
181	103	0
205	103	0
231	103	1
256	103	1
280	103	0
313	103	1
339	103	0
367	103	0
395	103	1
420	103	1
447	103	1
474	101	0
501	98	0
536	116	0
552	107	0
580	103	1
605	103	1
633	103	1
665	103	0
687	103	0
711	103	1
736	103	1
760	103	0
785	103	1
809	103	1
836	103	1
867	103	1
897	103	0
929	103	0
962	103	0
996	103	0
1026	103	1
12	131	0
35	131	0
59	131	0
82	131	0
108	131	1
133	131	1
158	131	0
181	131	0
206	129	0
231	131	0
256	131	0
280	131	0
313	131	1
339	131	0
367	131	1
395	131	1
420	131	0
447	131	0
471	129	1
501	125	1
533	147	1
558	146	1
584	144	1
605	131	0
633	131	0
661	131	1
687	131	1
711	131	1
736	131	0
759	130	0
785	131	0
809	131	0
836	131	1
867	131	1
897	131	1
929	131	0
962	131	0
996	131	0
1026	131	0
12	156	1
35	156	1
59	156	0
82	156	0
109	156	0
134	157	0
158	156	0
181	156	0
205	156	1
231	156	0
256	156	0
279	153	0
313	156	0
339	156	0
367	156	1
395	156	1
420	155	0
447	156	1
474	156	0
501	156	0
529	168	0
553	174	0
581	172	0
607	167	1
632	166	1
659	163	1
687	156	0
711	156	1
736	156	1
760	156	1
785	156	1
809	156	0
834	158	0
871	162	0
897	156	0
929	153	0
962	152	0
996	156	0
1026	156	0
12	189	0
35	189	0
59	189	0
82	189	1
106	182	1
133	189	0
158	189	0
181	189	0
205	189	0
231	189	0
262	183	1
285	179	1
312	184	0
337	179	0
367	189	0
395	189	0
424	185	1
449	180	1
474	189	0
493	188	0
528	189	1
557	194	0
580	189	0
607	195	0
636	195	0
659	192	0
695	195	1
719	195	1
742	196	0
763	198	0
785	189	1
809	189	1
836	189	1
871	183	0
895	188	0
920	178	1
960	177	1
996	189	0
1026	189	1
10	218	0
35	213	0
60	212	0
82	218	0
108	219	0
133	219	0
158	219	0
181	219	0
205	219	0
228	226	1
256	219	0
280	219	0
312	211	1
344	206	1
367	219	0
395	219	1
420	219	1
447	219	0
474	219	0
501	219	0
528	219	0
563	224	1
590	224	1
615	219	1
638	212	0
661	219	0
680	221	0
711	218	0
745	228	1
760	219	1
785	219	1
809	219	1
836	219	0
867	219	1
897	219	1
929	219	0
962	219	0
996	219	0
1026	219	1
11	242	1
33	241	1
57	241	1
82	243	0
105	259	1
133	251	1
158	251	0
181	251	0
205	251	0
231	251	0
256	251	0
285	253	1
316	252	1
339	251	0
369	246	0
395	251	0
420	251	0
447	251	0
474	251	1
504	253	0
528	251	0
554	251	1
581	253	0
605	251	0
633	251	1
661	251	1
683	246	1
711	251	0
732	251	0
760	251	1
785	251	1
809	251	1
836	251	1
867	251	1
897	251	0
929	251	0
953	246	1
996	251	0
1026	251	0
13	274	1
35	275	0
60	276	0
83	277	0
112	279	0
133	282	0
158	282	0
181	282	0
205	282	0
231	282	0
256	282	0
280	282	0
313	282	0
339	282	1
367	282	1
391	279	1
420	282	0
447	280	0
474	282	0
501	282	0
537	280	1
559	277	1
580	282	0
602	290	1
627	290	1
661	282	0
695	282	1
720	280	1
744	279	1
760	282	0
785	282	0
809	282	0
839	282	0
867	282	0
897	282	1
929	282	1
962	282	0
996	282	0
1026	282	1
12	311	0
31	307	1
57	304	1
81	305	1
108	311	1
133	311	1
158	311	1
181	311	0
205	311	0
228	311	0
256	311	1
280	311	0
313	311	1
339	311	0
367	311	0
395	311	0
427	307	1
448	305	1
469	306	1
499	307	0
528	311	0
554	311	0
580	311	0
609	314	0
633	311	0
655	308	0
688	307	0
711	311	0
736	311	0
760	311	0
785	311	1
809	311	1
836	311	0
867	311	0
897	311	0
929	311	0
962	311	1
996	311	1
1026	311	0
12	334	1
35	334	1
62	336	0
82	334	0
108	334	1
133	334	1
158	334	1
181	334	0
205	334	0
231	334	0
256	334	0
280	334	0
313	334	1
339	334	0
367	334	0
395	334	0
420	334	0
447	334	0
474	334	1
501	334	1
523	329	1
554	334	0
582	329	0
605	334	0
633	334	0
664	327	1
687	323	1
715	333	0
736	334	0
760	334	0
785	334	0
809	334	0
836	334	0
867	334	1
897	334	0
929	332	0
962	334	1
996	334	1
1026	334	1
12	358	1
35	358	1
63	354	0
86	354	0
108	358	1
133	358	0
158	358	0
181	358	0
205	358	1
235	359	0
256	358	0
279	355	0
313	358	0
339	358	0
367	358	1
395	358	1
420	358	1
447	358	0
474	358	0
501	358	0
528	358	0
560	355	1
586	348	1
605	358	0
633	358	0
661	358	0
687	358	0
711	358	1
736	358	1
760	358	1
785	358	0
809	358	0
836	358	0
867	358	0
897	358	0
929	358	1
962	358	1
996	358	0
1026	358	0
12	381	0
35	381	0
59	381	1
82	381	1
108	381	1
131	377	0
159	379	0
181	377	0
205	381	0
231	381	0
256	381	0
280	381	1
313	381	0
337	383	0
367	381	0
396	382	0
422	383	1
456	379	1
479	380	0
501	381	0
530	382	0
554	381	0
580	381	0
605	381	1
633	381	1
665	377	0
687	381	0
711	381	1
737	383	0
760	381	0
785	381	0
808	380	0
831	380	1
867	381	0
897	381	0
929	381	0
962	381	0
996	381	1
1026	381	1
12	403	0
35	403	0
59	403	0
82	403	0
108	403	0
133	403	1
158	403	1
181	403	1
205	403	0
231	403	0
256	403	0
280	403	0
313	403	0
339	403	1
367	403	1
395	403	0
418	403	0
450	404	0
474	403	0
501	403	0
528	403	1
554	403	0
580	403	0
605	403	0
633	403	0
661	403	0
687	403	0
711	403	1
737	404	0
760	403	0
785	403	0
809	403	0
836	403	0
867	403	0
897	403	1
929	403	0
962	399	0
999	405	0
1026	403	0
12	429	1
35	429	1
59	429	1
82	429	0
108	429	1
133	429	1
158	429	0
181	429	0
205	429	1
231	429	1
256	429	1
280	429	0
313	429	0
339	429	0
366	430	0
395	429	1
420	429	1
447	429	0
474	429	1
501	429	1
528	431	0
554	429	0
580	429	1
605	429	1
633	429	0
661	429	0
687	429	0
711	429	0
736	429	0
760	429	1
785	429	1
809	429	0
836	429	0
868	427	0
897	429	0
929	429	0
962	429	1
996	429	0
1026	429	0
12	450	1
33	453	0
59	450	0
82	450	0
108	450	1
133	450	1
158	450	0
181	450	0
205	450	1
235	456	0
252	451	0
276	453	1
316	450	1
339	450	0
367	450	0
398	451	0
420	450	0
447	450	0
474	450	1
501	450	1
529	448	0
556	448	0
580	450	0
605	450	0
633	450	0
661	450	1
687	450	0
711	450	0
736	450	1
762	451	0
785	450	0
809	450	0
836	450	1
867	450	1
897	450	0
929	450	0
962	450	0
996	450	1
1026	450	1
12	475	1
35	475	0
59	475	0
82	475	0
108	475	0
133	475	0
158	475	1
181	475	1
205	475	1
236	476	0
256	475	0
285	482	0
314	478	0
339	475	1
367	475	1
395	475	0
420	475	0
447	473	0
474	475	0
501	475	0
528	475	1
554	475	1
580	475	1
605	475	0
631	472	0
661	474	0
687	475	0
709	475	0
736	475	1
760	475	0
785	475	0
809	475	0
836	475	0
867	475	0
897	475	1
929	475	1
965	475	0
996	475	0
1026	476	0
12	497	0
35	497	1
59	497	1
82	497	1
108	497	0
133	498	0
158	497	1
181	497	1
205	497	1
231	497	1
256	497	1
280	497	0
313	497	0
339	497	1
367	497	1
395	497	0
420	497	1
447	497	1
474	497	0
501	497	0
528	497	1
554	497	1
580	497	1
605	497	1
633	497	1
661	497	0
687	497	0
711	497	0
736	497	0
758	497	0
785	497	1
809	497	1
836	497	0
870	495	0
895	499	0
929	499	0
962	497	1
996	497	1
1026	497	0
12	523	0
35	523	1
59	523	1
82	523	1
108	523	1
133	523	1
158	523	1
181	523	0
206	522	0
232	526	0
256	523	0
280	523	0
313	523	1
339	523	1
370	521	0
395	523	0
420	523	0
447	523	0
474	523	1
501	523	1
528	523	0
554	523	1
580	523	1
608	525	0
633	523	0
661	523	1
687	523	1
714	520	0
737	520	0
757	520	0
785	523	0
809	523	0
836	523	0
867	523	1
897	523	0
927	518	0
962	523	0
996	523	0
1026	523	0
12	550	1
35	550	1
59	550	0
82	550	0
108	550	1
132	552	0
154	552	0
181	550	0
205	550	1
231	550	0
256	550	0
280	550	0
313	550	0
339	550	0
367	550	1
395	550	1
420	550	0
447	550	0
474	549	0
501	550	0
528	550	0
554	550	1
580	550	1
605	550	0
633	550	0
661	551	0
687	550	0
711	550	1
736	550	1
760	550	1
785	550	0
809	550	0
835	546	0
867	550	0
897	550	0
939	542	1
962	550	0
996	550	0
1026	550	0
12	575	0
35	575	0
59	575	0
82	575	1
108	575	1
133	575	0
158	575	0
181	575	0
205	575	0
231	575	0
263	574	1
286	573	0
313	575	0
340	572	0
366	579	0
395	575	0
420	575	0
454	571	1
478	577	0
499	573	0
526	571	0
554	575	0
580	575	0
605	575	1
633	575	1
661	575	0
687	575	0
711	575	1
740	575	0
763	573	0
785	575	0
818	574	1
838	573	1
867	575	0
897	575	0
929	575	0
962	575	0
996	575	1
1026	575	1
12	593	0
35	593	0
59	593	0
82	593	0
108	593	0
133	593	1
158	593	1
181	593	1
205	593	0
231	593	0
256	593	0
280	593	0
305	595	0
338	601	1
368	601	0
395	593	0
420	593	0
447	593	0
474	593	0
501	593	1
528	593	1
554	593	0
580	593	0
605	593	0
633	593	0
661	593	0
687	593	0
711	593	1
736	593	0
760	593	0
785	593	0
809	593	0
836	593	0
867	593	1
897	593	1
929	593	0
962	593	0
996	593	1
1026	593	0
12	622	0
35	622	1
59	622	1
82	622	0
108	622	0
133	622	1
158	622	1
181	622	1
204	629	1
228	629	1
252	627	1
280	622	0
305	623	0
343	628	0
367	622	0
395	622	1
420	622	1
447	622	0
474	622	0
503	625	0
530	624	0
554	622	1
580	622	1
605	622	1
633	622	0
661	622	0
687	622	0
711	622	0
737	623	0
760	622	1
785	622	1
809	622	0
836	622	0
867	622	1
897	622	0
929	622	0
962	622	1
996	622	1
1026	622	0
12	650	0
35	650	1
59	649	0
82	650	0
110	652	1
133	650	0
158	650	0
181	648	0
214	656	0
231	653	0
254	653	0
280	650	1
313	650	1
339	650	0
367	650	0
395	650	0
420	650	0
447	650	0
474	650	1
501	650	0
529	648	0
554	650	1
580	649	0
605	650	0
633	650	0
661	650	1
688	650	0
711	650	0
736	647	0
760	650	0
785	650	0
809	650	1
836	650	1
867	650	1
897	650	0
926	649	0
962	650	0
995	651	0
1026	650	1
12	673	1
35	673	0
59	673	0
74	682	1
108	673	0
133	673	0
158	673	0
181	673	1
213	675	0
231	673	0
256	673	0
282	678	0
313	673	0
339	673	0
367	673	0
395	673	0
420	673	0
447	673	0
474	673	0
501	673	0
527	676	0
554	673	1
583	678	1
605	680	1
630	679	1
661	679	0
687	673	0
709	673	0
728	673	1
760	673	0
785	678	1
806	680	1
835	680	1
868	677	0
897	673	1
929	673	1
962	673	0
994	679	1
1026	673	0
