7	10	1
29	10	1
51	10	1
74	10	1
97	10	1
121	10	1
146	10	1
171	10	1
196	10	1
223	10	1
249	10	1
273	10	1
298	10	1
321	10	0
345	10	0
368	10	0
391	10	0
415	10	0
440	10	0
465	10	0
490	10	0
515	10	0
540	10	0
565	10	0
590	10	0
615	10	0
641	10	0
664	10	0
693	10	0
717	10	1
743	10	1
768	10	1
794	10	1
820	10	1
846	10	1
872	10	1
895	10	1
922	10	1
945	10	1
966	10	1
987	10	1
1009	10	1
1027	11	1
7	25	1
29	25	1
51	25	0
74	25	1
97	25	1
121	25	1
146	25	1
171	25	1
196	25	1
223	25	1
249	25	1
273	25	1
298	25	1
321	25	0
345	25	0
368	25	0
391	25	0
415	25	0
440	25	0
465	25	0
490	25	0
515	25	0
540	25	0
565	25	0
590	25	0
615	25	0
641	25	0
664	25	0
693	25	0
717	25	0
743	25	0
768	25	0
794	25	0
820	25	1
846	25	1
872	25	1
895	25	1
922	25	1
945	25	1
966	25	1
987	25	1
1009	25	1
1027	25	1
7	52	0
29	52	0
51	52	0
74	52	0
97	52	1
121	52	1
146	52	1
171	52	1
196	52	1
223	52	1
249	52	1
273	52	1
298	52	1
321	52	1
345	52	1
368	52	1
391	52	1
415	52	1
440	52	0
465	52	0
490	52	0
515	52	0
540	52	0
565	52	0
590	52	0
615	52	0
641	52	0
664	52	0
693	52	0
717	52	0
743	52	0
768	52	0
794	52	0
820	52	1
846	52	1
872	52	1
895	52	1
922	52	1
945	52	1
966	52	1
987	52	1
1009	52	1
1027	52	1
7	71	0
29	71	0
51	71	0
74	71	0
97	71	1
121	71	1
146	71	1
171	71	1
195	71	1
222	79	1
247	76	1
273	71	1
298	71	1
321	71	1
345	71	1
368	71	1
391	71	1
415	71	1
440	71	0
465	71	0
490	71	0
515	71	0
540	71	0
565	71	0
590	71	0
615	71	0
641	71	0
664	71	0
693	71	0
717	71	0
743	71	0
768	71	0
794	71	0
820	71	1
846	71	0
872	71	0
895	71	0
923	79	1
945	71	1
966	71	1
987	71	1
1009	71	1
1027	71	1
7	93	0
29	93	0
51	93	0
74	93	0
97	93	0
121	93	0
146	93	0
171	93	0
196	93	0
221	99	0
246	95	0
273	93	0
295	94	0
321	93	1
345	93	1
368	93	1
391	93	1
415	93	1
440	93	1
465	93	1
490	93	1
515	93	1
540	93	1
565	93	0
590	93	0
616	90	0
647	88	0
664	93	0
693	93	0
717	93	0
743	93	0
768	93	0
794	93	0
820	93	0
846	93	0
872	93	0
895	93	0
919	93	0
945	93	0
966	93	0
987	93	0
1009	93	1
1030	92	1
7	113	1
29	113	1
51	113	1
74	113	0
97	113	0
121	113	0
146	113	0
171	113	0
196	113	0
223	113	0
249	113	0
273	113	0
298	113	0
321	113	0
345	113	0
368	113	0
391	113	0
415	113	0
440	113	1
465	113	1
490	113	1
515	113	1
540	113	1
565	113	1
590	113	1
616	107	1
644	103	1
664	113	0
693	113	0
717	113	0
743	113	0
768	113	0
794	113	0
820	113	0
846	113	0
872	113	0
895	113	0
922	113	0
945	113	0
966	113	0
987	113	0
1009	113	0
1027	113	1
7	139	1
29	139	1
51	139	1
74	139	1
97	139	1
121	139	1
146	139	1
171	139	1
196	139	0
223	139	0
249	139	0
273	139	0
298	139	0
321	139	0
345	139	0
368	139	0
391	139	0
415	139	0
440	139	0
465	139	0
490	139	0
515	139	0
540	139	0
565	139	1
590	139	1
615	139	1
641	139	1
664	139	1
694	131	1
717	131	1
747	148	1
770	143	1
794	139	1
820	139	1
846	139	1
872	139	0
895	139	0
922	151	1
945	139	1
966	139	0
987	139	0
1009	139	0
1027	139	1
7	171	0
29	171	0
51	171	0
74	171	0
97	171	1
121	171	1
146	171	1
171	171	1
196	171	1
223	171	1
249	171	1
273	171	1
298	171	0
321	171	0
345	171	0
368	171	0
391	171	0
415	171	0
440	171	0
465	171	0
490	171	0
515	171	0
540	171	0
565	171	0
590	171	0
615	171	0
641	171	0
664	171	1
692	164	1
722	155	1
744	175	0
768	171	0
794	171	0
815	179	1
846	171	1
872	168	1
896	163	1
922	171	0
945	171	0
966	171	0
987	171	0
1009	171	0
1027	171	0
7	201	0
29	201	0
51	201	0
74	201	0
97	201	0
121	201	0
146	201	0
171	201	0
196	201	1
223	201	1
249	201	1
273	201	1
298	201	1
321	201	1
347	195	1
368	195	1
390	191	0
413	191	0
439	187	0
468	189	0
491	195	0
515	201	0
540	201	0
565	201	0
590	201	0
615	201	0
641	201	0
664	201	0
693	201	0
717	201	0
743	201	0
768	201	0
794	201	0
820	201	0
846	201	0
872	201	0
895	201	1
922	201	1
945	201	1
966	201	1
987	201	1
1009	201	1
1027	201	1
7	223	0
29	223	0
51	223	0
74	223	0
97	223	0
121	223	0
146	223	0
171	223	0
193	226	0
223	223	0
249	223	0
273	223	0
295	234	1
320	229	1
345	223	1
368	223	1
391	223	1
415	223	1
442	218	1
467	218	1
490	214	1
515	223	0
540	223	0
565	223	0
590	223	0
615	223	0
641	223	0
664	223	0
693	223	0
717	223	0
743	223	0
768	223	0
794	223	0
820	223	0
846	223	0
872	223	0
895	223	1
922	223	1
945	223	1
966	223	1
987	223	1
1009	223	1
1027	223	1
7	253	0
29	253	0
51	253	0
74	253	0
97	253	0
121	253	0
146	253	0
171	253	0
196	253	0
223	253	0
249	253	0
273	253	0
298	253	0
321	253	0
345	253	0
368	253	0
391	253	0
415	253	1
440	253	1
465	253	1
490	253	1
515	253	1
540	253	1
565	253	1
590	253	1
615	253	1
641	253	0
664	253	0
693	253	0
717	253	0
743	253	0
768	253	0
794	253	0
820	253	0
846	253	0
872	253	0
895	253	0
922	253	0
945	253	0
966	253	0
987	253	1
1009	253	1
1027	253	1
7	275	1
29	275	1
51	275	1
74	275	1
97	275	1
121	275	0
146	275	0
171	275	0
196	275	0
223	275	0
249	275	0
273	275	0
298	275	0
321	275	0
345	275	0
368	275	0
391	275	0
415	275	0
440	275	0
465	275	0
490	275	0
518	283	1
539	283	1
567	281	1
590	275	1
615	275	1
641	275	1
664	275	1
693	275	1
717	275	1
743	275	0
768	275	0
794	275	0
820	275	0
846	275	0
872	275	0
895	275	0
922	275	0
945	275	0
966	275	0
987	275	0
1009	275	0
1027	275	0
7	299	1
29	299	1
51	299	1
74	299	1
97	299	1
121	299	1
146	299	1
171	299	1
196	299	1
223	299	1
249	299	0
273	299	0
298	299	0
321	299	0
345	299	0
368	299	0
391	299	0
415	299	0
440	299	0
465	299	0
490	299	0
514	302	0
542	303	0
565	299	0
590	299	0
615	299	0
639	307	1
664	302	1
693	299	1
717	299	1
743	299	1
768	299	1
794	299	1
820	299	0
846	299	0
872	299	0
895	299	0
922	299	0
945	299	0
966	299	0
987	299	0
1009	299	0
1027	299	0
7	326	0
29	326	1
51	326	1
74	326	1
97	326	1
121	326	1
146	326	0
171	326	0
196	326	1
223	326	1
249	326	1
273	326	1
298	326	1
321	326	1
345	326	1
368	326	0
391	326	0
415	326	0
440	326	0
465	326	0
490	326	0
515	326	0
540	326	0
565	326	0
590	326	0
615	326	0
641	326	0
664	326	0
693	326	0
717	326	0
743	326	1
768	326	1
794	326	1
820	326	1
843	323	1
870	320	1
895	319	1
919	319	1
943	321	0
968	315	0
989	315	0
1009	315	0
1029	315	0
7	347	1
29	347	1
51	347	1
74	347	0
97	347	0
121	347	0
146	347	0
171	347	0
196	347	0
223	347	0
249	347	0
273	347	0
298	347	1
321	347	1
345	347	1
368	347	1
391	347	1
415	347	1
440	347	1
465	347	0
490	347	0
515	347	0
540	347	0
565	347	0
590	347	0
615	347	0
641	347	0
664	347	0
693	347	0
717	347	0
743	347	1
768	347	0
794	347	0
820	347	0
846	347	0
867	348	1
895	347	1
922	347	1
943	341	1
967	342	1
987	339	1
1011	337	1
1030	337	1
7	375	1
29	375	1
51	375	1
74	375	1
97	375	1
121	375	0
146	375	0
171	375	0
196	375	0
223	375	0
249	375	0
273	375	0
298	375	0
321	375	0
345	375	0
368	375	0
391	375	1
415	375	1
440	375	1
465	375	1
490	375	1
515	375	1
540	375	1
565	375	1
590	375	0
615	375	0
641	375	0
664	375	0
693	375	0
717	375	0
743	375	0
768	375	0
794	375	0
820	375	0
846	375	0
872	375	0
895	375	0
922	375	0
945	375	0
966	375	0
992	373	1
1009	368	1
1030	362	1
7	400	1
29	400	1
51	400	1
74	400	1
97	400	1
121	400	1
146	400	1
171	400	1
196	400	1
223	400	1
249	400	0
273	400	0
298	400	0
321	400	0
345	400	0
368	400	0
391	400	0
415	400	0
440	400	0
465	400	0
490	400	1
515	400	1
540	400	1
565	400	1
590	400	1
615	400	1
641	400	1
664	400	1
693	400	0
717	400	0
744	398	0
769	399	0
794	396	0
820	400	0
846	400	0
872	400	0
895	400	0
922	400	0
945	400	0
966	400	0
987	400	0
1009	400	0
1027	400	0
7	424	1
29	424	1
51	424	1
74	424	1
97	424	1
121	424	1
146	424	1
171	424	1
196	424	1
223	424	1
249	424	0
273	424	0
298	424	0
321	424	0
345	424	0
368	424	0
391	424	0
415	424	0
440	424	0
465	424	0
490	431	0
518	427	0
540	424	0
565	424	0
590	424	0
615	436	1
637	434	1
664	424	1
693	424	1
717	424	1
743	419	1
771	416	1
799	416	1
820	424	0
846	424	0
872	424	0
895	424	0
922	424	0
945	424	0
966	424	0
987	424	0
1009	424	0
1027	424	0
7	447	0
29	447	0
51	447	0
74	447	1
97	447	1
121	447	1
146	447	1
171	447	1
196	447	1
223	447	1
249	447	1
273	447	0
298	447	0
321	447	0
345	447	0
368	447	0
391	447	0
415	447	0
440	447	0
465	447	0
490	447	0
515	447	0
540	447	0
565	447	0
590	447	1
619	461	0
643	459	0
669	458	0
697	454	0
723	452	1
743	447	1
768	447	1
794	447	1
820	447	1
846	447	1
872	447	1
895	447	0
922	447	0
945	447	0
966	447	0
987	447	0
1009	447	0
1027	447	0
7	476	1
29	476	1
51	476	1
74	476	0
97	476	0
121	476	0
146	476	0
171	476	0
196	476	1
223	476	1
249	476	1
273	476	1
298	476	1
321	476	1
345	476	1
368	476	1
391	476	1
415	476	0
440	476	0
465	476	0
490	476	0
515	476	0
540	476	0
565	476	0
590	476	0
615	476	0
641	476	0
664	476	0
693	476	0
717	476	0
743	476	0
768	476	0
794	476	0
820	478	1
846	476	1
872	476	1
894	467	1
927	467	1
947	467	1
970	463	1
991	466	0
1011	465	0
1031	463	0
7	502	1
29	502	1
51	502	1
74	502	1
97	502	1
121	502	1
146	502	1
171	502	0
196	502	0
223	502	0
249	502	1
273	502	1
298	502	1
321	502	1
344	503	1
364	514	1
392	511	1
416	507	1
440	502	1
465	502	1
490	502	1
511	498	1
540	502	0
566	499	0
591	500	0
615	502	0
641	502	0
664	502	0
693	502	0
717	502	0
743	502	0
768	502	0
794	502	0
820	502	0
846	502	0
872	502	0
895	502	0
922	502	0
940	500	0
965	494	1
987	492	1
1008	492	1
1029	490	1
7	526	1
29	526	1
51	526	1
74	526	1
97	526	1
121	526	1
146	526	1
171	526	1
196	526	1
223	519	0
245	520	0
271	524	0
298	526	1
321	526	0
344	528	0
369	528	0
389	528	0
415	526	0
440	526	0
465	526	0
490	526	1
515	526	1
540	526	1
565	526	1
590	526	1
615	526	1
641	526	0
664	526	0
693	526	0
717	526	0
743	526	0
768	526	0
794	526	0
820	526	0
846	526	0
872	526	0
895	526	0
922	526	0
945	526	0
966	526	0
987	526	0
1009	526	0
1027	526	0
7	548	0
29	548	0
51	548	1
74	548	1
97	548	1
121	548	1
146	548	1
171	548	1
196	548	1
223	548	1
249	548	1
273	548	1
298	548	1
321	548	0
345	548	0
368	548	0
391	548	0
415	548	0
440	548	0
465	548	0
490	548	0
515	548	0
540	548	0
565	548	0
588	559	1
615	556	1
641	548	1
664	548	1
693	548	1
717	548	1
743	548	1
768	548	0
794	548	0
820	548	0
846	548	0
872	548	0
895	548	0
922	548	0
945	548	0
966	548	0
987	548	0
1009	548	0
1027	548	0
7	570	0
29	570	0
51	570	0
71	570	0
97	570	0
121	570	1
146	570	1
171	570	1
196	570	1
223	570	1
249	570	1
273	570	1
298	570	1
321	570	1
345	570	1
368	570	0
391	570	0
415	570	0
440	570	0
465	570	0
490	570	0
515	570	0
540	570	0
566	569	1
591	582	0
613	576	0
645	573	0
664	570	0
687	581	1
717	570	1
743	570	1
768	570	1
794	570	1
820	570	1
846	570	1
872	570	0
895	570	0
922	570	0
945	570	0
966	570	0
987	570	0
1009	570	0
1027	570	0
7	593	1
29	593	1
51	593	1
74	593	0
97	593	0
121	593	0
146	593	0
171	593	1
196	593	1
223	593	1
249	593	1
273	593	1
298	593	1
321	593	1
345	593	1
368	593	1
391	593	0
415	593	0
440	593	0
465	593	0
490	593	0
515	593	0
540	593	0
565	593	0
590	593	0
615	593	0
641	593	0
664	593	0
693	599	0
719	597	0
743	593	0
768	593	0
794	593	0
820	593	1
846	593	1
872	593	1
895	593	1
922	593	1
945	593	1
966	593	0
987	593	0
1009	593	0
1027	593	0
7	617	1
29	617	1
51	617	1
74	617	1
97	617	1
121	615	0
146	617	0
171	617	0
196	617	0
223	617	0
249	617	1
273	617	1
298	617	1
321	617	1
345	617	1
368	617	1
391	617	1
415	617	0
440	617	0
465	617	0
490	617	0
515	617	0
540	617	0
565	617	0
590	617	0
615	617	0
641	617	0
664	617	0
693	617	0
717	617	0
743	617	0
768	617	0
794	617	0
820	617	1
846	617	1
872	617	1
895	617	1
922	617	1
945	617	1
966	617	1
987	617	1
1009	617	1
1027	617	1
7	640	1
29	640	1
51	640	1
74	640	1
97	640	1
121	640	1
146	640	1
171	640	1
196	640	1
223	640	0
249	640	0
273	640	0
298	640	0
321	640	1
345	640	1
368	640	1
391	640	1
415	640	1
440	640	1
465	640	1
490	640	0
515	640	0
540	640	0
565	640	0
590	640	0
615	640	0
641	640	0
664	640	0
693	640	0
717	640	0
743	640	0
768	640	0
794	640	0
820	640	0
846	640	0
872	640	0
895	640	0
922	640	1
945	640	1
966	640	1
987	640	1
1011	635	1
1027	640	1
7	668	0
33	668	1
51	667	1
72	663	1
92	661	1
117	659	1
146	655	1
171	655	1
196	655	1
223	655	1
249	655	1
273	655	0
298	655	0
321	655	0
345	655	0
368	655	1
391	655	1
415	655	1
439	655	1
467	666	1
490	665	1
517	663	1
541	663	1
563	662	1
590	655	0
615	655	0
641	655	0
664	655	0
693	655	0
717	655	0
743	655	0
768	655	0
794	655	0
820	655	0
846	655	0
872	655	0
895	655	0
923	660	0
947	661	0
964	660	0
984	663	0
1007	661	0
1027	664	1
8	685	0
28	685	0
53	685	0
75	682	0
97	680	1
121	680	1
146	680	1
171	680	1
196	680	1
223	680	1
249	680	1
273	680	1
298	680	1
321	680	1
345	680	1
368	680	1
391	680	0
415	680	0
440	680	1
465	680	1
491	684	0
512	684	0
539	684	0
565	680	1
590	680	1
615	680	1
641	680	1
664	680	1
693	680	1
717	680	0
743	680	0
768	680	0
794	680	0
820	680	0
846	680	0
872	680	0
895	680	0
922	680	0
945	680	0
966	680	0
987	680	0
1009	680	0
1027	680	0
