9	7	1
31	7	0
45	7	0
72	7	0
96	7	0
121	7	0
147	7	0
181	7	0
211	7	0
237	7	0
272	7	0
307	7	0
336	7	1
351	7	1
386	7	1
414	7	1
450	7	1
473	7	1
492	7	1
521	7	1
549	7	1
564	7	1
591	7	1
613	7	1
645	7	1
665	7	1
694	7	1
731	7	0
747	7	0
767	7	0
783	7	0
807	7	0
832	7	0
868	7	0
889	7	0
922	7	0
949	7	0
981	7	1
999	7	1
1032	7	1
9	29	1
31	29	1
45	29	1
72	29	1
96	29	1
121	29	1
147	29	0
181	29	0
211	29	0
237	29	0
272	29	0
307	29	0
336	29	0
351	29	0
386	29	0
414	29	0
450	29	0
473	29	1
492	29	1
521	29	1
549	29	1
564	29	1
591	29	1
613	29	1
645	29	1
665	29	1
694	29	1
731	29	0
747	29	0
767	29	0
787	29	0
811	30	0
832	29	0
868	29	0
889	29	0
922	29	0
949	29	0
981	29	0
999	29	0
1032	29	0
9	59	1
31	59	1
45	59	1
72	59	1
96	59	1
121	59	1
147	59	1
181	59	1
211	59	1
237	59	1
272	59	0
307	60	0
334	59	0
351	59	0
386	59	0
414	59	0
450	59	0
473	59	0
492	59	0
521	59	0
549	59	0
564	59	0
591	59	1
613	59	1
645	59	1
665	59	1
694	59	1
731	59	1
747	59	1
767	59	1
783	59	1
807	59	1
832	59	1
868	59	1
889	59	1
922	59	1
949	59	0
981	59	0
999	59	0
1032	59	0
9	80	1
31	80	1
45	80	1
72	80	1
96	80	1
121	80	1
147	80	1
181	80	1
211	80	1
237	80	1
272	80	1
307	80	1
336	80	1
351	80	1
386	80	0
414	80	0
450	80	0
473	80	0
492	80	0
521	80	0
549	80	0
564	80	0
591	80	0
613	80	0
645	80	0
665	80	0
694	80	0
731	80	1
747	80	1
767	80	1
783	80	1
807	80	1
832	80	1
868	80	1
889	80	1
922	80	1
949	80	0
981	80	0
999	80	0
1032	80	0
9	106	0
31	106	0
45	106	0
72	106	0
96	106	1
121	106	1
147	106	1
181	106	1
211	106	1
237	106	1
272	106	1
307	106	1
336	106	1
351	106	1
386	106	1
414	106	1
450	106	1
473	106	1
494	106	0
521	106	0
549	106	0
564	106	0
591	106	0
613	106	0
645	106	0
665	106	0
694	106	0
731	106	0
747	105	0
767	106	0
783	106	0
807	106	0
832	106	1
868	106	1
889	106	1
922	106	1
949	106	1
981	106	1
999	106	1
1032	106	1
9	133	0
31	133	0
45	133	0
72	133	0
96	133	0
121	133	0
147	133	0
181	133	0
211	133	0
237	133	0
272	133	0
307	134	0
336	133	1
351	133	1
386	133	1
414	133	1
450	133	1
473	133	1
492	133	1
521	133	1
549	133	1
564	133	1
591	133	1
613	133	0
645	133	0
665	133	0
694	133	0
731	133	0
747	133	0
767	133	0
783	133	0
807	133	0
832	133	0
868	133	0
889	133	0
922	133	0
949	133	1
981	133	1
999	133	1
1032	133	1
9	163	1
31	163	1
45	163	1
72	163	1
96	163	0
121	163	0
147	163	0
181	163	0
211	163	0
237	163	0
272	163	0
307	163	0
336	163	0
351	163	0
386	163	0
414	163	0
451	165	0
473	163	1
492	163	1
521	163	1
549	163	1
564	163	1
591	163	1
613	163	1
645	163	1
665	163	1
694	163	1
731	163	1
747	163	1
767	163	1
783	163	1
807	163	0
832	163	0
868	163	0
889	163	0
922	163	0
949	163	0
981	163	0
999	163	0
1032	163	0
9	193	1
31	193	1
45	193	1
72	193	1
96	193	1
121	193	1
147	193	1
181	193	1
211	193	1
237	193	0
267	192	0
313	183	0
336	193	0
351	193	0
386	193	0
414	193	0
450	193	0
473	193	0
492	193	0
521	193	0
549	193	0
564	193	1
591	193	1
613	193	1
645	193	1
665	193	1
694	193	1
731	193	1
747	193	1
767	193	1
783	193	1
807	193	1
832	193	1
868	193	1
889	193	1
922	193	1
949	193	1
981	193	1
999	193	1
1031	191	0
9	220	1
31	220	1
45	220	1
72	220	1
96	220	1
121	220	1
147	220	1
181	220	1
211	220	1
237	220	1
275	216	1
307	207	1
336	220	1
351	220	1
386	220	1
414	220	1
450	220	0
473	220	0
492	220	0
521	220	0
549	220	0
564	220	0
591	220	0
613	220	0
645	220	0
665	220	0
694	220	0
731	220	0
747	220	0
767	220	1
783	220	1
807	220	1
832	220	1
868	220	1
889	220	1
922	220	1
949	220	1
981	220	1
999	220	1
1032	220	1
9	246	0
31	246	0
45	246	0
72	246	0
96	246	0
121	246	0
147	246	0
181	246	1
211	246	1
237	246	1
272	246	1
307	246	1
336	246	1
351	246	1
386	246	1
414	246	1
450	246	1
473	246	1
492	246	1
521	246	0
548	246	0
563	247	0
591	246	0
613	246	0
645	246	0
665	246	0
694	246	0
731	246	0
747	246	0
767	246	0
783	246	0
807	246	1
832	246	1
868	246	1
889	246	1
922	246	1
949	246	1
981	246	1
999	246	1
1032	246	1
9	275	0
31	275	0
45	275	0
72	275	0
96	275	0
121	275	0
147	275	0
181	275	0
211	275	0
237	275	0
272	275	0
307	275	1
336	275	1
351	275	1
386	275	1
414	275	1
450	275	1
473	275	1
492	275	1
521	275	1
549	275	1
564	275	1
591	275	1
613	275	1
645	275	1
665	275	1
694	275	0
731	275	0
747	275	0
767	275	0
783	275	0
807	275	0
832	275	1
868	275	1
889	275	1
922	275	1
949	275	1
981	275	1
999	275	1
1032	275	0
9	300	1
31	300	1
45	300	1
72	300	0
96	299	0
123	295	0
159	292	0
181	300	0
211	300	0
237	300	0
272	300	0
307	300	0
336	300	0
351	300	0
386	300	0
414	300	1
449	304	0
469	304	0
496	301	0
520	302	0
549	300	1
564	300	1
591	300	1
613	300	1
645	300	1
665	300	1
694	300	1
731	300	0
747	300	0
767	300	0
783	300	0
807	300	0
832	300	0
868	300	1
889	300	1
922	300	1
949	300	1
981	300	1
999	300	1
1032	300	1
9	327	1
31	327	1
45	327	1
72	327	1
96	327	1
123	319	1
149	312	1
181	327	1
211	327	1
237	327	1
272	327	0
307	327	0
336	327	0
351	327	0
386	327	1
414	327	1
450	327	1
473	327	1
492	327	0
521	327	0
549	327	0
564	327	0
591	327	0
613	327	0
645	327	1
665	327	1
694	327	1
731	327	1
747	327	1
767	327	1
783	327	1
807	327	1
832	327	1
868	327	0
889	327	0
922	327	0
949	327	0
981	327	1
999	327	1
1032	327	1
9	355	1
31	355	1
45	355	1
72	355	1
96	355	1
124	353	1
147	348	1
179	349	1
211	355	1
237	355	1
272	355	0
307	355	0
336	355	0
351	355	0
386	355	1
414	355	1
450	355	1
473	355	1
492	355	1
521	355	1
549	355	1
564	355	0
591	355	0
613	355	0
645	355	0
665	355	0
694	355	1
731	355	1
747	355	1
767	355	1
783	355	1
807	355	1
832	355	1
868	355	1
889	355	1
922	355	0
949	355	0
981	355	0
999	355	0
1032	355	1
9	386	0
31	386	0
45	386	0
72	386	0
96	386	0
121	386	0
147	386	0
181	386	0
211	386	1
237	386	1
272	386	0
307	386	0
336	386	0
351	386	0
386	386	0
414	386	0
450	386	0
473	386	1
492	386	1
521	386	1
549	386	1
564	386	1
591	386	1
613	386	1
645	386	0
665	386	0
694	386	0
731	386	0
747	386	0
767	386	1
783	386	1
807	386	1
832	386	1
868	386	1
889	386	1
922	386	1
949	386	1
981	386	1
999	386	0
1032	386	0
9	417	0
31	417	0
45	417	0
72	417	0
96	417	0
121	417	0
147	417	0
181	417	0
211	417	1
237	417	1
272	417	1
307	417	1
336	417	1
351	417	1
386	417	1
414	417	0
450	417	0
473	417	0
492	417	0
521	417	0
549	417	1
564	417	1
591	417	1
613	417	1
645	417	1
665	417	1
694	417	1
732	416	0
748	414	0
766	415	0
783	417	0
807	417	0
837	417	0
871	420	0
889	417	1
922	417	1
949	417	1
981	417	1
999	417	1
1032	417	1
9	448	1
31	448	1
45	448	1
72	448	1
96	448	1
121	448	0
148	444	0
181	448	0
211	448	0
237	448	0
272	448	1
307	448	1
336	448	1
351	448	1
386	448	1
414	448	1
450	448	1
473	448	1
495	449	0
521	448	0
549	448	0
564	448	0
591	448	0
613	448	1
645	448	1
665	448	1
694	448	1
731	448	1
747	448	1
767	448	1
783	448	1
807	448	1
832	448	1
868	448	0
889	448	0
922	448	0
949	448	0
981	448	1
999	448	1
1032	448	1
9	472	1
31	472	1
45	472	1
72	472	1
96	472	1
121	472	1
147	472	1
181	472	0
211	472	0
237	472	0
272	472	0
307	472	0
336	472	1
351	472	1
386	472	1
414	472	1
450	472	1
473	472	1
492	472	1
521	472	1
549	472	0
564	472	0
591	472	0
613	472	0
645	472	0
665	472	0
694	472	1
731	472	1
747	472	1
767	472	1
783	472	1
807	472	1
832	472	1
868	472	1
889	472	1
922	472	0
949	472	0
981	472	0
999	472	0
1032	472	1
9	495	0
31	495	0
45	495	1
72	495	1
96	495	1
121	495	1
147	495	1
181	495	1
211	495	1
237	495	1
272	495	0
307	495	0
336	495	0
351	495	0
383	497	0
414	495	1
450	495	1
473	495	1
492	495	1
521	495	1
549	495	1
564	495	1
591	495	1
613	495	1
645	495	0
665	495	0
694	495	0
731	495	0
747	495	1
767	495	1
783	495	1
807	495	1
832	495	1
868	495	1
889	495	1
920	495	0
948	493	0
981	495	0
999	495	0
1032	499	0
9	527	0
31	527	0
45	527	0
72	527	0
96	527	0
121	527	0
147	527	0
181	527	1
211	527	1
237	527	1
272	527	1
307	527	1
336	527	0
352	516	0
384	517	0
414	527	0
450	527	0
473	527	1
492	527	1
521	527	1
549	527	1
564	527	1
591	527	1
613	527	1
645	527	1
665	527	1
694	527	0
727	527	0
748	524	0
767	527	0
783	527	0
807	527	0
832	527	1
868	527	1
889	527	1
922	527	1
949	527	1
981	527	1
999	527	1
1032	527	1
9	575	0
31	575	1
45	575	1
72	575	1
96	575	0
121	575	0
147	575	0
181	575	0
211	575	0
237	575	0
270	576	1
306	566	1
331	567	1
352	559	1
371	559	1
414	575	0
451	573	0
473	575	0
492	575	0
521	575	0
549	575	0
564	575	0
591	575	0
613	575	1
645	575	1
665	575	1
694	575	1
731	575	1
747	575	1
767	575	1
783	575	1
807	575	0
832	575	0
868	575	0
889	575	0
922	575	1
949	575	1
981	575	1
999	575	1
1032	575	1
9	604	1
31	604	1
45	604	1
72	604	1
96	604	1
121	604	1
147	604	0
181	604	0
211	604	0
237	604	0
272	604	0
307	604	1
336	604	1
351	604	1
386	604	1
421	601	1
450	604	1
473	604	1
492	604	1
528	604	0
549	604	0
564	604	0
591	604	0
613	604	0
645	604	0
665	604	1
694	604	1
731	604	1
747	604	1
767	604	1
783	604	1
807	604	1
832	604	0
868	601	0
889	604	0
922	604	0
951	607	0
977	608	0
998	607	0
1032	604	1
9	640	0
31	640	0
45	640	0
72	640	0
96	640	1
121	640	1
147	640	1
181	640	1
211	640	1
237	640	0
272	640	1
307	640	0
336	640	0
351	640	0
386	640	0
414	640	1
450	640	1
473	640	1
492	640	1
521	640	1
549	640	1
564	640	1
592	638	0
615	639	0
645	638	0
665	640	0
694	640	0
731	640	0
747	640	0
767	640	1
783	640	1
807	640	1
832	640	1
868	640	1
889	640	1
922	640	1
949	640	1
981	640	0
999	640	0
1032	640	0
9	666	0
31	666	0
45	666	0
72	666	0
96	666	0
121	666	0
147	666	0
181	666	1
211	666	1
237	666	1
272	666	1
307	666	0
336	666	0
351	666	0
386	666	0
414	666	0
450	666	0
473	666	1
492	666	1
521	666	1
549	666	1
564	666	1
591	666	1
613	666	1
645	666	1
665	666	0
694	666	0
731	666	0
747	666	0
767	666	0
783	666	0
807	666	0
832	666	1
868	666	1
889	666	1
922	666	1
949	666	1
981	666	1
999	666	1
1032	666	0
9	683	0
31	683	0
43	684	0
72	683	0
96	683	0
121	683	0
147	683	0
181	683	1
211	683	1
237	683	1
272	683	1
307	683	1
336	683	1
351	683	1
386	683	0
414	683	0
450	683	0
473	683	0
492	683	0
521	683	1
549	683	1
564	683	1
591	683	1
613	683	1
645	683	1
665	683	1
694	683	1
731	683	0
747	683	0
767	683	0
783	683	0
807	683	0
832	683	0
868	683	1
889	683	1
922	683	1
949	683	1
981	683	1
999	683	1
1032	683	1
