10	7	1
35	7	1
62	7	1
91	7	1
122	7	1
150	7	1
176	7	1
205	5	0
228	7	0
253	7	0
277	7	0
301	7	0
321	7	0
347	7	0
372	7	0
403	7	0
430	7	0
461	7	0
487	7	0
511	7	0
540	7	0
568	7	0
597	7	0
624	7	1
643	7	1
663	7	1
688	7	1
714	7	1
743	7	1
771	7	1
799	7	1
831	7	1
858	7	1
884	7	1
910	7	1
937	7	1
959	7	1
981	7	1
1008	7	1
1030	7	1
10	33	0
35	33	1
62	33	1
91	33	1
122	33	1
150	33	1
176	33	1
203	33	1
228	33	1
253	33	1
277	33	1
301	33	1
321	33	1
347	33	1
372	33	0
403	33	0
430	33	0
461	33	0
487	33	0
511	33	0
540	33	0
568	33	0
597	33	0
624	33	0
643	33	0
663	33	0
688	33	0
714	33	0
743	33	1
771	33	1
800	34	1
831	33	1
858	33	1
884	33	1
910	33	1
937	33	1
959	33	1
981	33	1
1008	33	1
1030	33	1
10	55	0
35	55	0
62	55	0
91	55	0
122	55	0
150	55	1
176	55	1
203	55	1
228	55	1
253	55	1
277	55	1
301	55	1
321	55	1
347	55	1
372	55	1
403	55	1
430	55	1
461	55	1
487	55	0
511	55	0
540	55	0
568	55	0
597	55	0
624	55	0
643	55	0
663	55	0
688	55	0
714	55	0
743	55	0
771	55	0
799	55	0
831	55	0
858	55	0
884	55	0
910	55	0
937	55	0
959	55	1
981	55	1
1008	55	1
1030	55	1
10	78	0
35	78	0
62	78	0
91	78	0
122	78	0
150	78	0
176	78	0
203	78	0
228	78	0
253	78	0
277	78	1
301	78	1
321	78	1
347	78	1
372	78	1
403	78	1
430	78	1
461	78	1
487	78	1
511	78	1
540	78	1
568	78	1
597	78	0
624	78	0
643	78	0
663	78	0
688	78	0
714	78	0
743	78	0
771	78	0
799	78	0
831	78	0
858	78	0
884	78	0
910	78	0
937	78	0
959	78	0
981	78	0
1008	78	0
1030	78	0
10	93	0
35	93	0
62	93	0
91	93	0
122	93	0
150	93	0
176	93	0
203	93	0
228	93	0
253	93	0
271	95	0
299	96	0
321	93	0
347	93	0
372	93	1
403	93	1
430	93	1
461	93	1
487	93	1
511	93	1
540	93	1
568	93	1
597	93	1
624	93	1
643	93	1
663	93	1
688	93	1
714	93	0
743	93	0
771	93	0
799	93	0
831	93	0
858	93	0
884	93	0
910	93	0
937	93	0
959	93	0
981	93	0
1008	93	0
1030	93	0
10	112	0
35	113	0
62	113	0
91	113	0
122	113	0
150	113	0
176	113	0
203	113	0
228	113	0
253	113	0
277	113	0
301	113	0
321	113	0
347	113	0
375	119	0
405	116	0
430	113	0
461	113	0
487	113	1
511	113	1
540	113	1
568	113	1
597	113	1
624	113	1
643	113	1
663	113	1
688	113	1
714	113	1
743	113	1
771	113	1
799	113	1
831	113	1
858	113	0
888	112	0
910	113	0
937	113	0
959	113	0
981	113	0
1008	113	0
1030	113	0
4	133	1
32	134	1
59	133	1
91	141	1
122	141	1
150	141	1
176	141	1
203	141	0
228	141	0
253	141	0
277	141	0
301	141	0
321	141	0
347	141	0
372	141	0
403	141	0
430	141	0
461	141	0
487	141	0
511	141	0
540	141	0
568	141	0
597	141	1
624	141	1
643	141	1
663	141	1
688	141	1
714	141	1
743	141	1
771	141	1
799	141	1
831	141	1
858	141	1
884	141	1
910	141	1
937	141	1
959	141	1
981	141	1
1008	141	1
1030	141	1
14	166	1
35	161	1
62	161	1
91	161	1
122	161	1
150	161	1
178	171	1
203	168	1
229	168	1
253	166	1
270	167	1
301	161	1
321	161	1
347	161	0
372	161	0
403	161	0
430	161	0
461	161	0
487	161	0
511	161	0
540	161	0
568	161	0
597	161	0
624	161	0
643	161	0
663	161	0
688	161	0
714	161	1
743	161	1
771	161	1
804	159	1
831	161	1
858	161	1
884	161	1
910	161	1
937	161	1
959	161	1
981	161	1
1008	161	1
1030	161	1
10	200	0
35	200	0
62	200	0
91	200	0
122	200	0
149	203	0
176	200	0
203	200	0
228	200	0
253	200	1
277	200	1
301	200	1
321	200	1
347	200	1
372	200	1
403	200	1
430	200	1
461	200	0
487	200	0
511	200	0
540	200	0
568	200	0
597	200	0
624	200	0
643	200	0
663	200	0
688	200	0
714	200	0
743	200	0
771	200	0
799	200	0
831	200	0
858	200	0
884	200	0
910	200	0
937	200	1
959	200	1
981	200	1
1008	200	1
1030	200	1
10	230	0
35	230	0
62	230	0
91	230	0
122	230	0
150	230	0
176	230	0
203	230	0
228	230	0
253	230	1
277	230	1
301	230	1
321	230	1
347	230	1
372	230	1
403	230	1
430	230	1
461	230	1
487	230	1
511	230	1
540	230	1
568	230	0
597	230	0
624	230	0
643	230	0
663	230	0
688	230	0
714	230	0
743	230	0
771	230	0
799	230	0
831	230	0
858	230	0
884	230	0
910	230	0
937	230	0
959	230	0
981	230	0
1008	230	0
1030	230	0
10	245	0
35	245	0
62	245	0
91	245	0
122	245	0
150	245	0
176	245	0
203	245	0
228	245	0
253	245	1
277	245	1
301	245	1
328	245	1
347	245	1
372	245	1
403	245	1
430	245	1
461	245	1
487	245	1
511	245	1
540	245	1
568	245	1
597	245	1
624	245	1
643	245	1
663	245	1
688	245	0
714	245	0
743	245	0
771	245	0
799	245	0
831	245	0
858	245	0
884	245	0
910	245	0
937	245	0
959	245	0
981	245	0
1008	245	0
1030	245	0
10	271	1
35	271	1
62	271	0
91	271	0
122	271	0
150	271	0
176	271	0
203	271	0
228	271	0
253	271	0
277	271	0
301	271	0
321	271	0
347	271	0
376	273	0
403	271	0
430	271	0
461	271	1
487	271	1
511	271	1
540	271	1
568	271	1
601	272	1
624	271	1
643	271	1
663	271	1
688	271	1
714	271	1
743	271	1
771	271	1
799	271	1
831	271	1
858	271	1
884	271	1
910	271	0
937	271	0
959	271	0
981	271	0
1008	271	0
1030	271	0
10	297	1
35	297	1
62	297	1
91	297	1
122	297	1
150	297	1
176	297	0
203	297	0
228	297	0
253	297	0
277	297	0
301	297	0
321	297	0
347	297	0
372	297	0
403	297	0
430	297	0
461	297	0
487	297	0
511	297	0
540	297	0
568	297	1
597	297	1
624	297	1
643	297	1
665	295	1
688	297	1
714	297	1
743	297	1
771	297	1
799	297	1
831	297	1
858	297	1
884	297	1
910	297	1
937	297	1
959	297	1
981	297	1
1008	297	1
1030	297	0
10	323	0
35	323	0
62	323	0
91	323	0
122	323	1
150	323	1
176	323	1
203	323	1
228	323	1
253	323	1
277	323	1
301	323	0
323	322	0
347	323	0
372	323	0
403	323	0
430	323	0
461	323	0
487	323	0
511	323	0
540	323	0
568	323	0
597	323	0
624	323	0
643	323	0
663	323	0
687	326	0
714	323	0
743	323	0
771	323	0
799	323	1
831	323	1
858	323	1
884	323	1
906	321	1
937	323	1
959	323	1
981	323	1
1008	323	1
1030	323	1
10	346	0
35	346	0
62	346	0
91	346	0
122	346	0
150	346	0
176	346	0
203	346	1
228	346	1
253	346	1
277	346	1
301	346	1
321	346	1
347	346	1
372	346	1
403	346	0
430	346	0
461	346	0
487	346	0
512	347	0
540	346	0
568	346	0
597	346	0
624	346	0
643	346	0
663	346	0
688	346	0
714	346	0
743	346	0
771	346	0
799	346	0
831	346	0
858	346	0
884	346	0
910	346	1
937	346	1
959	346	1
982	344	1
1008	346	1
1030	346	1
10	362	0
35	362	0
62	362	0
91	362	0
122	362	0
150	362	0
176	362	0
203	362	1
228	362	1
253	362	1
277	362	1
303	360	1
321	362	1
347	362	1
372	362	1
403	362	1
430	362	1
461	362	1
487	362	1
511	362	1
540	362	0
568	362	0
597	362	0
624	362	0
643	362	0
663	362	0
688	362	0
714	362	0
743	362	0
771	362	0
799	362	0
831	362	0
858	362	0
884	362	0
910	362	0
937	362	0
959	362	0
981	362	0
1008	362	1
1030	362	1
10	380	0
35	380	0
62	380	0
91	380	0
122	380	0
150	380	0
176	380	0
203	380	0
228	380	0
253	380	0
277	380	0
301	380	0
321	380	1
347	380	1
372	380	1
403	380	1
430	380	1
461	380	1
487	380	1
511	380	1
540	380	1
568	380	1
597	380	1
624	380	1
643	380	1
663	380	0
688	380	0
714	380	0
743	380	0
771	380	0
799	380	0
831	380	0
858	380	0
884	380	0
910	380	0
937	380	0
959	380	0
981	380	0
1008	380	0
1030	380	0
10	403	0
35	403	0
62	403	0
91	403	0
122	403	0
150	403	0
176	403	0
203	403	0
228	403	0
253	403	0
277	403	0
301	403	0
321	403	0
348	405	0
372	403	0
403	403	0
430	403	1
461	403	1
487	403	1
511	403	1
540	403	1
568	403	1
597	403	1
624	403	1
643	403	1
663	403	1
688	403	1
714	403	1
743	403	1
768	404	1
799	403	1
831	403	1
858	403	1
884	403	0
910	403	0
937	403	0
959	403	0
981	403	0
1008	403	0
1030	403	0
10	429	1
35	429	1
62	429	1
91	429	1
122	429	1
150	429	0
176	429	0
203	429	0
228	429	0
253	429	0
277	429	0
301	429	0
321	429	0
347	429	0
372	429	0
403	429	0
430	429	0
461	429	0
487	429	0
511	429	0
540	429	1
568	429	1
597	429	0
624	429	0
643	429	0
663	429	1
688	429	1
714	429	1
743	429	1
771	429	1
799	429	1
831	429	1
858	429	1
884	429	1
910	429	1
937	429	1
959	429	1
981	429	1
1008	429	0
1030	429	0
10	448	1
35	448	1
62	448	1
91	448	1
122	448	1
150	448	1
176	448	1
203	448	1
228	448	1
253	448	0
277	448	0
301	448	0
321	448	0
347	448	0
372	448	0
403	448	0
430	448	0
461	448	0
487	448	0
511	448	0
540	448	0
568	448	0
597	448	0
624	448	0
643	448	0
663	448	1
688	448	1
714	448	1
743	448	0
771	448	1
799	448	1
831	448	1
858	448	1
884	448	1
910	448	1
937	449	1
959	448	1
981	448	1
1008	448	1
1030	448	1
10	470	0
35	470	0
62	470	0
91	470	1
122	470	1
150	470	1
176	470	1
203	470	1
228	470	1
253	470	1
277	470	1
301	470	1
321	470	1
347	470	1
372	470	0
403	470	0
430	470	0
461	470	0
487	470	0
511	470	0
540	470	0
568	470	0
597	470	0
624	470	0
643	470	0
663	470	0
688	470	0
714	470	0
743	470	0
767	473	0
803	471	0
831	470	0
858	470	0
884	470	1
910	470	1
937	470	1
959	470	1
981	470	1
1008	470	1
1030	470	1
10	487	0
35	487	0
62	487	0
91	487	0
122	487	0
150	487	0
176	487	0
203	487	1
228	487	1
253	487	1
277	487	1
301	487	1
321	487	1
347	487	1
372	487	1
403	487	1
430	487	1
461	487	1
487	487	1
511	487	0
540	487	0
568	487	0
597	487	0
624	487	0
643	487	0
663	487	0
688	487	0
714	487	0
743	487	0
771	487	0
799	487	0
831	487	0
858	487	0
884	487	1
910	487	1
937	487	1
959	484	1
981	487	1
1008	487	1
1030	487	1
10	513	0
35	513	0
62	513	0
91	513	0
122	513	0
150	513	0
176	513	0
203	513	0
228	513	0
253	513	0
277	513	0
301	513	1
321	513	1
347	513	1
372	513	1
403	513	1
430	513	1
461	513	1
487	513	1
511	513	1
540	513	1
568	513	1
597	513	1
624	513	1
643	513	1
663	513	1
688	513	1
714	513	1
743	513	0
771	513	0
799	513	0
831	513	0
858	513	0
884	513	0
910	513	0
937	513	0
959	513	0
981	513	0
1008	513	0
1030	513	0
10	535	0
35	535	0
62	535	0
91	535	0
122	535	0
150	535	0
176	535	0
203	535	0
228	535	0
253	535	0
277	535	0
301	535	0
321	535	0
347	535	0
372	535	0
403	535	1
430	535	1
461	535	1
487	535	1
511	535	1
540	535	1
568	535	1
597	535	1
624	535	1
643	535	1
663	535	1
688	535	1
714	535	1
743	535	1
771	535	1
799	535	1
831	535	1
858	535	0
884	535	0
910	535	0
937	535	0
959	535	0
981	535	0
1008	535	0
1030	535	0
10	565	1
35	565	1
62	565	1
91	565	1
122	565	0
150	565	0
176	565	0
203	565	0
228	565	0
253	565	0
277	565	0
301	565	0
321	565	0
347	565	0
372	565	0
403	565	0
430	565	0
461	565	0
487	565	0
511	565	1
540	565	1
568	565	1
599	563	1
624	565	1
643	565	1
663	565	1
688	565	1
714	565	1
743	565	1
774	564	1
799	565	1
831	565	1
858	565	1
884	565	1
910	565	1
937	565	1
959	565	0
981	565	0
1008	565	0
1030	565	0
10	596	0
35	596	1
62	596	1
91	596	1
122	596	1
150	596	1
176	596	1
203	596	1
228	596	0
253	596	0
277	596	0
301	596	0
321	596	0
347	596	0
372	596	0
403	596	0
430	596	0
461	596	0
487	596	0
511	596	0
540	596	0
568	596	0
597	596	0
624	596	0
643	596	0
663	596	0
688	596	0
714	596	0
743	596	1
771	596	1
799	596	1
831	596	1
860	600	1
884	596	1
910	596	1
937	596	1
959	596	1
981	596	1
1008	596	1
1030	596	1
10	612	0
35	612	1
62	612	1
91	612	1
122	612	1
150	612	1
176	612	1
203	612	1
228	612	1
253	612	1
277	612	1
301	612	1
327	614	0
347	612	0
372	612	0
403	612	0
430	612	0
461	612	0
487	612	0
511	612	0
540	612	0
568	612	0
597	612	0
624	612	0
643	612	0
663	612	0
688	612	0
714	612	0
743	612	0
771	612	0
799	612	0
831	612	0
858	612	1
884	612	1
910	612	1
937	612	1
959	612	1
981	612	1
1008	612	1
1030	612	1
10	632	0
35	632	0
62	632	0
91	632	0
122	632	0
150	632	1
176	632	1
203	632	1
228	632	1
253	632	1
277	632	1
301	632	1
321	632	1
347	632	1
372	632	1
403	632	1
430	632	1
461	632	0
487	632	0
511	632	0
540	632	0
568	632	0
597	632	0
624	632	0
643	632	0
663	632	0
688	632	0
714	632	0
743	632	0
771	632	0
799	632	0
831	632	0
858	632	0
884	632	0
910	632	0
937	632	1
959	632	1
981	632	1
1008	632	1
1030	632	1
10	653	0
35	653	0
62	653	0
91	653	0
122	653	0
150	653	0
176	653	0
203	653	0
228	653	0
253	653	1
277	653	1
301	653	1
321	653	1
347	653	1
372	653	1
403	653	1
430	653	1
461	653	1
487	653	1
511	653	1
540	653	1
568	653	1
597	653	0
624	653	0
643	653	0
663	653	0
688	653	0
714	653	0
743	653	0
771	653	0
799	653	0
831	653	0
858	653	0
884	653	0
910	653	0
937	653	0
959	653	0
981	653	0
1008	653	0
1030	653	0
10	671	0
35	671	0
62	671	0
91	671	0
122	671	0
150	671	0
176	671	0
203	671	0
228	671	0
253	671	0
277	671	0
301	671	0
321	671	0
347	671	0
372	671	1
403	671	1
430	671	1
461	671	1
487	671	1
511	671	1
540	671	1
568	671	1
597	671	1
624	671	1
643	671	1
663	671	1
688	671	1
714	671	0
743	671	0
771	671	0
799	671	0
831	671	0
858	671	0
884	671	0
910	671	0
937	671	0
959	671	0
981	671	0
1008	671	0
1030	671	0
