12	5	1
37	5	1
63	5	1
91	5	1
116	5	1
141	5	1
169	5	1
196	5	0
222	5	0
249	5	0
274	5	1
299	5	1
322	5	1
349	5	1
375	5	1
401	5	1
429	5	1
451	5	1
481	5	1
505	5	1
529	5	1
555	5	1
579	5	1
605	5	1
630	5	0
654	5	0
681	5	0
705	5	0
731	5	0
758	5	0
783	5	0
810	5	0
836	5	0
863	5	0
889	5	0
913	5	0
936	5	0
960	5	0
985	5	0
1010	5	1
1032	5	1
12	45	1
37	45	1
63	45	1
91	45	1
116	45	1
141	45	1
169	45	1
196	45	1
222	45	1
249	45	1
274	45	1
299	45	1
322	45	1
349	45	1
375	45	1
401	45	0
429	45	0
451	45	0
481	45	0
505	45	0
529	45	0
555	45	1
579	45	1
605	45	1
630	45	1
654	45	1
681	45	1
705	45	1
731	45	1
758	45	1
783	45	0
810	45	0
836	45	0
863	45	0
889	45	0
913	45	0
936	45	0
960	45	0
985	45	0
1010	45	0
1032	45	0
12	80	0
37	80	0
62	80	0
91	80	0
119	80	0
141	80	1
169	80	1
196	80	1
222	80	1
249	80	1
274	80	1
299	80	1
322	80	1
349	80	1
375	80	1
401	80	1
429	80	1
451	80	1
481	80	0
505	80	0
529	80	0
555	80	0
579	80	0
605	80	0
630	80	0
666	91	1
682	85	1
705	80	1
731	80	1
758	80	1
783	80	1
810	80	1
836	80	1
863	80	1
889	80	0
913	80	0
936	80	0
960	80	0
986	73	0
1010	71	0
1031	68	0
12	114	1
37	114	1
63	114	1
91	114	1
116	114	1
141	114	1
169	114	1
196	114	1
222	114	1
249	114	1
272	115	0
299	114	0
322	114	1
349	114	1
375	114	1
401	114	1
429	114	1
451	114	1
481	114	1
505	114	1
529	114	0
555	114	0
579	114	0
605	114	0
630	114	0
654	114	0
681	114	0
705	114	0
731	114	0
758	114	0
783	123	1
811	117	1
836	114	1
863	114	1
889	114	1
913	114	1
937	109	1
958	101	1
982	103	1
1010	114	0
1027	110	0
11	151	0
41	150	0
63	147	1
91	147	1
116	147	1
141	147	1
169	147	1
196	147	1
222	147	1
249	147	1
274	147	1
299	147	1
322	147	1
349	147	1
375	147	1
401	147	1
429	147	1
451	147	0
481	147	0
505	147	0
533	146	0
555	144	0
579	147	0
605	147	0
630	147	0
654	147	0
681	147	0
705	147	0
731	147	0
758	147	0
783	147	0
810	147	0
836	147	0
863	147	0
889	147	1
913	147	1
936	147	1
960	147	1
985	147	1
1010	147	1
1032	147	1
8	187	1
31	188	1
67	184	1
95	178	0
115	179	0
141	171	0
169	171	0
196	171	1
222	171	1
249	171	1
274	171	1
299	171	1
322	171	1
349	171	1
375	171	1
401	171	1
429	171	1
451	171	1
481	171	1
505	171	1
529	171	1
555	171	1
579	171	0
605	171	0
630	171	0
654	171	0
681	171	0
705	171	0
731	178	0
763	182	0
791	179	0
810	177	0
836	171	0
863	171	0
889	171	0
913	171	0
936	171	0
960	171	0
985	171	0
1010	171	1
1032	171	1
11	219	1
40	219	1
64	214	1
91	212	1
123	211	1
141	211	1
169	203	1
196	203	1
222	203	1
249	203	1
274	203	1
299	203	1
322	203	1
349	203	1
375	203	1
399	208	0
428	207	0
451	203	1
481	203	1
505	203	1
529	203	1
555	203	1
579	203	1
605	203	1
630	203	1
655	195	1
676	191	1
701	192	1
732	227	1
758	227	1
787	225	1
814	223	1
841	223	1
863	222	0
891	211	0
915	213	0
939	215	0
960	203	0
985	203	0
1010	203	0
1032	203	0
11	253	0
37	246	0
63	246	0
84	247	0
116	246	0
141	246	0
169	246	1
196	246	1
222	246	1
249	246	1
274	246	1
299	246	1
322	246	1
349	246	1
375	246	1
401	246	1
429	246	1
451	246	1
481	246	1
505	246	1
529	246	1
555	246	0
579	246	0
605	238	0
631	227	1
655	227	1
679	227	1
703	227	1
727	257	0
757	258	1
781	258	1
811	258	1
836	258	1
862	256	1
893	256	1
915	251	1
936	246	1
960	246	1
985	246	0
1010	246	0
1032	246	0
12	283	1
37	283	1
63	283	1
91	283	1
116	283	1
141	283	1
169	283	1
196	283	0
222	283	0
249	283	0
274	274	0
299	268	1
319	267	1
347	273	1
370	274	1
401	271	1
429	283	1
451	283	1
481	283	1
505	283	1
529	283	1
555	283	1
579	283	1
605	283	1
630	283	1
654	283	0
681	283	0
705	283	0
731	283	0
758	283	0
783	283	0
815	290	0
842	290	0
867	293	1
892	292	1
913	291	1
936	283	1
960	283	1
985	283	1
1010	283	1
1032	283	1
12	323	0
37	323	0
60	318	1
91	323	1
116	323	1
141	323	1
169	323	1
196	323	1
222	323	1
249	323	1
274	323	1
299	323	1
322	323	1
349	323	1
375	323	1
401	323	1
429	323	1
451	323	1
492	327	0
505	308	1
529	316	1
556	314	1
581	319	1
605	323	1
630	323	1
654	323	1
681	323	0
705	323	0
731	323	0
758	323	0
783	323	0
810	323	0
836	323	0
863	323	0
889	323	0
913	323	0
936	323	0
960	323	0
985	323	1
1010	323	1
1032	323	1
12	355	1
37	355	1
63	355	1
91	355	0
116	355	0
141	355	0
169	355	0
196	355	0
222	355	0
249	355	1
274	355	1
299	355	1
322	355	1
349	355	1
375	355	1
401	355	1
429	355	1
451	355	1
481	355	1
505	355	1
529	355	1
555	355	1
579	355	1
605	355	1
626	348	0
654	347	0
682	347	0
706	346	0
731	345	0
758	343	0
784	342	0
811	341	0
837	343	0
866	343	0
892	347	0
917	344	0
936	355	0
960	355	0
985	355	0
1010	355	0
1032	355	0
8	393	1
34	391	1
64	391	1
92	389	1
119	386	1
141	380	1
169	380	1
196	380	1
222	380	1
249	380	1
274	380	1
299	380	1
322	380	1
349	379	0
375	380	1
401	380	1
429	380	1
451	380	1
481	380	1
505	380	1
529	380	1
555	380	1
579	380	1
605	380	1
630	380	1
655	375	1
676	373	1
700	370	1
729	366	1
748	366	1
775	365	1
801	363	1
830	363	0
860	365	0
891	366	0
914	367	0
939	370	0
960	369	0
983	370	0
1010	380	0
1032	380	0
8	422	0
37	422	0
57	423	0
91	419	0
116	414	0
142	410	1
169	414	1
196	414	1
222	414	1
249	414	1
274	414	1
299	414	1
322	414	1
349	414	1
375	414	1
401	414	1
429	414	1
451	414	1
481	414	1
505	414	1
529	414	1
555	414	1
583	408	1
606	404	1
633	405	1
653	404	1
686	406	1
704	404	1
727	404	1
757	404	1
785	403	1
811	403	1
838	401	1
860	401	1
891	400	1
918	395	1
938	393	1
963	400	0
987	403	0
1011	400	0
1033	403	0
11	458	1
37	460	1
67	457	1
91	455	1
117	453	1
143	454	1
167	451	1
196	447	0
222	447	0
249	447	0
274	447	0
299	447	0
322	447	0
349	447	1
375	447	1
401	447	1
429	447	1
451	447	1
481	447	1
505	447	1
529	447	1
555	447	1
579	447	1
605	447	1
630	447	1
654	447	1
681	443	1
708	440	1
735	437	0
755	432	0
780	433	0
807	434	0
837	432	0
867	431	1
891	432	1
915	432	1
938	437	1
957	435	1
983	433	1
1009	433	1
1027	435	1
9	490	0
37	488	1
63	488	1
91	488	1
116	488	1
141	488	1
169	488	1
196	488	1
222	488	1
249	488	1
274	488	1
299	488	1
322	488	1
349	488	1
375	488	1
401	488	1
429	488	1
450	484	1
487	486	0
516	486	0
535	477	1
556	478	1
579	488	1
605	488	1
630	488	1
654	488	1
681	488	1
705	488	1
731	488	1
757	481	1
787	475	0
811	472	0
837	468	0
860	470	0
886	473	0
910	472	0
937	471	0
958	462	1
979	463	0
1003	463	1
1026	461	1
10	507	0
37	507	0
63	514	0
91	514	0
117	514	0
140	517	0
170	519	0
195	519	0
223	518	0
249	520	0
274	514	1
299	514	1
322	514	1
349	514	1
375	514	1
401	514	1
429	514	1
451	514	1
481	514	1
505	514	1
529	514	1
555	514	1
579	519	1
608	517	1
627	519	1
654	514	1
681	514	0
709	508	0
733	504	0
759	503	0
785	503	0
807	499	0
837	494	0
860	493	0
887	493	0
918	493	0
939	495	0
961	497	0
985	498	0
1011	498	0
1031	499	0
9	535	1
37	535	1
62	533	1
87	533	0
117	535	0
140	534	0
168	538	0
197	538	0
222	542	0
249	542	0
274	542	0
299	542	0
322	542	0
349	542	0
375	542	0
401	542	1
429	542	1
451	542	1
481	542	1
509	550	1
528	551	1
557	550	1
578	546	1
606	543	1
630	542	1
654	542	1
687	536	1
703	533	1
733	528	1
759	523	1
791	523	0
814	522	0
836	519	1
859	517	1
888	515	1
914	517	0
933	521	0
959	524	0
983	527	0
1011	529	0
1033	527	0
12	569	1
37	569	1
63	569	1
91	569	1
116	569	1
141	569	1
169	569	1
198	566	1
225	564	1
249	569	0
274	569	0
299	569	0
319	568	0
343	565	0
375	567	0
401	565	0
428	565	0
451	569	0
481	569	0
505	569	1
529	569	1
555	569	1
579	569	1
605	569	1
630	569	1
654	569	1
681	569	1
705	569	1
731	569	1
758	569	1
783	569	1
810	569	1
836	569	1
863	569	1
889	569	1
913	569	1
936	569	1
960	569	1
985	569	1
1010	569	1
1032	569	1
10	595	0
39	596	0
63	594	0
91	594	0
118	597	0
141	594	0
169	594	1
196	594	1
222	594	1
249	594	1
274	594	1
299	594	1
322	594	1
352	590	1
377	590	1
399	588	1
429	587	1
451	588	1
478	589	1
505	594	1
529	594	1
551	595	0
579	592	0
607	594	0
633	594	0
656	597	0
681	594	0
707	594	0
731	594	0
761	595	0
783	594	0
813	595	0
836	594	0
863	594	0
889	594	0
913	594	0
936	594	0
960	594	1
985	594	1
1010	594	1
1032	594	1
12	618	1
37	618	1
63	618	1
91	618	1
116	618	1
141	618	1
169	618	0
196	618	0
222	618	0
249	618	0
272	618	0
295	619	0
322	617	0
349	618	0
377	614	1
401	618	1
429	618	1
451	618	1
481	618	1
505	618	1
529	618	1
555	618	1
579	618	1
605	618	1
630	618	1
654	618	1
681	618	1
705	618	1
731	618	1
758	618	1
783	618	1
810	618	1
839	618	0
863	618	0
889	618	0
913	618	0
939	613	1
961	613	1
988	610	1
1010	618	0
1032	618	0
10	658	0
38	657	1
65	654	1
88	655	1
119	650	1
141	642	1
169	642	1
196	642	1
222	642	1
249	642	1
274	642	1
299	642	1
322	642	1
353	642	0
375	642	0
401	642	0
427	640	0
451	642	0
479	640	0
505	642	1
529	642	1
555	642	1
579	642	1
605	642	1
630	642	1
654	642	1
681	642	1
705	642	1
731	642	1
758	642	1
783	642	1
810	642	1
836	642	1
863	642	0
889	642	0
913	642	0
936	642	0
960	642	0
985	642	0
1010	642	0
1032	642	0
8	684	1
38	684	1
65	682	0
91	682	0
119	683	0
145	681	0
171	680	0
196	678	0
222	675	0
249	675	1
274	675	1
299	675	1
322	675	1
349	675	1
375	675	1
401	675	1
431	671	1
457	669	1
483	668	1
507	668	1
529	667	1
555	667	1
578	668	1
605	675	1
630	675	1
654	675	1
681	675	1
705	675	1
731	675	1
758	675	1
783	675	1
810	675	1
836	675	1
863	675	1
889	675	0
913	675	0
936	675	0
963	671	0
988	673	0
1010	675	0
1033	671	0
