11	17	0
35	17	0
60	17	0
84	17	1
108	17	1
133	17	1
157	17	1
183	17	1
208	17	1
237	17	1
266	17	1
290	17	1
320	17	1
346	17	1
371	17	1
396	17	1
423	17	1
450	17	1
474	17	1
500	17	1
527	17	0
554	17	0
581	17	0
610	17	0
638	17	0
668	17	0
694	17	0
721	17	0
745	17	0
769	17	0
796	17	0
820	17	1
845	17	1
866	17	1
888	17	1
913	17	1
933	17	1
960	17	1
984	17	1
1006	17	1
1030	17	1
11	37	0
35	37	0
60	37	0
84	37	0
108	37	1
133	37	1
157	37	0
183	37	0
208	37	1
237	37	1
266	37	1
290	37	1
320	37	1
346	37	1
371	37	1
396	37	1
423	37	1
450	37	1
474	37	1
500	37	1
527	37	1
554	37	1
581	37	1
610	37	1
638	37	0
668	37	0
694	37	0
721	37	0
745	37	0
769	37	0
796	37	0
820	37	0
845	37	1
866	37	1
888	37	1
913	37	1
933	37	1
962	40	0
984	37	1
1006	37	1
1030	37	1
11	59	1
35	59	1
60	59	0
84	59	0
108	59	0
133	59	0
157	59	0
183	59	0
208	59	0
237	59	0
266	59	0
290	59	0
320	59	0
346	59	1
371	59	1
396	59	1
423	59	1
450	59	1
474	59	1
500	59	1
527	59	1
554	59	1
581	59	1
610	59	1
638	59	1
668	59	1
694	59	1
721	59	1
745	59	1
769	59	0
796	59	0
820	59	0
845	59	1
866	59	1
888	59	1
913	59	1
933	59	1
960	59	1
984	59	1
1006	59	1
1025	61	0
11	80	1
35	80	1
60	80	1
84	80	0
108	80	0
133	80	0
160	79	0
183	80	0
208	80	0
237	80	0
266	80	0
290	80	0
320	80	0
346	80	0
371	80	0
396	80	0
423	80	1
450	80	1
474	80	1
500	80	1
527	80	1
554	80	1
581	80	1
610	80	1
638	80	1
668	80	1
694	80	1
721	80	1
745	80	1
769	80	1
796	80	1
820	80	1
845	80	1
866	80	1
888	80	1
914	78	0
933	80	1
960	80	1
984	80	1
1006	80	1
1030	80	1
11	105	1
35	105	1
60	105	1
84	105	1
108	105	1
133	105	1
157	105	1
183	105	1
208	105	1
237	105	1
266	105	0
290	105	0
320	105	0
346	105	0
371	105	0
396	105	0
423	105	0
449	106	0
474	105	0
500	105	0
531	107	1
554	105	1
581	105	1
610	105	1
638	105	1
668	105	1
694	105	1
721	105	1
745	105	1
769	105	1
796	105	1
820	105	1
845	105	1
866	105	1
888	105	1
913	105	1
933	105	1
960	105	1
985	104	0
1005	104	0
1030	105	1
11	134	1
35	134	1
60	134	1
84	134	1
108	134	1
133	134	1
157	134	1
183	134	1
208	134	1
237	134	1
266	134	1
290	134	1
320	134	1
346	134	1
371	134	0
398	134	0
423	134	0
450	134	0
474	134	0
500	134	0
527	134	0
554	134	0
581	134	0
610	134	0
638	134	0
668	126	1
692	126	1
724	126	1
746	126	1
768	128	1
800	129	1
820	130	1
843	129	1
866	134	0
888	134	1
913	134	1
933	134	1
960	134	1
984	134	1
1006	134	1
1030	134	1
11	155	0
36	158	0
60	155	1
84	155	1
108	155	1
133	155	1
157	155	1
183	155	1
208	155	1
237	155	1
266	155	1
290	155	1
320	155	1
346	155	1
371	155	1
396	155	1
423	155	1
450	155	1
474	155	1
500	155	1
527	155	1
554	155	1
581	155	1
610	155	0
638	155	0
668	155	0
694	155	0
721	155	0
745	155	0
769	155	0
796	155	0
820	155	0
845	155	0
866	155	1
888	155	1
913	155	1
935	155	0
960	155	1
984	155	1
1006	155	1
1030	155	1
11	174	0
35	174	0
61	178	0
83	177	0
108	174	0
133	174	0
157	174	0
183	174	1
208	174	1
237	174	1
266	174	1
290	174	1
320	174	1
346	174	1
371	174	0
396	174	1
423	174	1
450	174	1
474	174	1
500	174	1
527	174	1
554	174	1
581	174	1
610	174	1
638	174	1
668	174	1
694	174	1
721	174	0
745	174	0
769	174	0
796	174	0
820	174	0
845	174	0
866	174	1
888	174	1
913	174	1
933	174	1
960	174	1
984	174	1
1006	174	0
1027	174	0
11	199	1
35	199	0
60	199	0
84	199	0
108	199	0
133	199	0
157	199	0
183	199	0
208	199	0
237	199	0
266	199	1
290	199	1
320	199	1
346	199	1
371	199	1
396	199	1
423	199	1
450	199	1
474	199	1
500	199	1
527	199	1
554	199	1
581	199	1
610	199	1
638	199	1
668	199	1
694	199	1
721	199	1
745	199	1
769	199	0
796	199	0
820	199	0
845	199	0
866	199	0
889	204	0
913	199	1
933	199	1
960	199	1
984	199	1
1006	199	1
1030	199	1
11	218	1
35	218	0
60	218	0
84	218	0
108	218	0
133	218	0
157	218	0
183	218	0
208	218	0
237	218	0
266	218	0
290	218	0
320	218	0
346	218	0
371	218	0
396	218	1
423	218	1
450	218	1
474	218	1
500	218	1
527	218	1
554	218	1
581	218	1
610	218	1
638	218	1
668	218	1
694	218	1
721	218	1
745	218	1
769	218	1
796	218	1
820	218	0
845	218	0
866	218	0
888	218	1
913	218	1
933	218	1
959	218	0
984	218	0
1006	218	1
1030	218	1
11	240	1
35	240	1
60	240	1
84	240	1
108	240	1
133	240	1
157	240	0
183	240	0
208	240	0
237	240	0
266	240	0
290	240	0
320	240	0
346	240	0
371	240	0
397	243	0
421	245	0
448	244	0
474	240	0
500	240	0
527	240	1
554	240	1
581	240	1
610	240	1
638	240	1
668	240	1
694	240	1
721	240	1
745	240	1
769	240	1
796	240	1
820	240	1
845	240	1
866	240	1
888	240	1
913	240	1
933	240	1
960	240	1
984	240	1
1006	240	1
1029	239	0
11	265	1
35	265	1
60	265	1
84	265	1
108	265	1
133	265	1
157	265	1
183	265	1
208	265	1
237	265	1
266	265	1
290	265	1
320	265	1
346	265	0
371	265	0
396	265	0
423	265	0
450	265	0
474	265	0
500	265	0
527	265	0
554	265	0
581	265	0
610	265	0
638	265	1
668	265	1
694	265	1
721	265	1
745	265	1
769	265	1
796	265	1
820	265	1
845	265	1
866	265	1
888	265	1
913	265	0
932	267	0
960	265	1
984	265	1
1006	265	1
1030	265	1
10	288	0
35	287	1
60	287	1
84	287	1
108	287	1
133	287	1
157	287	1
183	287	1
208	287	1
237	287	1
266	287	1
290	287	1
320	287	1
346	287	1
371	287	1
396	287	1
423	287	1
450	287	0
474	287	0
500	287	0
527	287	0
554	287	0
581	287	0
610	287	0
638	287	0
668	287	0
694	287	0
721	287	1
745	287	1
769	287	1
796	287	1
820	287	1
845	287	1
866	287	1
888	287	1
913	287	1
933	287	1
960	287	1
986	289	0
1006	287	0
1030	287	1
11	312	0
36	313	0
61	314	0
83	314	0
107	315	0
133	312	1
157	312	1
183	312	1
208	312	1
237	312	1
266	312	1
290	312	1
320	312	1
346	312	1
371	312	1
396	312	1
423	312	1
450	312	1
474	312	1
500	312	1
527	312	1
554	312	1
581	312	0
610	312	0
638	312	0
668	312	0
694	312	0
721	312	0
745	312	0
769	312	0
796	312	0
818	312	0
845	312	1
866	312	1
888	312	1
913	312	1
933	312	1
960	312	1
984	312	1
1006	312	1
1030	312	1
11	335	0
36	335	0
60	335	0
84	335	0
108	335	0
133	335	0
158	335	0
179	337	0
208	335	0
237	335	1
266	335	1
290	335	1
320	335	1
346	335	1
371	335	1
396	335	1
423	335	1
450	335	1
474	335	1
500	335	1
527	335	1
554	335	1
581	335	1
610	335	1
638	335	1
668	335	1
694	335	0
721	335	0
746	333	0
770	333	0
796	335	0
820	335	0
845	335	0
866	335	0
888	335	1
913	335	1
937	336	0
959	337	0
984	335	1
1006	335	1
1030	335	1
11	358	1
35	358	1
60	358	1
84	358	1
108	358	0
133	358	0
157	358	0
183	358	0
208	358	0
237	358	0
264	359	0
290	359	0
321	360	0
343	361	0
371	358	1
396	358	1
423	358	1
450	358	1
474	358	1
500	358	1
527	358	1
554	358	1
581	358	1
610	358	1
638	358	1
668	358	1
694	358	1
721	358	1
745	358	1
769	358	1
796	358	0
820	358	0
845	358	0
866	358	0
888	358	1
913	358	1
933	358	1
960	358	1
984	358	1
1009	360	0
1030	358	0
11	387	1
35	387	1
60	387	1
84	387	1
108	387	1
133	387	1
157	387	1
183	387	1
208	387	0
237	387	0
266	387	0
287	386	0
320	387	0
346	387	0
371	387	0
396	387	0
423	387	0
450	387	0
474	387	0
500	387	1
527	387	1
554	387	1
581	387	1
610	387	1
638	387	1
668	387	1
694	387	1
721	387	1
745	387	1
769	387	1
796	387	1
820	387	1
845	387	1
866	387	1
888	387	1
913	387	0
933	387	1
960	387	1
984	387	1
1006	387	1
1030	387	1
11	406	1
35	406	1
60	406	1
84	406	1
108	406	1
133	406	1
157	406	1
183	406	1
208	406	1
237	406	1
266	406	1
290	406	1
320	406	0
346	406	0
371	406	0
396	406	0
423	406	0
450	406	0
474	406	0
500	406	0
527	406	0
552	406	0
581	406	1
610	406	1
638	406	1
668	406	1
694	406	1
721	406	1
745	406	1
769	406	1
796	406	1
820	406	1
845	406	1
866	406	1
888	406	1
913	406	1
933	406	1
964	408	0
984	406	0
1006	406	1
1030	406	1
11	434	1
35	434	1
60	434	1
84	434	1
108	434	1
133	434	1
157	434	1
183	434	1
208	434	1
237	434	1
266	434	1
290	434	1
320	434	1
346	434	1
371	434	1
396	434	1
427	435	0
452	435	0
472	434	0
502	431	0
527	434	0
554	434	0
581	434	0
610	434	0
638	434	0
668	434	0
696	431	0
721	434	1
745	434	1
769	434	1
796	434	1
820	434	1
845	434	1
866	434	1
888	434	1
913	434	1
933	434	1
960	434	1
984	434	1
1006	434	1
1030	435	0
11	457	0
35	457	0
60	457	0
84	457	0
108	457	1
133	457	1
157	457	1
183	457	1
208	457	1
237	457	1
266	457	1
290	457	1
320	457	1
346	457	1
371	457	1
396	457	1
423	457	1
450	457	1
474	457	1
500	457	1
527	457	1
554	457	0
578	454	0
612	454	0
640	458	0
671	458	0
694	457	0
721	457	0
745	457	0
769	457	0
796	457	0
824	457	1
845	457	1
866	457	1
888	457	1
916	458	0
932	458	0
960	457	1
984	457	1
1006	457	1
1030	457	1
11	477	0
35	477	0
60	477	0
84	477	0
108	478	0
129	480	0
156	480	0
184	480	0
208	477	1
237	477	1
266	477	1
290	477	1
320	477	1
346	477	1
371	477	1
396	477	1
423	477	1
450	477	1
474	477	1
500	477	1
527	477	1
554	477	1
581	477	1
610	477	1
638	477	1
668	474	0
694	476	0
719	477	0
745	477	0
769	477	0
796	477	0
820	477	0
845	477	0
866	477	0
888	477	1
913	477	1
933	477	1
960	477	1
988	476	0
1011	478	0
1030	477	1
11	502	1
35	502	1
60	502	1
84	502	0
108	502	0
133	502	0
157	502	0
183	502	0
208	502	1
237	502	1
266	502	1
290	502	1
320	502	1
346	502	1
371	502	1
396	502	1
423	502	1
450	502	1
474	502	1
500	502	1
527	502	1
554	502	1
581	502	1
610	502	1
638	502	1
668	502	1
694	502	1
721	502	1
745	502	1
769	502	1
796	502	1
820	502	1
845	502	0
866	502	0
888	502	1
913	502	1
933	502	1
960	502	1
984	502	1
1006	502	1
1030	502	1
11	522	1
35	522	1
60	522	1
84	522	1
108	522	1
133	522	1
160	522	0
184	523	0
208	522	0
237	523	0
262	523	0
290	523	0
322	524	0
346	523	0
371	522	0
396	526	0
424	522	0
450	522	1
474	522	1
500	522	1
527	522	1
554	522	1
581	522	1
610	522	1
638	522	1
668	522	1
694	522	1
721	522	1
745	522	1
769	522	1
796	522	1
820	522	1
845	522	0
865	521	0
888	522	1
913	522	1
933	522	1
957	522	0
984	522	1
1006	522	1
1030	522	1
11	542	1
35	542	1
60	542	1
84	542	1
108	542	1
133	542	1
157	542	1
183	542	1
208	542	1
237	542	1
266	542	1
296	541	0
318	544	0
344	541	0
376	542	0
403	542	0
426	541	0
450	542	0
474	542	0
502	539	0
527	542	0
554	542	1
581	542	1
610	542	1
638	542	1
668	542	1
694	542	1
721	542	1
745	542	1
769	542	1
796	542	1
820	542	1
845	542	1
866	542	1
888	542	1
913	542	1
933	542	1
960	542	1
984	542	1
1008	543	0
1030	542	0
11	565	1
35	565	1
60	565	1
84	565	1
108	565	1
133	565	1
157	565	1
183	565	1
208	565	1
237	565	1
266	565	1
290	565	1
320	565	1
346	565	1
371	565	1
394	564	0
423	565	0
450	565	0
474	565	0
500	565	0
527	565	0
553	566	0
579	566	0
610	567	0
635	564	0
668	565	1
694	565	1
721	565	1
745	565	1
769	565	1
796	565	1
820	565	1
845	565	1
866	565	1
888	565	1
911	564	0
933	565	0
960	565	1
984	565	1
1006	565	1
1030	565	1
8	590	0
36	589	0
60	585	1
84	585	1
108	585	1
133	585	1
157	585	1
183	585	1
208	585	1
237	585	1
266	585	1
290	585	1
320	585	1
346	585	1
371	585	1
396	585	1
423	585	1
450	585	1
474	585	1
500	585	0
528	585	0
552	584	0
581	585	0
610	585	0
638	585	0
668	585	0
693	587	0
716	585	0
745	585	0
769	585	1
796	585	1
820	585	1
845	585	1
866	585	0
888	585	1
913	585	1
933	585	1
960	585	1
984	585	0
1005	587	0
1030	585	1
11	611	0
35	611	0
60	611	0
84	611	0
108	611	0
133	611	0
157	611	1
183	611	1
208	611	1
237	611	1
266	611	1
290	611	1
320	611	1
346	611	1
371	611	1
396	611	1
423	611	1
450	611	1
474	611	1
500	611	1
527	611	1
554	611	1
581	611	1
612	609	0
639	609	0
671	608	0
692	608	0
721	611	0
745	611	0
769	611	0
793	612	0
820	611	0
845	611	0
864	608	0
888	611	1
913	611	1
933	611	1
960	611	1
984	611	1
1006	611	1
1030	611	0
11	638	0
35	638	0
60	638	0
84	638	0
108	638	0
133	638	0
157	638	0
183	638	1
208	638	1
237	638	1
266	638	1
290	638	1
320	638	1
346	638	1
371	638	1
396	638	1
423	638	1
450	638	1
474	638	1
500	638	1
527	638	1
554	638	1
581	638	1
610	638	1
638	638	1
668	638	1
694	638	1
721	638	1
745	638	1
769	638	1
796	638	1
820	638	0
845	638	0
866	638	0
888	638	1
913	638	1
933	638	1
960	638	1
984	638	1
1006	638	1
1030	638	1
12	662	0
34	661	0
59	660	0
89	662	0
111	663	0
133	664	0
157	664	0
183	664	0
208	664	0
237	664	0
266	664	0
290	664	0
320	664	0
346	664	0
371	664	0
396	664	1
423	664	1
450	664	1
474	664	1
500	664	1
527	664	1
554	664	1
581	664	1
610	664	1
638	664	1
668	664	1
694	664	1
721	664	1
745	664	1
769	664	1
796	664	1
820	664	0
845	664	0
866	664	0
888	664	1
913	664	1
933	664	1
960	664	1
984	664	1
1006	664	0
1030	664	0
11	685	1
35	685	1
60	685	1
84	685	1
108	685	1
133	685	1
154	684	0
183	685	0
208	685	1
237	685	0
266	685	0
290	685	0
320	685	0
346	685	0
371	685	0
396	685	0
423	685	0
450	685	0
474	685	0
500	685	1
527	685	1
554	685	1
581	685	1
610	685	1
638	685	1
668	685	1
694	685	1
721	685	1
745	685	1
769	685	1
796	685	1
820	685	1
845	685	1
866	685	1
895	686	0
910	685	0
933	685	1
960	685	1
984	685	1
1006	685	1
1030	685	1
