13	20	1
36	20	1
60	20	1
85	20	0
114	20	0
140	20	0
165	20	0
191	20	0
218	20	0
245	20	0
270	20	0
299	20	0
326	20	0
355	20	0
383	20	0
410	20	0
437	20	0
467	20	0
496	20	0
523	20	0
551	20	0
579	20	0
605	20	0
632	20	1
658	20	1
685	20	0
711	20	0
743	32	1
772	31	1
795	27	1
823	20	0
849	20	0
876	20	0
902	20	0
927	20	0
951	20	0
978	20	0
1005	20	0
1031	20	0
13	53	0
36	53	0
60	53	0
85	53	0
114	53	0
140	53	1
165	53	1
191	53	0
218	53	0
245	53	0
270	53	0
298	49	0
326	53	0
355	53	0
383	53	0
410	53	0
437	53	0
467	53	0
496	53	0
523	53	0
551	53	0
579	53	0
605	53	0
632	53	0
658	53	0
685	53	0
711	53	0
739	58	0
767	53	0
795	53	0
823	53	0
849	53	0
876	53	0
902	53	0
927	53	0
951	53	0
978	53	0
1005	53	0
1031	53	0
13	71	0
36	71	0
60	71	0
85	71	0
114	71	0
140	71	0
165	71	0
191	71	0
218	71	0
238	79	1
270	71	1
295	68	1
326	71	0
355	71	0
383	71	0
411	73	0
437	71	0
467	71	0
496	71	0
523	71	0
551	71	0
579	71	0
605	71	0
632	71	0
658	71	0
685	71	0
711	71	0
739	71	0
767	71	0
795	71	0
823	83	1
845	73	1
876	71	1
902	71	1
927	71	0
951	71	0
978	71	0
1005	71	0
1031	71	0
13	95	0
36	95	0
60	95	0
85	95	0
114	95	0
140	95	0
165	95	0
191	95	0
218	95	0
246	98	0
270	95	0
299	95	0
326	95	0
355	95	1
383	95	1
410	95	1
437	95	1
467	95	0
496	95	0
523	95	0
551	95	0
579	95	0
605	95	0
632	95	0
658	95	0
685	95	0
711	95	0
739	95	0
767	95	0
795	95	0
824	102	0
849	95	0
876	95	0
902	95	0
927	95	0
951	95	0
978	95	1
1005	95	1
1031	95	0
10	119	0
36	123	0
60	125	0
85	125	0
114	125	0
140	125	0
165	125	0
191	125	0
218	125	0
245	125	0
270	125	0
299	125	0
326	125	0
355	125	0
383	125	0
410	125	0
437	125	1
467	125	1
496	125	1
523	125	1
551	125	0
579	125	0
606	120	0
634	119	0
658	119	0
685	125	0
711	125	0
739	125	0
767	125	0
795	125	0
823	125	0
849	125	0
876	125	0
902	125	0
927	125	0
951	125	0
978	125	0
1005	125	0
1031	125	0
8	142	1
36	142	1
60	142	0
85	142	0
114	142	0
140	142	0
165	142	0
191	142	0
218	142	0
245	142	0
270	142	0
299	142	0
326	142	0
355	142	0
383	142	0
410	142	0
438	145	0
470	146	0
496	142	0
523	142	0
551	142	0
584	154	1
608	150	1
632	142	1
658	142	1
685	142	0
711	142	0
739	142	0
767	142	0
795	142	0
823	142	0
849	142	0
876	142	0
902	142	0
927	142	0
951	142	0
978	142	0
1005	142	0
1031	142	0
13	174	0
36	174	0
60	174	0
85	174	1
114	174	1
140	174	0
165	174	0
191	174	0
218	174	0
245	174	0
270	174	0
299	174	0
326	174	0
355	174	0
383	174	0
410	174	0
437	174	0
467	174	0
496	174	0
523	174	0
551	174	0
579	174	0
605	174	0
632	174	0
658	174	0
685	174	0
711	174	1
739	174	1
767	174	1
795	174	0
823	174	0
849	174	0
876	174	0
902	174	0
927	174	0
951	174	0
978	174	0
1005	174	0
1031	174	0
13	204	0
36	204	0
60	204	0
85	204	0
114	204	0
140	204	0
165	204	0
191	204	0
218	204	1
245	204	1
270	204	1
299	204	0
326	204	0
355	204	0
383	204	0
410	204	0
437	204	0
467	204	0
496	204	0
523	204	0
551	204	0
579	204	0
605	204	0
632	204	0
658	204	0
685	204	0
711	204	0
739	204	0
767	204	0
795	204	0
823	204	1
849	204	1
876	204	1
902	204	0
927	204	0
951	204	0
978	200	0
1004	199	0
1031	204	0
13	227	0
36	227	0
60	227	0
85	227	0
114	227	0
140	227	0
165	227	0
191	227	0
218	227	0
245	227	0
270	227	0
299	227	0
326	227	1
355	227	1
383	227	1
410	227	0
437	227	0
467	227	0
496	227	0
523	227	0
551	227	0
579	227	0
605	227	0
632	227	0
658	227	0
685	227	0
711	227	0
739	227	0
767	227	0
795	227	0
823	227	0
849	227	0
876	227	0
902	227	0
927	227	0
951	227	1
978	227	1
1005	227	1
1031	227	0
13	259	0
36	259	0
60	259	0
85	259	0
114	259	0
140	259	0
165	259	0
191	259	0
218	259	0
245	259	0
270	259	0
299	259	0
326	259	0
355	259	0
383	259	0
410	259	0
437	259	1
467	259	1
496	259	0
523	259	0
551	259	0
579	259	0
605	256	0
632	259	0
658	259	0
685	259	0
711	259	0
739	259	0
767	259	0
795	259	0
823	259	0
849	259	0
876	259	0
902	259	0
927	259	0
951	259	0
978	259	0
1005	259	0
1031	259	1
13	288	0
36	288	0
60	288	0
85	288	0
114	285	0
140	288	0
165	288	0
191	288	0
218	288	0
245	288	0
270	288	0
299	288	0
326	288	0
355	288	0
383	288	0
410	288	0
437	288	0
467	288	0
496	288	0
523	288	0
551	288	1
579	288	1
605	288	1
632	288	0
658	288	0
685	288	0
711	288	0
739	288	0
767	288	0
795	288	0
823	288	0
849	288	0
876	288	0
902	288	0
927	288	0
951	288	0
978	288	0
1005	288	0
1031	288	0
13	310	0
36	310	0
60	310	1
85	310	1
114	310	1
140	310	0
165	310	0
191	310	0
218	310	0
245	310	0
270	310	0
299	310	0
326	310	0
355	310	0
383	310	0
410	310	0
437	310	0
467	310	0
496	310	0
523	310	0
551	314	0
579	311	0
605	310	0
632	310	0
658	310	0
678	312	1
711	310	1
739	310	0
767	310	0
795	310	0
823	310	0
849	310	0
876	310	0
902	310	0
927	310	0
951	310	0
978	310	0
1005	310	0
1031	310	0
13	343	0
36	343	0
60	343	0
85	343	0
114	343	0
137	351	1
165	343	1
191	343	1
219	339	1
245	343	0
270	343	0
300	340	0
327	340	0
355	343	0
383	343	0
410	343	0
437	343	0
467	343	0
496	343	0
523	343	0
551	343	0
579	343	0
605	343	0
632	343	0
658	343	0
685	343	0
711	343	0
739	343	0
767	343	1
795	343	1
823	343	1
849	343	0
876	343	0
902	343	0
927	343	0
951	343	0
978	343	0
1005	343	0
1031	343	0
7	373	0
38	373	0
59	373	0
87	372	0
115	373	0
141	376	0
169	378	0
196	376	0
225	373	0
245	365	0
276	372	1
299	365	1
323	362	1
347	363	1
383	365	0
410	365	0
437	365	0
467	365	0
496	365	0
523	365	0
551	365	0
579	365	0
605	365	0
632	365	0
658	365	0
685	365	0
711	365	0
739	365	0
767	365	0
795	365	0
823	365	0
849	365	0
876	365	0
902	365	1
927	365	1
951	365	1
975	367	1
1005	365	0
1031	365	0
13	398	0
36	398	0
60	398	0
85	398	0
114	398	0
140	398	0
165	398	0
191	398	0
218	398	0
245	398	0
270	398	0
299	398	0
326	398	0
355	398	0
383	398	1
410	398	1
437	398	1
467	398	0
496	398	0
523	398	0
551	398	0
579	398	0
605	398	0
632	398	0
658	398	0
685	398	0
711	398	0
739	398	0
767	398	0
795	398	0
823	398	0
849	398	0
876	398	0
902	398	0
927	398	0
951	398	0
978	398	1
1005	398	1
1031	398	1
13	422	0
36	422	0
60	422	0
85	422	0
114	422	0
140	422	0
165	422	0
191	422	0
218	422	0
245	422	0
270	422	0
299	422	0
326	422	0
355	422	0
383	422	0
410	422	0
437	422	0
467	422	0
496	422	0
523	422	1
551	422	1
579	422	1
605	422	0
632	422	0
658	422	0
685	422	0
711	422	0
739	422	0
767	422	0
795	422	0
823	422	0
849	422	0
876	422	0
902	422	0
927	422	0
951	422	0
978	422	0
1005	422	0
1031	422	0
15	452	1
36	445	1
60	445	1
85	445	1
114	445	0
140	445	0
165	445	0
191	445	0
218	445	0
245	445	0
270	445	0
299	445	0
326	445	0
355	445	0
383	445	0
410	445	0
437	445	0
467	445	0
496	445	0
523	445	0
551	445	0
579	445	0
605	445	0
628	451	1
654	450	1
685	445	1
711	445	0
739	445	0
767	445	0
795	445	0
823	445	0
849	445	0
876	445	0
902	445	0
927	445	0
951	445	0
978	445	0
1005	445	0
1031	445	0
13	479	0
36	479	0
60	479	0
92	477	1
114	479	1
140	479	1
162	474	1
188	471	1
218	479	0
245	479	0
267	478	0
299	475	0
326	479	0
355	479	0
383	479	0
410	479	0
437	479	0
467	479	0
496	479	0
523	479	0
551	479	0
579	479	0
605	479	0
632	479	0
658	479	0
685	479	0
711	479	0
739	491	1
771	482	1
795	479	0
823	479	0
849	479	0
876	479	0
902	479	0
927	479	0
951	479	0
978	479	0
1005	479	0
1031	479	0
13	499	0
36	499	0
60	499	0
85	499	0
114	499	0
140	499	0
165	499	0
191	499	0
218	499	0
245	499	1
270	499	1
299	499	1
326	499	0
355	499	0
383	499	0
410	499	0
437	499	0
467	499	0
496	499	0
523	499	0
551	499	0
579	499	0
605	499	0
632	499	0
658	499	0
685	499	0
711	499	0
738	507	0
770	503	0
795	499	0
823	499	0
848	508	1
876	499	1
907	500	1
927	499	0
951	499	0
978	499	0
1005	499	0
1029	498	0
13	527	0
36	527	0
60	527	0
85	527	0
114	527	0
140	527	0
165	527	0
191	527	0
218	527	0
245	527	0
270	527	0
299	527	0
326	527	0
355	527	1
383	527	1
410	527	1
437	527	1
467	527	0
496	527	0
523	527	0
551	527	0
579	527	0
605	527	0
632	527	0
658	527	0
685	527	0
711	527	0
739	527	0
767	527	0
795	527	0
823	527	0
849	527	0
876	527	0
902	527	0
927	527	0
951	527	0
978	527	1
1005	527	1
1031	527	1
13	555	0
36	555	0
60	555	0
85	555	0
114	555	0
140	555	0
165	555	0
191	555	0
218	555	0
245	555	0
270	555	0
299	555	0
326	555	0
355	555	0
383	555	0
410	555	0
437	555	1
467	555	1
496	555	1
523	555	1
551	555	0
579	555	0
605	555	0
632	555	0
658	555	0
685	555	0
711	555	0
739	555	0
767	555	0
795	555	0
823	555	0
849	555	0
876	555	0
902	555	0
927	555	0
951	555	0
978	555	0
1005	555	0
1031	555	0
13	581	1
36	581	1
60	581	0
85	581	0
114	581	0
140	581	0
165	581	0
191	581	0
218	581	0
245	581	0
270	581	0
299	581	0
326	581	0
355	581	0
383	581	0
410	581	0
437	581	0
467	581	0
496	581	0
523	581	0
551	581	0
579	581	1
605	581	1
632	581	1
658	581	1
685	581	0
711	581	0
739	581	0
767	581	0
795	581	0
823	581	0
849	581	0
876	581	0
902	581	0
927	581	0
951	581	0
978	581	0
1005	581	0
1031	581	0
13	614	0
36	614	0
53	623	1
86	621	1
110	615	1
135	611	1
165	614	0
191	614	0
218	614	0
245	614	0
270	614	0
299	614	0
326	614	0
355	614	0
383	614	0
410	614	0
437	614	0
467	614	0
496	614	0
523	614	0
551	614	0
579	614	0
605	614	0
632	614	0
658	614	1
685	614	1
711	614	1
739	614	1
767	614	1
795	614	0
820	611	0
846	611	0
875	610	0
902	614	0
927	614	0
951	614	0
978	614	0
1005	614	0
1031	614	0
13	633	0
36	633	0
55	640	0
86	639	0
114	633	0
140	633	0
165	633	0
191	633	0
212	642	1
245	633	1
270	633	0
299	633	0
326	633	0
354	634	0
383	629	0
410	633	0
437	633	0
467	633	0
496	633	0
523	633	0
551	633	0
579	633	0
605	633	0
632	633	0
662	633	0
686	635	0
711	633	0
739	633	0
767	633	0
795	633	0
823	633	1
849	633	1
876	633	1
902	633	0
927	633	0
951	633	0
978	633	0
1005	633	0
1031	633	0
13	664	0
36	664	0
60	664	0
85	664	0
114	664	0
140	664	0
165	664	0
191	664	0
218	664	0
245	664	0
270	664	0
294	665	0
319	663	1
347	659	1
379	658	1
410	664	0
437	664	0
467	664	0
496	664	0
523	664	0
551	664	0
579	664	0
605	664	0
632	664	0
658	664	0
685	664	0
711	664	0
739	664	0
767	664	0
795	664	0
823	664	0
849	664	0
876	664	0
902	664	1
927	664	1
951	664	1
978	664	1
1005	664	1
1031	664	1
