21	14	1
44	14	0
69	14	0
95	14	1
118	14	0
144	14	0
169	14	0
194	14	0
221	14	0
247	14	0
273	14	0
300	14	1
324	14	1
349	14	0
376	14	0
401	14	0
426	14	0
451	14	0
473	14	0
498	14	0
523	14	0
551	14	0
576	14	0
602	14	0
620	15	0
650	14	1
673	14	0
697	10	0
718	14	1
740	14	0
765	14	0
787	14	0
805	14	0
825	14	0
846	14	0
866	14	0
890	14	1
906	14	1
928	14	0
951	14	1
977	14	0
1000	14	0
1025	14	0
21	63	0
44	63	1
69	63	0
95	63	0
118	63	0
144	63	0
169	63	0
194	63	0
221	63	0
247	63	1
273	63	0
300	63	0
324	63	0
349	63	0
376	63	1
401	63	0
426	63	0
451	63	1
473	63	0
498	63	0
523	63	0
551	63	0
576	63	0
602	63	0
622	52	1
650	63	0
673	63	0
697	63	0
718	63	0
740	63	0
765	63	0
787	63	0
805	63	0
825	63	0
846	63	0
866	63	0
890	63	0
906	63	0
928	63	0
951	63	0
977	63	1
1000	63	0
1025	63	0
21	103	0
44	103	0
69	103	0
95	103	0
118	103	0
144	103	0
169	103	0
194	103	1
221	103	0
247	103	0
273	103	1
300	103	0
324	103	0
349	103	0
376	103	1
401	103	0
426	103	0
451	103	0
473	103	1
498	103	0
523	103	0
553	88	1
576	103	0
602	103	0
625	103	0
650	103	0
673	103	0
697	103	0
718	103	0
740	103	0
765	103	0
787	103	0
805	103	0
825	103	0
846	103	0
866	103	1
890	103	0
906	103	0
921	94	1
950	104	0
977	103	0
1000	103	0
1025	103	0
21	138	1
44	138	0
69	138	0
95	138	0
118	138	0
144	138	1
169	138	0
194	138	0
222	146	1
247	138	0
273	138	0
300	138	0
324	138	0
349	138	0
376	138	0
401	138	0
426	138	0
451	138	0
473	138	0
498	138	0
523	138	0
551	138	0
576	138	1
602	138	0
637	127	1
650	138	0
673	138	0
697	138	0
718	138	0
740	138	0
765	138	1
787	138	0
805	138	0
825	138	0
846	138	0
866	138	0
890	138	0
906	138	0
928	138	1
951	138	1
977	138	0
1000	138	0
1025	138	0
21	172	0
44	172	0
69	172	0
95	172	0
118	172	0
144	172	0
169	172	0
194	172	0
221	172	0
247	172	0
273	172	0
300	172	0
324	172	0
349	172	0
381	169	1
401	172	0
430	168	1
451	172	0
473	172	0
498	172	1
523	172	0
551	172	0
576	172	0
602	172	1
625	172	0
650	172	0
673	172	0
697	172	0
718	172	0
740	172	0
765	172	0
787	172	0
805	172	0
825	172	0
846	172	1
866	172	1
890	172	0
906	172	0
928	172	0
951	172	0
977	172	0
1000	172	0
1025	172	0
21	200	0
44	200	0
69	200	0
95	200	0
118	200	0
144	200	1
169	200	1
194	200	0
221	200	0
247	200	0
273	200	1
300	200	0
330	199	1
349	200	0
376	200	0
401	200	0
426	200	0
451	200	0
473	200	1
498	200	0
523	200	0
551	200	0
576	200	0
602	200	0
625	200	0
650	200	0
673	200	0
697	200	0
718	200	0
740	200	0
765	200	0
787	200	0
805	200	0
825	200	0
846	200	0
866	200	0
890	200	0
906	200	0
928	200	0
951	200	0
977	200	0
1000	200	0
1025	200	0
21	233	0
47	234	1
69	233	0
95	233	0
118	233	0
144	233	0
169	233	0
194	233	0
221	233	0
247	233	0
273	233	0
300	233	0
324	233	0
349	233	0
376	233	0
401	233	0
426	233	0
451	233	0
473	233	0
498	233	0
523	233	0
551	233	0
576	233	0
602	233	0
625	233	0
650	233	0
673	233	0
697	233	0
718	233	0
740	233	0
765	233	0
787	233	0
805	233	0
825	233	0
841	229	1
866	233	0
890	233	0
909	230	1
928	233	0
951	233	0
977	233	0
1000	233	0
1025	233	0
21	267	0
44	267	0
69	267	0
95	267	0
118	267	0
144	267	0
169	267	0
194	267	0
221	267	0
251	260	1
273	267	0
300	267	0
324	267	0
349	267	0
376	267	1
401	267	0
426	267	0
451	267	0
473	267	0
498	267	1
523	267	0
551	267	0
576	267	0
602	267	0
625	267	0
650	267	0
673	267	1
697	267	0
718	267	0
740	267	0
765	267	0
787	267	0
805	267	0
825	267	0
846	267	0
866	267	0
890	267	0
906	267	0
928	267	0
951	267	1
977	267	0
1000	267	0
1025	267	0
21	300	0
44	300	0
69	300	0
95	300	0
118	300	0
144	300	0
169	300	1
194	300	1
221	300	0
247	300	0
273	300	1
300	300	0
324	300	0
349	300	0
376	300	0
401	300	1
426	300	0
451	300	0
473	300	0
498	300	0
523	300	0
551	300	0
576	300	0
602	300	0
625	300	0
650	300	0
673	300	0
697	300	0
718	300	0
740	300	0
765	300	0
787	300	0
805	300	0
825	300	0
846	300	0
866	300	0
890	300	0
906	300	0
928	300	0
951	300	0
977	300	0
1000	300	0
1025	300	0
21	328	0
44	328	0
69	328	0
95	335	1
118	328	0
144	328	0
169	328	0
194	328	0
221	328	0
247	328	0
273	328	0
300	328	0
324	328	0
349	328	0
376	328	0
401	328	1
426	328	0
451	328	1
473	328	0
498	328	0
523	328	1
551	328	0
576	328	1
602	328	0
625	328	0
650	328	0
673	328	0
697	328	0
718	328	0
740	328	0
765	328	0
787	328	0
805	328	0
825	328	1
846	328	1
866	328	0
890	328	0
906	328	0
928	328	0
951	328	0
977	328	0
1000	328	0
1025	328	1
22	380	1
44	377	0
69	377	0
95	377	0
115	375	0
144	368	0
165	370	0
196	356	1
222	363	0
247	361	1
273	377	0
297	374	0
317	362	1
343	366	0
363	363	1
398	371	0
426	377	0
451	377	0
473	377	1
498	377	0
523	377	0
551	377	0
576	377	0
602	377	0
625	377	0
650	377	0
673	377	1
697	377	1
718	377	0
740	377	0
765	377	0
787	377	0
805	377	0
825	377	0
846	377	1
866	377	1
890	377	0
906	377	0
928	377	0
951	377	0
977	377	1
1000	377	0
1025	377	1
21	408	0
43	409	0
69	408	0
95	408	0
118	408	0
144	408	1
169	408	0
194	408	0
221	408	0
247	408	0
273	408	0
300	408	1
324	408	0
349	408	0
377	417	1
401	408	0
422	417	1
451	408	0
473	408	0
498	408	0
523	408	0
551	408	0
576	408	1
602	408	0
625	408	0
650	408	0
673	408	0
697	408	0
718	408	0
740	408	0
765	408	0
787	408	0
805	408	0
825	408	0
846	408	0
866	408	0
890	408	0
906	408	0
928	408	1
951	408	0
977	408	1
1000	408	0
1025	408	0
16	440	0
42	435	1
69	444	0
95	444	0
118	444	0
144	444	0
169	444	1
194	444	0
221	444	1
247	444	0
273	444	1
300	444	0
324	444	0
349	444	0
376	444	0
401	444	0
426	444	0
451	444	0
473	444	0
498	444	0
523	444	0
551	444	0
576	444	0
602	444	0
625	444	0
650	444	0
673	444	0
697	444	1
718	444	1
740	444	0
765	444	0
787	444	0
805	444	1
825	444	0
846	444	0
866	444	0
890	444	0
906	444	0
928	444	0
951	444	0
977	444	0
1001	445	0
1025	444	0
21	469	0
44	469	0
70	469	0
95	469	0
118	469	0
144	469	0
169	469	0
194	469	0
221	469	0
247	469	0
273	469	0
300	469	0
324	469	0
349	469	0
376	469	0
401	469	0
426	469	1
451	469	0
473	469	0
498	469	0
523	469	0
551	469	0
576	469	0
602	469	0
625	469	1
650	469	0
673	469	0
697	469	0
718	469	0
740	469	0
765	469	0
787	469	0
805	469	0
825	469	0
846	469	0
866	469	0
890	469	0
906	469	0
928	469	0
951	469	0
977	469	1
1000	469	1
1025	469	1
21	497	0
43	499	0
69	497	1
95	497	0
118	497	0
144	497	0
169	497	0
194	497	0
221	497	0
247	497	1
273	497	0
300	497	0
324	497	0
349	497	0
376	497	0
401	497	0
426	497	1
451	497	0
473	497	0
498	497	0
523	497	0
551	497	0
576	497	0
602	497	0
625	497	0
647	496	1
673	497	0
697	497	1
718	497	0
740	497	0
765	497	0
787	497	1
805	497	1
825	497	1
846	497	0
866	497	0
890	497	0
906	497	0
928	497	0
951	497	0
977	497	0
1000	497	0
1025	497	0
21	531	0
44	531	0
69	531	1
95	531	1
118	531	1
144	531	1
169	531	1
194	531	1
221	531	0
247	531	0
273	531	0
300	531	0
324	531	0
349	531	0
376	531	0
401	531	0
426	531	1
451	531	1
473	531	1
498	531	1
523	531	1
551	531	1
576	531	0
602	531	0
625	531	0
640	527	1
673	531	0
697	531	0
718	531	0
740	531	0
765	531	0
785	528	0
805	531	0
825	532	0
849	531	0
865	529	0
890	531	0
906	531	0
928	531	0
951	531	0
977	531	0
1000	531	0
1025	531	1
13	562	0
33	562	0
62	564	0
95	566	0
118	566	0
141	563	0
169	566	1
194	566	1
221	566	1
247	566	1
273	566	1
300	566	1
324	566	0
349	566	0
376	566	0
401	566	0
426	566	0
451	566	0
473	566	0
498	566	0
521	565	0
545	564	0
577	563	0
600	566	0
625	566	0
650	566	0
673	563	0
697	566	0
718	566	0
740	566	0
765	566	0
791	560	1
810	562	1
825	565	1
849	563	1
874	567	1
897	566	1
914	568	1
931	566	0
951	566	0
977	566	0
1000	566	0
1025	566	0
13	592	1
37	593	1
63	591	1
91	588	0
124	590	0
143	592	0
163	595	0
189	595	0
221	597	0
247	597	0
273	597	1
300	597	1
324	597	1
349	597	1
376	597	1
401	597	1
426	597	1
451	597	0
473	597	0
498	597	0
523	597	1
551	597	1
576	597	1
602	597	1
625	597	1
649	589	1
673	590	1
697	594	0
714	591	0
738	595	0
764	595	0
787	597	0
805	597	0
825	597	0
845	595	0
866	597	1
890	597	1
906	597	1
928	597	1
951	597	1
977	597	1
1000	597	1
1025	597	1
13	621	0
44	622	1
69	622	1
95	622	1
118	622	1
145	617	1
169	616	1
194	615	0
221	616	0
247	616	0
272	619	0
301	621	0
324	623	0
350	623	0
375	624	0
401	629	1
427	628	1
451	622	1
473	622	1
498	622	1
523	622	1
551	622	0
574	621	0
602	623	0
625	622	1
650	622	1
673	622	1
697	622	1
718	622	1
740	622	1
765	622	1
787	622	1
806	617	0
823	618	0
846	619	0
866	622	0
888	619	0
905	623	0
929	625	0
951	627	0
978	623	0
1000	622	1
1025	622	1
15	651	1
41	651	1
67	644	0
87	644	0
117	643	0
145	643	1
167	641	1
190	642	1
219	640	1
245	641	1
273	641	1
304	640	0
323	640	0
349	642	0
367	642	0
404	652	0
423	655	0
448	652	0
477	652	0
499	651	0
523	649	1
551	649	1
576	649	1
602	649	1
625	649	1
650	649	1
673	650	0
698	647	0
716	649	0
740	649	1
765	649	1
787	649	1
805	649	1
825	649	1
846	649	1
866	649	1
890	649	1
906	649	1
934	643	0
952	647	0
977	648	0
1004	639	1
1025	636	1
21	681	1
44	681	1
69	681	1
95	681	1
118	681	1
144	681	1
167	677	0
194	681	0
221	681	0
252	676	1
273	673	1
298	675	1
323	672	1
349	671	1
373	671	1
394	669	1
422	679	0
451	681	1
473	681	1
498	681	1
523	681	0
551	681	0
574	679	0
602	681	0
625	681	1
650	681	1
673	681	1
697	681	1
718	681	1
740	681	1
768	682	0
787	681	0
806	679	0
827	679	0
847	675	1
865	672	1
889	671	1
909	675	1
929	674	1
951	681	1
977	681	1
1000	681	1
1025	681	1
