9	8	0
29	8	0
53	8	0
77	8	0
105	8	0
131	8	0
157	8	0
185	8	1
214	8	1
241	8	1
267	8	1
299	7	0
319	8	0
346	8	0
374	8	0
399	7	0
431	7	0
457	8	0
487	8	0
516	8	0
548	8	0
579	8	0
607	8	1
635	8	1
673	7	0
695	8	1
721	8	1
751	15	0
775	8	1
803	8	1
831	8	1
858	8	1
887	8	1
915	8	1
947	8	0
972	8	1
1000	8	1
1026	8	1
9	33	0
29	33	0
53	33	0
77	33	0
105	33	0
131	33	0
157	33	0
185	33	1
214	33	0
241	33	0
267	33	0
293	33	1
319	33	1
346	33	1
374	33	1
402	33	1
431	33	1
457	33	1
487	33	1
516	33	0
548	33	0
576	31	0
607	33	1
635	33	1
665	33	1
695	33	1
721	33	1
749	33	1
775	33	1
803	33	1
831	33	1
858	33	1
887	33	1
915	33	1
943	33	1
972	33	1
1000	33	1
1020	34	0
9	55	0
29	55	0
53	55	0
77	55	0
105	55	0
131	55	0
157	55	0
185	55	0
214	55	0
241	55	0
267	55	0
293	55	1
319	55	0
346	55	0
374	55	0
402	55	1
431	55	1
457	55	1
487	55	1
516	55	1
548	55	1
579	55	1
607	55	1
635	55	0
665	55	1
695	55	1
721	55	1
749	55	1
775	55	1
803	55	1
824	47	0
858	55	1
887	58	0
915	55	1
943	55	1
972	55	1
1000	55	1
1026	55	1
9	83	0
29	83	0
53	83	0
77	83	0
105	83	0
131	83	0
157	83	0
185	83	0
214	83	0
241	83	0
267	83	0
293	83	0
319	83	0
346	83	0
374	83	0
402	83	0
431	83	0
457	83	1
487	83	1
516	83	1
548	83	1
579	83	1
607	83	1
635	83	1
665	83	1
695	83	1
715	73	0
749	83	1
776	87	0
803	83	1
831	83	1
858	83	1
887	83	1
915	83	1
943	83	1
972	83	0
1000	83	1
1030	95	0
9	111	0
29	111	0
53	111	1
77	111	1
105	111	1
131	111	0
157	111	0
185	111	0
219	107	0
241	111	0
267	111	0
293	111	0
319	111	0
346	111	0
374	111	0
402	111	0
431	111	0
457	111	0
487	111	0
516	111	0
548	111	1
579	111	1
607	111	1
635	111	1
665	111	1
695	111	1
721	111	1
749	111	1
775	111	1
803	111	1
831	111	1
854	105	0
887	111	1
915	111	1
943	111	1
972	111	1
1000	111	1
1026	111	1
9	135	0
29	135	0
53	135	0
77	135	0
105	135	0
131	135	1
157	135	1
185	135	1
214	135	1
241	135	0
267	135	0
293	135	0
319	135	0
346	135	1
374	135	1
402	135	1
431	135	0
457	135	0
487	135	0
516	135	0
548	135	0
579	135	0
607	135	0
635	135	1
665	135	1
695	135	1
729	135	0
749	135	1
775	135	1
803	135	1
831	135	1
858	135	1
887	135	1
917	131	0
943	135	1
972	135	1
999	143	0
1026	135	1
9	160	0
29	160	0
53	160	0
77	160	0
105	160	0
130	163	0
161	163	0
185	160	0
214	160	0
241	160	1
267	160	1
293	160	1
319	160	1
346	160	1
374	160	1
402	160	1
431	160	1
457	160	1
487	160	1
516	160	1
548	160	1
579	160	1
607	160	0
635	160	1
665	160	1
695	160	1
721	160	1
749	160	1
775	160	1
805	159	0
831	160	1
858	160	1
887	160	1
915	160	1
943	160	1
972	160	1
1000	160	1
1026	160	1
9	180	0
29	180	0
53	180	0
77	180	0
105	180	0
131	180	0
157	180	0
185	180	0
214	180	0
241	180	1
267	180	1
293	180	1
319	180	1
346	180	1
374	180	1
402	180	1
431	180	1
457	180	1
487	180	1
516	180	1
548	180	1
579	180	1
607	180	0
635	180	1
665	180	1
687	179	0
721	180	1
749	180	1
775	180	1
803	180	1
831	180	1
858	180	1
883	175	0
915	180	1
950	187	0
972	180	1
1000	180	1
1026	180	1
9	216	0
29	216	0
53	216	0
77	215	1
105	216	0
131	216	0
157	216	0
185	216	0
214	216	0
241	216	0
267	216	0
293	216	0
319	216	0
346	216	0
374	216	0
402	216	1
431	216	1
457	216	1
487	216	1
516	216	1
548	216	1
579	216	1
607	216	1
635	224	0
665	216	1
695	216	1
721	216	1
749	216	1
765	207	0
803	216	1
823	219	0
858	216	1
887	216	1
915	216	1
943	216	1
972	216	1
1000	216	1
1027	214	0
10	259	1
32	255	1
53	248	1
77	247	1
103	247	1
131	247	0
157	247	0
185	247	0
214	247	0
241	247	0
267	247	0
293	247	0
319	247	0
346	247	0
374	247	0
402	247	0
431	247	0
457	247	0
487	247	0
516	247	0
548	247	0
579	247	1
607	247	1
635	247	1
665	247	1
695	247	1
716	247	0
749	247	1
775	247	1
803	247	1
831	247	1
858	247	1
895	241	0
915	247	1
943	247	1
972	247	1
1000	247	1
1026	247	1
11	281	0
29	277	0
53	277	0
77	277	1
105	277	1
131	277	1
157	277	1
185	277	1
214	277	1
241	277	1
267	277	1
293	277	1
319	277	0
346	277	0
374	277	0
402	277	0
431	277	0
457	277	0
487	277	0
516	277	0
548	277	0
579	277	0
607	277	1
635	277	1
665	277	1
695	277	1
721	277	1
749	277	1
775	277	1
791	271	0
831	277	1
858	277	1
887	277	1
915	277	1
943	277	1
972	277	1
1000	277	1
1026	277	1
9	298	0
29	298	0
53	298	0
77	298	1
105	298	1
133	308	0
156	304	0
184	305	0
215	303	1
241	298	1
267	298	1
293	298	1
319	298	1
346	298	1
374	298	1
402	298	1
431	298	1
457	298	1
487	298	1
516	298	1
548	298	0
579	298	0
607	298	1
635	298	1
665	298	1
695	298	1
721	298	1
749	298	1
775	298	1
803	298	1
831	298	1
859	293	0
887	298	1
915	298	1
943	298	1
972	298	1
1000	298	1
1026	298	1
9	328	0
29	328	0
53	328	0
77	328	1
105	328	1
131	328	0
157	328	0
185	328	0
213	329	0
241	328	1
267	328	1
293	328	1
319	328	1
346	328	1
374	328	1
402	328	1
431	328	1
457	328	1
486	320	1
514	320	1
551	323	0
578	322	0
611	335	0
635	328	1
665	328	1
695	328	1
721	328	1
749	328	1
775	328	1
811	337	0
831	328	1
858	328	1
887	328	1
915	328	1
943	328	1
972	328	1
1000	328	1
1019	326	0
9	351	0
29	351	0
53	351	0
77	351	1
105	351	1
131	351	0
157	351	0
185	351	0
214	351	0
236	351	1
267	351	1
293	351	1
319	351	1
346	351	1
374	351	1
402	351	1
431	351	1
457	351	1
487	351	1
516	351	1
548	351	1
579	351	1
607	351	1
635	351	1
665	351	1
693	359	0
721	351	1
749	351	1
775	351	1
803	351	1
831	351	1
858	351	1
887	353	0
915	351	1
943	351	1
972	351	1
1000	351	1
1026	351	1
9	383	1
29	383	1
53	383	1
77	383	1
105	383	1
131	383	0
157	383	0
185	383	0
214	383	0
241	383	0
267	383	0
293	383	0
319	383	0
346	383	0
374	383	0
402	383	0
431	383	0
457	383	1
487	383	1
516	383	1
548	383	1
579	383	1
607	383	1
635	383	1
665	383	1
695	383	1
721	383	1
749	383	0
775	383	1
803	383	1
831	383	1
858	383	1
887	383	1
915	383	1
949	379	0
972	383	1
1000	383	1
1026	388	0
9	413	0
29	413	0
53	413	1
77	413	1
105	413	1
131	413	1
157	413	1
185	413	1
214	413	1
241	413	1
267	413	1
293	413	0
319	413	0
346	413	0
374	413	0
402	413	0
431	413	0
457	413	0
487	413	0
516	413	0
548	413	1
579	413	1
607	413	1
635	413	1
665	413	1
695	413	1
721	413	1
749	413	1
775	413	1
803	413	1
839	408	0
858	413	1
899	423	0
915	413	1
943	413	1
972	413	1
1000	413	1
1026	413	1
9	442	0
29	442	0
53	442	0
77	442	0
105	442	1
131	442	1
157	442	1
185	442	1
214	442	1
241	442	1
267	442	1
293	442	1
319	442	1
346	442	1
374	442	1
402	442	1
431	442	1
457	442	1
487	442	1
516	442	0
548	442	0
579	442	0
607	442	1
635	442	1
665	442	1
695	442	1
719	436	0
749	442	1
775	442	1
797	448	0
831	442	1
858	442	1
887	442	1
915	442	1
943	442	1
972	442	1
988	444	0
1026	442	1
9	467	0
29	467	0
53	467	0
77	467	0
101	471	1
131	467	0
157	467	0
185	467	1
214	467	1
241	467	1
267	467	1
293	467	1
319	467	1
346	467	1
374	467	1
402	467	1
431	467	1
457	467	1
487	467	1
516	467	1
548	467	1
579	467	1
607	467	1
635	467	1
668	475	0
695	467	1
721	467	1
749	467	1
775	467	1
803	467	1
831	467	1
867	468	0
887	467	1
915	467	1
943	467	1
972	467	1
1000	467	1
1026	467	1
9	490	0
29	490	0
53	490	0
77	490	0
105	490	0
131	490	0
157	490	0
185	490	0
214	490	0
243	494	0
267	490	1
293	490	1
319	490	1
346	490	1
374	490	1
402	490	1
431	490	1
457	490	1
487	490	1
516	490	1
548	490	1
579	490	1
607	490	1
635	490	1
665	490	1
695	490	1
721	490	1
753	492	0
775	490	1
803	490	1
831	490	1
858	490	1
887	490	1
915	490	1
943	486	0
972	490	1
1000	490	1
1026	490	1
9	504	1
29	504	1
53	504	1
77	504	0
105	504	0
131	504	0
157	504	0
185	504	0
214	504	0
241	504	0
267	504	0
291	511	0
316	509	0
346	504	0
375	508	0
402	504	1
431	504	1
457	504	1
487	504	1
516	504	1
548	504	1
579	504	1
607	504	1
635	504	1
665	504	1
695	504	1
721	504	1
749	504	1
775	504	1
811	508	0
831	504	1
858	504	1
887	504	1
915	504	1
943	504	1
972	504	1
1000	504	1
1015	505	0
9	527	1
29	527	1
53	527	1
77	527	1
105	527	1
131	527	0
157	527	0
185	527	0
214	527	0
241	527	0
267	527	0
293	527	0
319	527	0
346	527	0
374	527	0
402	527	0
431	527	0
457	527	0
487	527	0
517	524	1
554	523	1
583	521	1
604	523	1
632	524	0
665	527	1
695	527	1
721	527	1
749	527	1
775	527	1
803	527	1
831	527	1
858	527	1
891	531	0
915	527	1
943	527	1
972	527	1
1000	527	1
1026	527	1
9	548	1
29	548	1
53	548	1
77	548	1
105	548	1
131	548	1
157	548	1
185	548	1
214	548	0
241	548	0
267	548	0
293	548	0
319	548	0
346	548	0
374	548	0
402	548	0
431	548	0
457	548	0
487	548	0
516	548	0
548	548	0
579	548	0
614	548	1
635	548	1
665	548	1
698	543	0
721	548	1
749	548	1
767	555	0
803	548	1
831	548	1
858	548	1
887	548	1
915	548	1
943	548	1
969	552	0
1000	548	1
1026	548	1
9	573	0
31	582	1
52	579	1
77	573	1
105	573	1
131	573	1
157	573	1
185	573	1
214	573	1
241	573	1
267	573	1
293	573	1
319	573	1
346	573	0
371	574	0
402	572	0
431	573	0
457	573	0
487	573	0
516	573	0
548	573	0
579	573	0
607	573	0
635	573	1
665	573	1
695	573	1
721	573	1
749	573	1
775	573	1
803	573	1
836	581	0
858	573	1
887	573	1
915	573	1
943	573	1
972	573	1
1000	573	1
1024	580	0
9	599	0
29	599	0
53	599	0
77	599	0
105	599	0
131	599	0
157	599	1
185	599	1
214	599	1
241	599	1
267	599	1
293	599	1
319	599	1
346	599	1
374	599	1
402	599	1
431	599	1
457	599	1
487	599	1
516	599	1
548	599	1
579	599	0
607	599	0
635	599	0
665	599	1
695	599	1
727	607	0
749	599	1
775	599	1
803	599	1
831	599	1
858	599	1
887	599	1
914	599	0
943	599	1
972	599	1
1000	599	1
1026	599	1
9	619	0
29	619	0
53	619	0
77	619	0
105	619	0
131	619	0
157	619	0
186	622	0
214	623	0
244	623	0
267	619	1
293	619	1
319	619	1
346	619	1
374	619	1
402	619	1
431	619	1
457	619	1
487	619	1
516	619	1
548	619	1
579	619	1
607	619	1
635	619	1
665	619	1
695	619	1
721	619	1
749	619	1
775	619	1
803	623	0
831	619	1
858	619	1
887	619	1
915	619	1
943	619	1
978	618	0
1000	619	1
1026	619	1
9	641	0
29	642	0
53	641	0
77	641	0
105	641	0
131	641	0
157	641	0
185	641	0
214	641	0
241	641	0
267	641	0
293	641	0
319	641	0
354	649	1
379	647	1
402	641	1
431	641	1
457	641	1
487	641	1
516	641	1
548	641	1
579	641	1
607	641	1
635	641	1
665	641	1
695	641	1
721	641	1
749	641	1
775	641	1
803	641	1
831	641	1
858	641	1
887	641	0
915	641	1
943	641	1
972	641	1
1000	641	1
1026	641	1
9	664	1
29	664	1
53	664	1
77	664	0
101	667	0
131	664	0
157	664	0
185	664	0
214	664	0
241	664	0
267	664	0
293	664	0
319	664	0
346	664	0
374	664	0
406	669	0
431	664	0
457	664	0
487	664	1
516	664	1
548	664	1
579	664	1
607	664	1
635	664	1
665	664	1
683	650	0
721	664	1
749	664	1
775	664	1
803	664	1
831	664	1
858	664	1
887	664	1
915	664	1
943	664	1
972	664	1
1000	664	1
1026	664	1
9	683	1
29	683	1
53	683	1
77	683	1
105	683	1
131	683	1
157	683	1
185	683	0
214	683	0
241	683	0
267	683	0
293	683	0
319	683	0
346	683	0
374	683	0
402	683	0
431	683	0
452	682	0
487	683	1
519	687	0
549	685	0
579	683	1
607	683	1
635	683	1
665	683	1
695	683	1
721	683	1
747	674	0
775	683	1
803	683	1
831	683	1
858	683	1
887	683	1
915	683	1
943	683	1
972	683	1
1000	683	1
1023	688	0
