8	12	1
31	12	1
55	12	1
78	12	0
101	12	1
125	12	1
149	12	1
172	12	1
195	12	1
220	15	1
242	12	1
266	12	1
288	12	1
311	12	1
334	12	1
357	12	1
386	12	0
403	12	1
424	12	1
445	12	0
466	12	0
487	12	0
507	12	0
527	12	0
548	12	0
569	12	0
590	12	0
612	12	0
634	12	0
653	12	0
674	12	1
696	12	1
718	12	1
739	12	0
760	12	0
785	12	0
808	12	0
831	12	0
853	12	0
875	12	0
896	12	0
918	12	0
940	12	0
963	12	0
984	12	0
1006	12	0
1027	12	0
8	38	1
31	38	1
55	38	1
78	38	1
101	38	1
128	37	0
149	38	0
172	38	1
195	38	1
219	38	1
242	38	1
266	38	1
288	38	1
311	38	1
334	38	1
357	38	1
381	38	1
403	38	1
424	38	1
445	38	0
466	38	0
487	38	0
507	38	0
527	38	0
548	38	0
569	38	0
590	38	0
612	38	0
634	38	0
653	38	0
674	38	0
696	38	0
718	38	0
739	38	0
760	38	0
785	38	1
808	38	1
831	38	1
853	38	1
875	38	1
897	38	0
918	38	0
940	38	0
963	38	0
984	38	0
1006	38	1
1027	38	1
8	57	1
31	57	0
53	58	0
78	57	1
101	57	1
125	57	1
149	57	1
172	57	1
195	57	1
217	65	0
242	57	1
266	57	1
288	57	1
311	57	1
334	57	0
354	56	0
381	57	1
403	57	1
424	57	1
445	57	0
466	57	0
487	57	0
507	57	0
527	57	0
548	57	0
569	57	0
590	57	0
612	57	0
634	57	0
653	57	0
674	57	0
696	57	0
718	57	0
739	57	0
760	57	0
785	57	1
808	57	1
831	57	1
853	57	1
875	57	1
901	59	0
918	57	0
940	57	0
963	57	0
984	57	0
1006	57	1
1027	57	1
8	83	1
31	83	1
55	83	1
78	83	1
101	83	0
125	83	0
149	83	1
172	83	1
195	83	1
219	83	1
242	83	1
266	83	1
288	83	1
311	83	1
334	83	1
357	83	1
381	83	1
403	83	0
424	86	1
445	83	0
466	83	0
487	83	0
507	83	0
527	83	0
548	83	0
569	83	0
590	83	0
612	83	0
634	83	0
653	83	0
674	83	0
696	83	0
718	83	0
739	83	0
760	83	0
785	83	0
808	83	0
831	83	0
861	89	1
874	88	1
894	88	1
914	86	1
933	86	1
963	83	0
984	83	0
1006	83	0
1027	83	0
6	106	0
31	110	1
55	110	1
78	110	1
101	110	1
125	110	1
149	110	1
172	113	0
195	112	1
219	110	1
242	110	1
266	110	1
287	103	0
311	110	1
334	110	1
357	110	1
381	110	1
403	110	1
424	110	0
445	110	0
466	110	0
487	110	1
507	110	1
527	110	1
548	110	1
569	110	0
590	110	0
612	110	0
634	110	0
653	110	0
674	110	0
696	110	0
718	110	0
739	110	0
760	110	0
785	110	0
808	110	0
831	110	0
853	110	0
874	113	0
895	113	0
916	114	0
941	109	0
962	104	0
987	107	0
1005	106	0
1028	108	0
8	131	1
31	131	1
52	129	0
76	129	1
101	131	1
125	131	1
149	131	1
172	131	1
195	131	1
219	131	1
245	137	0
266	131	1
288	131	1
311	131	1
334	131	1
357	128	0
379	129	0
403	131	1
424	131	0
445	131	0
466	131	0
487	131	0
507	131	0
528	130	0
548	131	0
569	131	0
590	131	0
612	131	0
634	131	1
653	131	1
674	131	0
696	131	0
718	131	0
739	131	0
760	131	0
785	131	0
808	131	0
831	131	0
853	131	0
875	131	0
896	131	0
918	131	0
940	131	1
963	131	1
984	131	1
1006	131	1
1027	131	1
8	159	1
31	159	1
55	159	1
78	159	1
107	162	0
128	156	0
149	159	1
172	159	1
195	159	1
219	159	1
242	159	1
266	159	1
288	159	1
311	159	1
334	159	1
357	159	1
381	159	1
403	159	1
424	159	0
445	159	0
466	159	0
487	159	0
507	159	0
527	159	0
548	159	0
569	159	0
590	159	0
612	159	1
634	159	1
653	159	1
674	159	0
696	159	0
718	159	0
739	159	0
760	159	0
785	159	0
808	159	0
831	159	0
853	159	0
875	159	0
896	159	0
918	159	0
940	159	0
963	159	0
984	159	0
1006	159	0
1027	159	0
7	175	0
31	179	1
55	179	1
78	179	1
101	179	1
125	179	1
149	179	1
172	179	1
194	183	0
219	179	1
242	179	1
266	179	1
288	179	1
311	179	0
331	178	0
357	179	1
381	179	1
403	179	1
424	179	0
445	179	0
466	179	0
487	179	0
507	179	0
527	179	0
548	179	0
569	179	0
590	179	0
612	179	0
634	179	0
653	179	0
674	179	0
696	179	0
718	179	0
739	179	1
760	179	1
785	179	0
808	179	0
831	179	0
853	179	0
877	179	0
896	179	0
918	179	0
940	179	0
963	179	0
981	178	0
1006	179	0
1024	178	0
8	201	1
31	201	1
59	201	0
80	202	0
101	201	1
125	201	1
149	201	1
172	201	1
195	201	1
219	201	1
242	201	1
266	201	1
288	201	1
311	201	1
334	201	1
357	201	1
385	204	0
405	207	0
424	201	0
445	201	0
466	201	0
487	201	0
507	201	0
526	201	0
548	201	0
569	201	0
590	201	0
612	201	0
634	201	0
653	201	0
674	201	0
696	201	0
718	201	0
739	201	0
760	201	0
785	201	0
808	201	0
831	201	0
851	213	1
873	207	1
898	206	1
918	201	1
940	201	1
963	201	0
984	201	1
1006	201	1
1027	201	1
8	228	1
31	228	1
55	228	1
78	228	1
101	228	1
128	229	0
149	229	0
172	228	1
195	228	1
219	228	1
242	228	1
266	228	1
288	228	1
311	228	1
334	228	1
357	228	1
381	228	1
403	228	1
424	228	0
445	228	1
466	228	1
487	228	1
507	228	1
527	228	1
548	225	0
569	228	0
590	228	0
612	228	0
634	228	0
653	228	0
674	228	0
696	228	0
718	228	0
739	228	0
760	228	0
785	228	0
808	228	0
831	228	0
854	234	0
874	232	0
891	230	0
915	236	1
936	233	1
963	228	0
984	228	0
1006	228	0
1027	228	0
8	253	1
31	253	0
52	252	0
78	253	1
101	253	1
125	253	1
149	253	1
172	253	1
195	253	0
222	256	0
242	253	1
266	253	1
288	253	1
311	253	1
331	250	0
357	253	1
381	253	1
403	253	1
424	253	0
445	253	0
466	253	0
487	253	0
507	253	0
527	253	0
548	253	0
569	253	0
590	253	0
612	253	0
634	253	0
653	253	0
674	253	0
696	253	0
718	253	0
739	253	0
760	253	0
785	253	0
808	253	0
831	253	0
853	253	0
875	253	0
896	253	0
921	258	0
943	255	0
963	253	0
984	252	0
1006	253	0
1027	253	0
8	276	1
31	276	1
55	276	1
78	276	1
106	280	0
125	276	1
149	276	1
172	276	1
195	276	1
219	276	1
242	276	1
266	276	1
288	276	1
311	276	1
334	276	1
357	276	1
381	276	1
406	274	0
424	276	0
445	276	0
466	276	0
487	276	0
507	276	0
529	285	1
549	283	1
570	283	1
589	276	1
608	274	1
634	276	0
653	276	0
674	276	0
696	276	0
718	276	0
739	276	0
760	276	0
785	276	0
808	276	0
831	276	0
853	276	0
875	276	0
896	276	0
918	276	0
937	283	1
959	281	1
980	281	1
998	279	1
1027	276	0
8	303	1
31	303	1
55	303	1
78	303	1
101	303	1
125	303	1
149	303	1
173	305	0
195	303	1
219	303	1
242	303	1
266	303	1
286	295	0
311	303	1
334	303	1
357	303	1
381	303	1
403	303	1
424	303	1
445	303	0
466	303	0
487	303	0
507	303	0
528	300	0
550	307	0
574	304	0
590	303	0
612	303	0
634	303	0
653	303	0
674	302	0
696	302	0
719	297	0
739	299	0
760	303	0
785	303	0
808	303	0
831	303	0
853	303	0
875	303	0
896	303	0
918	303	0
941	306	0
961	305	0
983	305	0
1006	303	0
1027	303	0
8	325	1
31	325	1
55	325	1
78	325	1
101	325	1
125	325	1
149	325	1
172	325	1
195	325	1
219	325	1
242	327	0
266	325	1
288	325	1
311	325	1
334	325	1
355	319	0
381	325	1
403	325	1
424	325	1
445	325	1
466	325	0
487	325	0
507	325	0
527	325	0
548	325	0
569	325	0
590	325	0
612	325	0
634	325	0
653	325	0
674	325	1
696	325	1
718	325	1
739	325	1
760	325	0
785	325	0
808	325	0
831	325	0
851	323	0
875	325	0
896	325	0
918	325	0
940	325	0
963	325	0
984	325	0
1006	325	0
1027	325	0
8	344	1
31	344	1
55	344	1
78	344	1
101	344	1
120	342	0
149	344	1
172	344	1
195	344	1
219	344	1
242	344	1
266	344	1
288	344	1
311	344	1
334	344	1
357	344	1
381	344	1
403	344	1
424	344	1
445	344	1
466	344	0
487	344	0
507	344	0
527	344	0
548	344	0
569	344	0
590	344	0
612	344	0
634	344	0
653	344	0
674	344	0
696	344	0
718	344	0
739	344	0
760	344	0
785	343	0
808	344	1
831	344	1
853	344	1
875	344	0
896	344	0
918	344	0
940	344	0
961	343	0
986	340	0
1002	343	0
1027	342	0
8	363	0
31	363	1
55	363	1
78	363	1
101	363	1
125	363	1
149	363	1
175	368	0
195	369	0
219	363	1
242	363	1
266	363	1
288	363	1
311	359	0
334	363	1
357	363	1
381	363	1
403	363	1
424	363	1
445	363	1
469	364	0
487	363	0
507	363	0
527	363	0
548	363	0
569	363	0
590	363	0
612	363	0
634	363	0
653	363	0
674	363	0
696	363	0
718	363	0
739	363	0
760	363	0
785	363	1
808	363	1
831	363	1
853	363	1
875	363	0
896	363	0
918	363	0
940	363	0
963	363	1
984	363	1
1005	370	1
1028	373	1
8	391	1
31	391	1
54	390	0
74	389	0
101	391	1
125	391	1
149	391	1
172	391	1
195	391	1
219	391	1
242	391	1
266	391	1
288	391	1
311	391	1
334	391	1
363	390	0
387	390	0
403	391	1
424	391	1
445	391	1
466	391	1
487	391	0
507	391	0
527	391	0
548	391	0
569	391	0
590	391	0
612	391	0
634	391	0
653	391	0
674	391	0
696	391	0
718	391	0
739	391	0
760	391	0
785	391	0
808	391	0
831	391	0
853	391	0
875	391	0
896	391	1
918	391	1
940	391	0
963	391	0
984	391	0
1008	393	0
1028	396	0
8	414	1
31	414	1
55	414	1
78	414	1
101	414	1
125	415	0
147	418	0
172	414	1
195	414	1
219	414	1
242	414	1
266	414	1
288	414	1
311	414	1
334	414	1
357	414	1
381	414	1
403	414	1
424	414	1
447	417	0
466	414	0
487	414	0
507	414	0
527	414	0
548	414	0
569	414	0
590	414	0
612	414	0
634	414	0
653	414	0
674	414	0
696	414	0
718	414	0
739	414	0
760	414	0
785	414	0
808	414	0
831	414	0
853	414	0
875	414	1
896	414	1
918	414	1
940	414	0
963	414	0
984	414	0
1006	414	0
1027	414	0
10	439	0
36	441	0
55	442	1
78	442	1
101	442	1
125	442	1
149	442	1
172	442	1
197	442	0
222	444	0
242	442	1
266	442	1
288	442	1
311	442	1
334	442	1
357	442	1
381	442	1
403	442	1
424	442	1
445	442	0
466	442	1
487	442	0
507	442	0
527	442	0
548	442	0
569	442	0
590	442	0
615	441	0
634	442	0
658	442	0
676	440	0
695	442	0
718	435	0
739	442	0
760	442	0
785	442	0
808	442	0
831	442	0
853	442	0
875	442	0
896	442	0
918	442	0
940	442	1
963	442	0
984	442	0
1006	442	0
1027	442	0
8	467	1
31	467	1
55	467	1
84	465	0
101	467	0
125	467	1
149	467	1
172	467	1
195	467	1
219	467	1
242	467	1
270	474	0
290	473	0
311	467	1
334	467	1
357	467	1
381	467	1
403	467	0
424	467	0
445	467	0
466	467	1
487	467	1
507	467	1
527	467	1
548	467	1
569	467	1
590	467	1
612	467	1
634	467	1
653	467	1
674	467	1
696	467	1
718	467	1
739	467	0
760	467	0
785	467	0
808	467	0
831	467	0
853	467	0
875	467	0
896	467	0
918	467	0
940	467	0
963	467	0
984	467	0
1006	467	0
1027	467	0
8	491	1
31	491	1
55	491	1
78	491	1
101	491	1
125	491	1
153	493	0
173	493	0
195	491	1
219	491	1
242	491	1
266	491	1
288	491	1
311	491	1
334	491	1
357	491	1
381	491	1
403	491	1
424	491	1
445	491	1
466	491	1
485	489	0
506	490	0
526	492	0
544	491	0
570	488	0
590	491	0
609	494	0
638	492	0
658	492	0
675	490	0
698	492	0
718	491	1
743	489	0
763	488	0
783	486	0
806	486	0
827	489	0
854	489	0
875	491	0
896	491	0
918	491	0
940	491	0
963	491	0
984	491	0
1006	491	0
1027	491	0
8	519	1
33	514	0
55	519	1
78	519	1
101	519	1
125	519	1
149	519	1
172	519	1
195	519	1
224	522	0
244	520	0
266	519	1
288	519	1
311	519	1
334	519	1
358	511	0
381	519	1
403	519	1
424	519	1
445	519	1
466	519	1
487	519	1
507	519	1
527	519	1
548	519	1
569	519	1
586	512	1
612	519	0
634	519	0
653	519	0
674	519	0
696	519	0
716	512	1
742	510	1
761	515	1
782	513	1
804	510	1
828	511	1
853	507	1
875	519	0
896	519	0
918	519	0
940	519	0
963	519	0
984	519	0
1006	519	0
1027	519	0
8	546	1
31	546	1
55	546	1
78	546	1
101	546	0
124	545	0
149	546	1
172	546	1
195	546	1
219	546	1
242	546	1
266	546	1
288	546	1
311	546	1
334	546	1
357	546	1
381	546	1
403	546	1
424	546	1
445	546	1
466	546	1
487	546	1
507	546	0
527	546	0
552	543	1
569	546	1
590	546	1
612	546	1
637	546	0
653	546	0
674	546	0
696	546	0
718	546	0
739	546	0
760	546	0
785	546	0
808	546	0
831	546	1
853	546	1
875	546	1
896	546	1
918	546	1
940	546	1
963	546	1
984	546	1
1006	546	1
1027	546	0
8	572	1
31	572	1
55	572	1
78	572	1
101	572	1
125	572	1
149	572	1
174	571	0
194	573	1
219	572	1
242	572	1
266	572	1
288	572	1
311	572	1
334	572	1
357	572	1
381	572	1
403	572	1
424	572	1
445	572	1
466	572	1
487	572	1
505	568	0
527	572	0
548	572	0
569	572	0
590	572	1
612	572	1
634	572	1
653	572	1
674	572	1
696	572	1
718	572	1
741	571	0
760	572	0
785	572	0
808	572	0
831	573	0
853	572	1
875	572	1
896	572	1
918	572	1
940	572	1
963	572	1
984	572	1
1006	572	1
1027	572	0
8	590	1
31	590	1
58	586	0
78	590	1
101	590	1
125	590	1
149	590	1
172	590	1
195	590	1
219	590	1
244	594	0
266	597	0
288	590	1
311	590	1
334	590	1
357	590	1
381	583	0
403	590	1
424	590	1
445	590	1
466	590	1
487	590	1
507	590	1
527	590	1
548	590	1
569	590	1
590	590	1
612	590	1
634	590	1
653	590	1
674	590	1
696	590	1
718	590	1
739	590	0
760	590	0
785	590	0
808	590	0
831	590	0
853	590	0
875	590	0
896	590	0
918	590	0
940	590	0
963	590	0
984	590	0
1006	590	0
1027	590	0
8	610	1
31	610	1
55	610	1
78	610	1
101	610	1
121	609	0
148	609	0
172	610	1
195	610	1
219	610	1
242	610	1
266	610	1
288	610	1
311	613	0
333	619	0
357	610	1
381	610	1
403	610	1
424	610	1
445	610	1
466	610	1
487	610	1
507	610	1
527	610	1
548	610	1
569	610	1
590	610	1
612	610	1
634	610	1
653	610	1
674	610	0
696	610	0
718	610	0
739	610	0
760	610	0
785	610	0
808	610	0
831	610	0
853	610	0
875	610	0
896	610	0
918	610	0
940	610	0
963	610	0
984	610	0
1006	610	0
1027	610	0
8	634	0
34	634	0
55	634	1
78	634	1
101	634	1
125	634	1
149	634	1
172	634	1
195	634	0
219	634	0
242	634	1
266	634	1
288	634	1
311	634	1
334	634	1
357	634	1
384	636	0
408	637	0
424	634	1
445	634	1
469	632	0
490	633	0
504	633	0
520	630	0
548	634	0
569	634	0
589	634	0
612	634	0
634	634	1
653	634	1
674	634	1
696	634	1
718	634	0
739	634	0
760	634	0
785	634	0
808	634	0
826	632	1
853	634	0
875	634	0
896	634	0
918	634	0
940	634	0
963	634	0
984	634	0
1006	634	0
1027	634	0
8	656	1
31	656	1
55	656	1
78	656	1
105	657	0
125	656	1
149	656	1
172	656	1
195	656	1
219	656	1
242	656	1
266	659	0
288	663	0
311	656	1
334	656	1
357	656	1
387	652	0
406	654	0
424	656	1
445	656	1
466	656	1
487	656	1
507	656	1
527	656	1
548	656	1
569	656	1
590	656	1
612	656	1
634	655	0
653	656	1
674	656	1
696	656	1
718	656	1
739	656	1
760	656	1
785	656	1
808	656	1
831	656	1
853	656	1
875	656	0
894	656	0
916	655	0
940	656	0
963	656	0
984	656	0
1006	656	0
1027	656	0
8	682	1
31	682	1
55	682	1
78	682	1
101	682	1
125	682	1
151	682	0
172	685	0
195	682	1
219	682	1
242	682	1
266	682	1
288	682	1
311	682	1
334	682	1
357	682	1
381	682	1
403	682	1
424	682	1
445	682	1
466	682	0
487	682	0
507	682	0
527	682	0
548	682	1
569	682	1
590	682	1
609	681	0
633	682	0
653	682	0
674	682	0
696	682	0
716	681	0
739	682	0
760	682	1
785	682	1
808	682	1
831	682	1
853	682	0
875	682	0
896	682	1
918	682	1
941	680	0
963	682	0
984	682	0
1009	682	0
1027	682	0
