7	15	0
27	15	0
49	15	0
72	15	0
96	15	0
121	15	0
144	15	1
171	15	1
195	15	1
220	15	1
245	15	1
270	15	1
295	15	0
320	15	0
346	15	0
371	15	0
396	15	0
422	15	0
447	15	0
471	15	0
497	15	1
521	15	1
549	29	1
571	22	1
598	15	1
622	15	1
650	14	0
678	13	0
700	10	0
724	15	0
751	15	0
778	15	0
804	15	0
832	15	0
855	15	0
881	15	1
908	15	1
935	15	1
964	15	1
993	15	1
1019	15	1
7	37	1
27	37	1
49	37	0
72	37	0
96	37	0
121	37	0
144	37	0
171	37	0
195	37	1
220	37	1
245	37	1
270	37	1
295	37	1
320	37	1
346	37	1
371	37	0
396	37	0
422	37	0
447	37	0
471	37	0
497	37	0
521	37	0
539	44	0
571	40	0
598	37	0
622	37	1
648	37	1
675	37	1
700	37	1
724	37	1
751	37	1
778	37	0
804	37	0
832	37	0
855	37	0
881	37	0
908	37	0
935	37	0
964	37	1
993	37	1
1019	37	1
7	62	1
27	62	1
49	62	1
72	62	1
96	62	1
121	62	0
144	62	0
171	62	0
195	62	0
220	62	0
245	62	0
270	62	1
295	62	1
320	62	1
346	62	1
371	62	1
396	62	1
422	62	0
447	63	0
471	62	0
497	62	0
521	62	0
547	62	0
573	62	0
598	62	0
623	66	0
648	62	0
675	62	1
700	62	1
724	62	1
751	62	1
778	62	0
804	62	1
832	62	1
855	62	1
881	62	0
908	62	0
935	62	0
964	62	0
993	62	0
1019	62	1
7	84	1
27	84	1
49	84	1
72	84	1
96	84	1
121	84	1
144	84	0
171	84	0
195	84	0
220	84	0
245	84	0
270	84	0
295	84	0
320	84	0
346	84	1
371	84	1
396	84	1
422	84	1
447	84	1
471	84	1
497	84	0
521	84	0
547	84	0
573	84	0
598	84	0
622	84	0
648	84	0
675	84	0
700	84	0
724	84	0
751	84	1
778	84	1
804	84	1
832	84	1
855	84	1
881	84	1
908	84	1
935	84	0
964	84	0
993	84	0
1019	84	0
7	109	1
27	109	1
49	109	1
72	109	1
96	109	1
121	109	1
144	109	1
171	109	1
195	109	1
220	109	0
245	109	0
270	109	0
295	109	0
320	109	0
346	109	0
371	109	0
396	109	0
422	109	1
447	109	1
471	109	1
497	109	1
521	109	1
547	109	1
573	109	1
598	109	0
622	109	0
648	109	0
675	109	0
700	109	0
724	109	0
751	109	0
778	109	0
804	109	1
832	109	1
855	109	1
881	109	1
908	109	1
935	109	1
964	109	0
993	109	0
1019	109	0
7	132	0
27	132	0
49	132	0
72	132	1
96	132	1
121	132	1
144	132	1
171	132	1
195	132	1
220	132	1
245	132	1
270	132	0
295	132	0
320	132	0
346	132	0
371	132	0
396	132	0
422	132	0
447	132	0
471	132	1
497	132	1
521	132	1
547	132	1
573	132	1
598	132	1
622	132	0
646	133	0
675	130	0
700	132	0
724	132	0
751	132	0
778	132	0
804	132	0
832	132	0
855	132	0
881	132	1
908	132	1
935	132	1
964	132	1
993	132	1
1019	132	1
8	151	0
27	151	0
49	151	0
72	151	0
96	151	0
121	151	0
144	151	0
171	151	1
195	151	1
220	151	1
245	151	1
270	151	1
295	151	1
320	151	1
346	151	0
371	151	0
396	151	0
422	151	0
447	151	0
471	151	0
497	151	0
521	151	1
547	151	1
573	151	1
598	151	1
622	151	1
648	151	1
675	151	1
700	151	0
724	147	0
751	151	0
778	151	0
804	151	0
832	151	0
855	151	0
883	151	0
908	151	0
935	151	0
964	151	1
993	151	1
1019	151	1
7	171	1
29	171	0
49	171	0
72	171	0
96	171	0
121	171	0
144	171	0
171	171	0
195	171	1
220	171	1
245	171	1
270	171	1
295	171	1
320	171	1
346	171	1
371	171	1
396	171	1
422	171	0
447	171	0
471	171	0
497	171	0
521	171	0
547	171	0
573	171	0
598	171	1
622	171	1
648	171	1
675	171	1
700	171	1
724	171	1
756	173	0
777	168	0
809	170	0
832	171	0
855	171	0
881	171	0
908	171	0
935	171	0
964	171	1
993	171	1
1019	171	1
7	191	1
27	191	1
49	191	1
72	191	1
96	191	0
121	191	0
144	191	0
171	191	0
195	191	0
220	191	0
245	193	0
269	194	0
295	191	0
320	191	1
346	191	1
371	191	1
396	191	1
422	191	1
447	191	1
471	191	1
497	191	0
521	191	0
547	191	0
573	191	0
598	191	0
622	191	0
648	191	0
675	191	1
700	191	1
724	191	1
751	191	1
778	191	1
804	191	1
831	194	0
851	189	0
881	191	0
908	191	0
935	191	0
966	194	0
993	191	1
1019	191	1
7	207	1
27	207	1
49	207	1
72	207	1
96	207	1
121	207	1
144	207	1
171	207	0
195	207	0
220	207	0
245	207	0
270	207	0
295	207	0
320	207	1
346	207	1
371	207	1
396	207	1
422	207	1
447	207	1
471	207	1
497	207	1
521	207	1
547	207	0
573	207	0
598	207	0
622	207	0
648	207	0
675	207	0
700	207	0
724	207	1
751	207	1
778	207	1
804	207	1
832	207	1
855	207	1
881	207	1
908	207	0
935	207	0
963	209	0
993	207	0
1019	207	0
7	229	1
27	229	1
49	229	1
72	229	1
96	229	1
121	229	1
144	229	1
171	229	1
195	229	1
220	229	0
245	229	0
270	229	0
295	229	0
320	229	0
346	229	0
371	229	0
393	232	0
422	229	0
447	229	1
471	229	1
497	229	1
521	229	1
547	229	1
573	229	1
598	229	0
622	229	0
648	229	0
675	229	0
700	229	0
724	229	0
751	229	0
778	229	1
804	229	1
832	229	1
855	229	1
881	229	1
908	229	1
935	229	1
964	229	1
993	229	0
1019	229	0
7	253	0
27	253	0
49	253	0
72	253	1
96	253	1
121	253	1
144	253	1
171	253	1
195	253	1
220	253	1
245	253	1
270	253	1
295	253	0
320	253	0
346	253	0
371	253	0
396	253	0
422	253	0
447	253	1
471	253	1
497	253	1
521	253	1
547	253	1
573	253	1
598	253	1
622	253	1
648	253	1
675	253	1
700	253	0
724	253	0
751	253	0
778	253	0
804	253	0
832	253	0
855	253	1
881	253	1
908	253	1
935	253	1
964	253	1
993	253	1
1019	253	1
7	271	0
27	271	0
49	271	0
72	271	0
96	271	0
121	271	1
144	271	1
171	271	1
195	271	1
220	271	1
245	271	1
270	271	1
295	271	1
320	271	0
346	271	0
371	271	0
396	271	0
422	271	0
447	271	0
471	271	0
497	271	1
521	271	1
547	271	1
573	271	1
598	271	1
622	271	1
648	271	1
675	271	1
700	271	1
724	271	1
757	271	0
775	272	0
804	271	0
832	271	0
855	271	0
881	271	1
908	271	1
935	271	1
964	271	1
993	271	1
1019	271	1
7	291	1
27	291	1
49	291	0
73	291	0
96	291	0
121	291	0
141	295	0
171	294	0
195	291	0
220	291	1
245	291	1
270	291	1
295	291	1
320	291	1
346	291	1
371	291	1
396	291	0
422	291	0
447	291	0
471	291	0
497	291	0
521	291	0
547	291	0
568	293	0
598	295	0
622	291	0
648	291	1
675	291	1
700	291	1
724	291	1
751	291	1
778	291	1
804	291	1
832	291	0
855	291	0
881	291	0
910	291	0
935	291	0
964	291	0
993	291	1
1019	291	1
7	317	1
27	317	1
49	317	1
72	317	1
97	315	0
124	319	0
144	317	0
171	317	0
195	317	0
220	317	0
245	317	0
270	317	0
295	317	1
320	317	1
346	317	1
371	317	1
396	317	1
422	317	1
447	317	1
471	317	0
497	317	0
521	317	0
547	317	0
573	317	0
598	317	0
622	317	0
648	317	0
675	317	0
700	317	1
724	317	1
751	317	1
778	317	1
804	317	1
832	317	1
855	317	1
881	317	1
908	317	0
935	317	0
964	317	0
993	317	0
1019	317	0
7	346	1
27	346	1
49	346	1
72	346	1
96	346	1
121	346	1
144	346	1
171	346	1
195	346	0
220	346	0
245	346	0
270	346	0
295	346	0
320	346	0
346	346	0
371	346	1
396	346	1
422	346	1
447	346	1
471	346	1
497	346	1
521	346	1
547	346	1
573	346	1
598	346	0
622	346	0
648	346	0
675	346	0
700	346	0
724	346	0
747	345	0
778	346	1
804	346	1
832	346	1
855	346	1
881	346	1
908	346	1
935	346	1
964	346	0
993	346	0
1019	346	0
7	360	1
27	360	1
49	360	1
72	360	1
96	360	1
121	360	1
144	360	1
171	360	1
195	360	1
220	360	1
245	360	1
270	360	0
295	360	0
320	360	0
346	360	0
371	360	0
396	360	0
422	360	0
447	360	1
471	360	1
497	360	1
521	360	1
547	360	1
573	360	1
598	360	0
622	360	0
651	361	0
675	360	0
700	360	0
724	360	0
751	360	0
778	360	0
804	360	1
832	360	1
855	360	1
881	360	1
908	360	1
935	360	1
964	360	1
993	360	1
1019	360	0
7	378	0
27	378	0
49	378	0
72	378	1
96	378	1
121	378	1
144	378	1
171	378	1
195	378	1
220	378	1
245	378	1
270	378	1
295	378	1
320	378	1
346	378	0
371	378	0
396	378	0
422	378	0
447	378	0
471	378	0
497	378	1
521	378	1
547	378	1
573	378	1
598	378	1
622	378	1
648	378	1
675	378	0
700	378	0
724	378	0
751	378	0
778	378	0
805	379	0
831	380	0
855	378	0
881	378	1
908	378	1
935	378	1
964	378	1
993	378	1
1019	378	0
7	398	0
27	398	0
49	398	0
72	398	0
96	398	0
121	398	1
144	398	1
171	398	1
195	398	1
220	398	1
245	398	1
270	398	1
295	398	1
320	398	1
346	398	1
371	398	0
396	398	0
422	398	0
447	398	0
471	398	0
497	398	0
521	398	0
547	398	1
573	398	1
598	398	1
622	398	1
648	398	1
675	398	1
700	398	1
724	398	0
752	396	0
778	396	0
804	398	0
832	398	0
855	398	0
884	399	0
908	398	0
935	398	0
964	398	1
993	398	1
1019	398	1
7	423	1
27	423	1
49	423	1
72	423	1
96	423	0
121	423	0
144	423	0
171	423	0
195	423	1
220	423	1
245	423	1
270	423	1
295	423	1
320	423	1
346	423	1
371	423	1
396	423	1
422	423	1
447	423	0
471	423	0
497	423	0
521	423	0
547	423	0
573	423	0
598	423	0
622	423	1
648	423	1
675	423	1
700	423	1
724	423	1
751	423	1
778	423	1
804	423	1
832	423	1
855	423	1
881	423	0
908	423	0
935	423	0
964	423	0
993	423	1
1019	423	1
7	438	1
27	438	1
49	438	1
72	438	1
96	438	1
121	438	0
144	438	0
171	440	0
195	438	0
220	438	0
245	438	0
270	438	1
295	438	1
320	438	1
346	438	1
371	438	1
396	438	1
422	438	1
447	438	1
471	438	1
497	438	0
521	438	0
547	438	0
573	438	0
598	438	0
622	438	0
648	438	0
675	438	0
700	438	1
724	438	1
751	438	1
778	438	1
804	438	1
832	438	1
855	438	1
885	438	0
911	439	0
935	438	0
964	438	0
993	438	0
1019	438	0
7	459	1
27	459	1
49	459	1
72	459	1
96	459	1
121	459	1
144	459	1
171	459	1
195	459	0
220	459	0
245	459	0
270	459	0
295	459	0
320	459	0
346	459	1
371	459	1
396	457	1
422	459	1
447	459	1
471	459	1
497	459	1
521	459	1
547	459	1
573	459	0
598	459	0
622	459	0
648	459	0
675	459	0
700	459	0
724	459	1
751	459	1
778	459	1
804	459	1
832	459	1
855	459	1
881	459	1
908	459	1
935	459	0
964	459	0
993	459	0
1019	459	0
7	486	0
27	486	0
49	486	1
72	486	1
96	486	1
121	486	1
144	486	1
171	486	1
195	486	1
220	486	1
245	486	0
270	486	0
295	486	0
320	486	0
346	486	0
371	486	0
396	486	0
422	486	0
447	486	0
471	486	1
497	486	1
521	486	1
547	486	1
573	486	1
598	486	1
622	486	1
648	486	0
675	486	0
700	486	0
724	486	0
751	486	0
778	486	0
804	486	1
832	486	1
855	486	1
881	486	1
908	486	1
935	486	1
964	486	1
993	486	1
1019	486	0
7	505	0
27	505	0
49	505	0
72	505	0
96	505	1
121	505	1
144	505	1
171	505	1
195	505	1
220	505	1
245	505	1
270	505	1
295	505	1
320	505	0
346	505	0
371	505	0
396	505	0
422	505	0
447	505	0
471	505	1
497	505	1
521	505	1
547	505	1
573	505	1
598	505	1
622	505	1
648	505	1
675	505	1
700	505	1
724	505	0
751	505	0
778	505	0
804	505	0
832	505	0
855	505	0
881	505	1
908	505	1
935	505	1
964	505	1
993	505	1
1019	505	1
6	523	0
29	523	0
49	523	0
72	523	0
96	523	0
121	523	0
144	523	1
171	523	1
195	523	1
220	523	1
245	523	1
270	523	1
295	523	1
320	523	1
346	523	1
371	523	0
396	523	0
422	523	0
447	523	0
471	523	0
497	523	0
521	523	1
547	523	1
573	523	1
599	522	1
622	523	1
648	523	1
675	523	1
700	523	1
724	523	1
751	523	1
778	523	0
804	523	0
832	523	0
855	523	0
881	523	0
908	523	0
935	523	1
964	523	1
993	523	1
1019	523	1
7	547	1
27	547	1
49	547	0
72	547	0
96	547	0
121	547	0
144	547	0
171	547	0
195	547	0
220	547	1
245	547	1
270	547	1
295	547	1
320	547	1
346	547	1
371	547	1
396	547	1
422	547	0
447	547	0
471	547	0
497	547	0
521	547	0
547	547	0
573	547	0
598	547	0
622	547	0
648	547	1
675	547	1
700	547	1
724	547	1
751	547	1
778	547	1
804	547	1
832	547	1
855	547	0
881	547	0
908	547	0
935	547	0
964	547	0
993	547	0
1019	547	1
7	570	1
27	570	1
49	570	1
72	570	1
99	567	0
117	571	0
144	570	0
171	570	0
195	570	0
220	570	0
245	570	0
270	570	0
295	570	1
320	570	1
346	570	1
371	570	1
396	570	1
422	570	1
447	570	1
471	570	1
497	570	0
521	570	0
547	570	0
573	570	0
598	570	0
622	570	0
648	570	0
675	570	0
700	570	1
724	570	1
751	570	1
778	570	1
804	570	1
832	570	1
855	570	1
881	570	1
908	570	1
935	570	0
964	570	0
993	570	0
1019	570	0
7	592	1
27	592	1
49	592	1
72	592	1
96	592	1
121	592	1
144	592	1
171	592	0
195	592	0
220	592	0
245	592	0
270	592	0
295	592	0
320	592	0
346	592	0
371	592	1
396	592	1
422	592	1
447	592	1
471	592	1
497	592	1
521	592	1
547	592	0
573	592	0
598	592	0
622	592	0
648	592	0
675	592	0
705	595	0
723	593	0
752	595	0
778	592	1
804	592	1
832	592	1
855	592	1
881	592	1
908	592	1
935	592	0
963	592	0
993	592	0
1019	592	0
7	616	1
27	616	1
49	616	1
72	616	1
96	616	1
121	616	1
144	616	1
171	616	1
195	616	1
220	616	1
243	613	0
267	614	0
300	615	0
320	616	0
346	616	0
371	616	0
396	616	0
422	616	0
447	616	1
471	616	1
497	616	1
521	616	1
547	616	1
573	616	1
598	616	1
622	616	0
648	616	0
675	616	0
700	616	0
724	616	0
751	616	0
775	617	0
804	616	0
832	616	0
855	616	1
881	616	1
908	616	1
935	616	1
964	616	1
993	616	1
1019	616	1
7	639	0
27	639	0
49	639	0
72	639	0
95	645	0
121	643	0
144	639	1
171	639	1
195	639	1
220	639	1
245	639	1
270	639	1
295	639	1
323	639	0
347	640	0
371	639	0
396	639	0
422	639	0
447	639	0
471	639	0
497	639	0
521	639	1
547	639	1
573	639	1
598	639	1
622	639	1
648	639	1
675	639	1
700	639	0
728	639	0
754	641	0
778	639	0
804	639	0
832	639	0
855	639	0
881	639	0
908	639	1
935	639	1
964	639	1
993	639	1
1019	639	1
7	663	0
27	663	0
49	663	0
72	663	0
96	663	0
121	663	0
144	663	0
173	668	0
195	665	0
220	663	1
245	663	1
270	663	1
295	663	1
320	663	1
346	663	1
371	663	1
396	663	1
422	663	0
447	663	0
471	663	0
497	663	0
521	663	0
547	663	1
573	663	1
598	663	1
622	663	1
648	663	1
675	663	1
700	663	1
724	663	1
751	663	1
778	663	1
804	663	1
832	663	0
855	663	0
881	663	0
908	663	0
935	663	0
964	663	1
993	663	1
1019	663	1
7	684	1
27	684	1
49	684	1
72	684	1
96	684	0
121	684	0
143	685	0
171	684	0
195	684	0
220	684	1
245	684	1
270	684	1
295	684	1
320	684	1
346	684	1
371	684	1
396	684	1
422	684	1
447	684	1
471	684	0
497	684	0
521	684	0
547	684	0
573	684	0
598	684	0
622	684	1
648	684	1
675	684	1
700	684	1
724	684	1
751	684	1
778	684	1
804	684	1
832	684	0
855	684	0
881	684	0
908	684	0
935	684	0
964	684	0
993	684	0
1019	684	1
