6	14	0
27	14	0
48	14	0
62	14	0
82	14	1
103	14	1
128	14	1
154	14	1
183	14	1
206	14	1
230	14	1
256	14	1
284	14	1
312	14	1
336	14	0
356	14	0
375	14	0
405	14	0
425	14	0
449	14	0
468	14	0
490	14	0
517	14	0
546	14	0
570	14	0
590	12	1
612	14	0
644	14	0
672	14	1
698	14	1
720	14	1
747	14	1
772	14	1
796	14	0
818	14	0
840	14	1
860	14	1
883	14	0
912	14	1
938	14	1
962	14	1
986	14	1
1008	14	1
1027	14	0
6	43	0
27	43	0
48	43	0
62	43	0
82	43	0
103	43	0
128	43	0
154	43	0
183	43	0
206	43	1
230	43	1
256	43	1
284	43	1
312	43	1
336	43	1
356	43	1
375	43	1
405	43	1
425	43	1
449	43	1
468	43	0
490	43	0
517	43	0
546	43	1
570	43	1
589	43	1
612	43	0
644	43	0
672	43	0
696	42	0
720	43	1
747	43	1
772	43	0
796	43	0
818	43	1
840	43	1
860	43	1
883	43	1
912	43	1
938	43	0
962	43	1
986	43	0
1008	43	0
1027	43	0
6	58	1
27	58	1
48	58	1
62	58	0
82	58	0
103	58	0
128	58	0
154	58	0
183	58	0
206	58	0
230	58	0
256	58	1
284	58	1
312	58	1
336	58	1
356	58	1
375	58	1
405	58	1
425	58	1
449	58	1
468	58	1
490	58	1
517	58	0
548	59	0
570	58	0
589	58	0
612	58	0
644	58	0
672	58	0
698	58	0
720	58	0
747	58	0
772	57	0
797	56	0
818	58	0
840	58	0
860	58	1
883	58	1
912	58	0
938	58	0
962	58	1
986	58	0
1008	58	0
1027	58	0
6	81	1
27	81	1
48	81	1
62	81	1
82	81	1
103	81	1
128	81	0
154	81	0
183	81	0
206	81	0
230	81	0
256	81	0
284	81	0
312	81	0
336	81	1
356	81	1
375	81	1
405	81	1
425	81	1
449	81	1
468	81	1
490	81	1
517	81	1
546	81	1
570	81	0
589	81	0
612	80	0
644	81	1
672	81	0
698	81	0
720	81	0
747	81	1
772	81	1
796	81	1
818	81	0
840	81	0
860	81	1
883	81	0
912	81	0
938	81	0
962	81	0
986	81	0
1008	81	0
1027	81	1
6	97	1
27	97	1
48	97	1
62	97	1
82	97	1
103	97	1
128	97	1
154	97	1
184	98	0
206	97	0
230	97	0
256	97	0
284	97	0
312	97	0
336	97	0
356	97	0
375	97	0
405	98	0
425	98	0
449	97	0
471	97	0
490	97	1
517	97	1
546	97	1
570	97	1
589	97	1
612	97	1
644	97	1
672	97	0
698	97	0
720	97	0
747	97	0
772	97	0
796	97	0
818	97	1
840	97	1
860	97	1
883	97	0
912	97	1
938	97	1
962	97	0
986	97	0
1008	97	0
1027	97	1
7	119	0
27	117	0
48	118	0
62	117	1
82	117	1
103	117	1
128	117	1
154	117	1
183	117	1
206	117	1
230	117	1
256	117	1
284	117	0
312	118	0
336	117	0
356	117	0
375	117	0
405	117	0
425	117	0
449	117	0
468	117	0
490	117	0
517	117	0
546	117	0
570	117	1
589	117	1
612	117	1
644	117	1
672	117	1
698	117	1
720	117	1
747	117	1
772	117	0
796	117	0
818	117	1
840	117	1
860	117	0
883	117	0
912	117	1
938	117	1
962	117	0
986	117	0
1008	116	0
1027	117	0
6	146	0
27	146	0
48	146	0
62	146	0
82	146	0
103	146	0
128	146	1
154	146	1
183	146	0
206	146	1
230	146	1
256	146	1
284	146	1
312	146	1
336	146	1
356	146	1
375	146	1
405	146	1
425	146	1
449	146	0
468	146	0
490	146	0
517	146	0
546	146	0
570	146	0
589	146	0
612	146	0
644	146	0
672	146	1
698	146	1
720	146	1
747	146	1
772	146	0
796	146	1
818	146	1
840	146	0
860	146	0
883	146	0
912	146	0
938	146	0
962	146	1
986	146	1
1008	146	1
1027	146	0
6	164	1
27	164	0
48	164	0
62	164	0
82	164	0
103	164	0
128	164	0
154	164	0
183	164	0
206	164	1
230	164	1
256	164	1
284	164	1
312	164	1
336	164	1
356	164	1
375	164	1
405	164	1
425	164	1
449	164	1
468	164	0
490	164	0
517	164	0
546	164	1
570	164	1
589	164	0
612	164	0
644	164	0
672	164	1
698	164	1
720	164	1
747	164	0
772	164	0
798	165	0
820	165	0
840	164	0
860	164	0
883	164	1
909	163	1
933	164	0
963	162	0
986	164	0
1008	164	0
1027	164	0
6	194	1
27	194	1
48	194	1
62	194	1
82	194	1
103	194	0
130	192	0
154	194	0
183	194	0
206	194	0
230	194	0
256	194	0
284	194	0
312	194	1
336	194	1
358	196	0
375	194	0
405	194	1
425	194	1
449	194	1
468	194	0
490	194	0
517	194	1
546	194	1
570	194	1
589	194	1
612	194	1
644	194	0
672	194	0
698	194	0
720	194	0
747	194	0
768	195	1
796	194	0
818	194	0
840	194	1
860	194	1
883	194	0
912	194	0
932	192	1
959	190	1
986	194	0
1008	194	1
1027	194	1
6	219	1
27	219	1
48	219	1
62	219	1
82	219	1
103	219	1
128	219	1
154	219	1
183	219	1
206	219	1
230	219	0
256	219	0
282	216	0
312	219	0
336	218	0
356	220	0
375	219	0
405	219	0
425	219	0
449	219	0
468	219	1
490	219	1
517	219	0
546	219	1
570	219	1
589	219	0
612	219	0
644	219	1
672	219	1
698	219	0
720	217	0
747	219	0
772	219	0
796	219	0
818	219	0
840	219	1
860	219	1
883	219	0
912	219	1
938	219	0
962	219	0
986	219	0
1008	218	0
1027	219	0
6	242	0
27	242	0
48	242	1
62	242	1
82	242	1
103	242	1
128	242	1
154	242	1
183	242	1
206	242	1
230	242	1
256	242	1
284	242	1
312	242	1
336	242	1
356	242	1
375	242	1
405	242	1
425	242	1
449	242	0
468	242	0
490	242	0
517	242	1
546	242	1
570	242	0
589	242	0
612	242	0
644	242	1
672	242	0
698	242	0
720	242	1
747	242	1
772	242	0
796	242	0
818	242	0
840	242	0
860	242	0
883	242	0
912	242	1
938	242	0
962	242	0
986	242	1
1008	242	0
1027	242	0
6	263	0
27	263	0
48	263	0
62	263	0
82	263	0
104	265	0
128	263	0
154	263	0
183	266	0
206	263	0
230	263	1
256	263	1
284	263	1
312	263	1
336	263	1
356	263	1
375	263	1
405	263	1
425	263	1
449	263	1
468	263	0
490	263	0
517	263	1
546	263	1
570	263	0
589	263	0
612	263	1
644	263	0
672	263	0
698	263	0
720	263	0
747	263	0
772	263	0
796	263	1
818	263	1
840	263	0
860	263	0
883	263	0
912	263	0
938	263	0
962	263	0
986	263	1
1008	263	0
1027	263	0
6	290	0
27	288	0
48	290	0
62	290	0
82	290	0
103	290	0
128	290	0
154	290	0
183	290	0
206	290	0
230	290	1
256	290	1
284	290	0
312	290	1
336	290	1
356	290	1
375	290	1
405	290	1
425	290	1
449	290	1
468	290	1
490	290	1
517	290	1
546	290	0
570	290	0
589	290	0
612	290	0
644	290	0
676	288	1
698	290	0
720	290	0
749	289	0
772	287	0
796	290	0
818	290	0
840	290	0
860	290	1
883	290	1
912	290	0
938	290	0
962	290	0
986	290	0
1008	290	0
1027	290	0
6	309	1
27	309	1
48	309	1
62	309	1
82	309	1
103	309	1
128	309	0
154	309	0
183	309	0
206	309	0
230	309	0
256	309	0
284	309	1
312	309	1
336	309	1
356	309	1
375	309	0
405	309	0
425	309	0
449	309	1
468	309	1
490	309	0
517	309	0
546	309	1
570	309	1
589	309	0
612	309	0
644	309	0
672	309	0
698	309	0
720	309	1
747	309	1
772	309	1
796	309	0
818	309	0
840	309	0
860	309	0
883	309	0
912	309	0
938	309	0
962	309	0
986	309	0
1008	309	0
1027	309	0
6	333	1
27	333	1
48	333	1
62	333	1
82	333	1
103	333	1
128	333	1
154	333	1
183	333	1
208	330	0
230	333	0
256	333	0
284	333	1
312	333	0
336	333	0
356	333	1
375	333	1
405	333	0
425	333	0
449	333	0
468	333	0
490	333	0
517	333	0
545	335	0
570	333	0
589	333	0
612	333	0
644	333	1
672	333	0
698	333	0
720	333	0
747	333	0
772	333	0
796	333	0
821	329	1
840	333	0
860	333	0
883	333	0
912	333	0
938	333	0
962	333	0
986	332	0
1002	333	1
1018	333	1
6	350	0
27	350	1
48	350	1
62	350	0
82	350	1
103	350	1
128	350	1
154	350	1
183	350	1
206	350	1
230	350	0
256	350	0
284	350	1
312	350	0
336	350	0
356	350	0
375	350	0
405	350	0
425	350	0
449	350	0
468	350	0
490	350	0
528	350	1
548	352	0
570	350	0
589	350	0
612	350	0
644	350	0
672	350	0
698	350	0
720	350	1
747	350	0
772	350	0
796	350	0
818	350	0
840	350	0
860	350	0
887	346	1
912	350	0
938	350	0
959	347	0
985	349	0
1008	350	0
1027	350	0
6	373	0
27	373	0
48	373	0
62	373	0
82	373	0
103	373	0
128	373	0
154	373	1
183	373	1
206	373	1
230	373	0
256	373	0
284	373	1
312	373	0
336	373	1
356	373	1
375	373	0
405	373	0
431	374	0
449	373	0
468	373	0
490	373	0
517	373	0
546	373	0
570	373	0
589	373	1
612	373	1
644	373	0
672	373	0
698	373	0
720	373	0
747	373	0
772	373	1
796	373	1
818	373	0
840	373	0
860	373	0
883	373	0
912	373	0
938	373	0
962	373	1
986	373	1
1008	373	0
1027	373	0
6	395	0
27	395	0
48	395	0
62	395	0
82	395	0
103	395	0
128	395	0
154	395	0
183	395	0
205	394	0
230	395	0
256	395	0
284	395	0
312	395	0
336	395	0
356	395	0
375	395	0
402	393	0
420	388	1
449	395	0
468	395	0
490	395	1
517	395	0
546	395	0
570	395	0
589	395	0
612	395	0
644	395	1
672	395	1
698	395	0
720	395	0
747	395	0
772	395	0
796	395	0
818	395	0
838	394	0
860	395	1
883	395	0
912	395	0
938	395	0
962	395	0
986	395	0
1008	395	0
1027	392	1
6	426	1
27	426	1
48	426	1
62	426	1
82	426	1
103	426	1
128	426	1
154	426	1
183	426	1
206	426	0
230	426	0
256	426	0
284	426	0
308	418	1
336	426	0
356	426	0
377	434	1
405	426	0
425	426	0
449	426	0
468	426	0
490	426	0
517	426	0
546	426	1
570	426	1
589	426	0
612	426	0
644	426	0
672	426	0
698	426	0
720	426	0
747	426	0
772	426	0
796	426	0
818	426	0
840	426	0
860	426	0
883	426	0
912	426	1
934	419	1
962	426	0
986	426	0
1008	426	0
1027	426	0
6	452	1
27	452	1
48	452	0
62	452	1
82	452	1
103	452	1
128	452	1
154	452	1
183	452	1
206	452	1
230	452	0
256	452	1
284	452	1
312	452	0
336	452	0
356	452	0
375	452	0
405	452	0
425	452	1
449	452	1
468	452	0
490	452	0
517	452	0
546	452	0
570	452	0
589	452	0
614	452	1
644	452	0
672	452	0
700	450	0
720	452	0
747	452	0
772	452	0
798	448	1
818	452	0
840	452	0
863	460	1
886	456	1
912	452	0
938	452	0
962	452	0
985	443	1
1008	452	0
1027	452	0
6	473	0
27	473	0
48	473	0
62	473	1
82	473	1
103	473	0
128	473	0
154	473	0
183	473	0
206	473	0
230	473	0
256	473	1
284	473	1
312	473	0
336	473	1
356	473	0
375	473	0
405	473	0
425	473	0
449	473	0
468	473	0
490	473	0
517	473	1
546	473	0
570	473	0
589	473	0
612	473	0
644	473	0
672	473	0
698	473	1
720	473	0
747	473	0
772	473	1
796	473	0
818	473	0
840	473	0
860	474	0
887	475	0
912	473	0
936	470	0
961	469	0
986	473	0
1008	473	0
1027	473	0
6	493	0
27	493	0
48	493	0
62	493	1
82	493	1
103	493	0
128	493	0
154	493	1
183	493	0
206	493	0
230	493	0
256	493	0
284	493	0
312	493	1
336	493	1
356	493	0
375	493	0
405	493	1
425	493	0
449	493	0
468	493	0
490	493	0
517	493	0
546	493	0
570	493	1
589	493	1
612	493	0
644	493	0
672	493	0
698	493	0
720	493	0
747	493	0
772	493	1
796	493	0
818	493	0
840	493	0
860	493	0
883	493	0
912	493	1
938	493	1
962	487	1
986	493	0
1008	493	0
1027	493	0
6	522	1
27	522	1
48	522	0
62	522	0
82	522	0
103	522	0
128	522	0
154	522	0
183	522	1
206	522	1
230	522	1
256	522	1
284	522	1
312	522	0
336	522	0
356	522	0
375	522	0
405	522	0
425	522	0
449	522	0
468	522	1
490	522	1
517	522	0
546	522	0
570	522	0
589	522	0
612	522	0
648	525	1
672	522	0
698	522	0
720	521	0
747	522	0
772	522	0
796	522	0
818	522	0
840	522	0
862	522	1
883	522	1
912	522	1
938	522	0
962	522	0
986	522	0
1008	522	0
1027	522	0
6	543	1
27	543	1
48	543	1
62	543	1
82	542	0
103	542	0
127	541	0
155	541	0
183	543	0
206	543	0
230	543	0
256	543	1
284	543	1
312	543	0
336	543	0
356	543	1
375	543	1
405	543	0
425	543	0
449	543	0
468	543	0
490	543	0
514	549	1
546	543	1
570	543	0
589	543	0
612	543	0
644	543	0
672	543	0
698	543	0
720	543	1
749	542	0
772	543	0
796	543	0
818	543	0
840	543	0
860	543	1
883	543	1
912	543	1
938	543	0
962	543	0
986	543	0
1008	543	0
1027	543	0
6	574	0
27	574	0
48	574	1
62	574	1
82	574	1
103	574	1
128	574	1
154	574	1
183	574	1
206	574	0
230	574	0
254	573	0
284	574	0
312	574	0
336	574	0
356	572	0
375	574	0
405	574	0
425	574	1
449	574	0
468	574	0
490	575	0
516	574	0
546	574	0
570	574	0
588	574	0
612	574	1
644	574	0
672	574	1
698	574	1
720	574	0
747	574	0
772	574	0
796	574	0
818	574	0
840	574	0
860	574	1
883	574	0
912	574	0
938	574	0
962	574	0
986	574	0
1008	574	0
1027	574	1
6	597	0
27	597	0
48	597	1
62	597	1
82	597	0
103	597	0
128	597	0
154	597	0
183	597	0
206	597	0
230	597	1
256	597	1
284	597	0
312	597	0
336	597	0
356	597	0
375	597	0
405	597	0
425	597	0
449	597	0
468	597	0
490	597	1
517	597	1
546	597	0
570	597	0
589	597	0
612	597	0
644	597	0
672	597	1
698	597	1
720	597	0
747	597	0
772	597	0
796	597	0
818	597	0
840	597	0
860	600	0
883	597	0
912	597	1
938	597	1
962	597	0
986	597	0
1008	597	0
1027	597	0
6	626	0
27	623	0
48	623	0
62	623	0
82	623	0
103	623	0
128	623	1
154	623	0
183	623	0
206	623	0
230	623	0
256	623	0
284	623	0
310	618	1
336	623	0
356	623	0
375	620	0
397	624	1
425	623	0
449	623	0
465	621	0
490	623	0
517	623	0
546	623	1
570	623	1
589	623	0
612	623	0
644	623	1
672	623	0
698	623	0
720	623	0
747	623	0
772	623	0
796	623	0
818	623	0
840	623	0
860	623	0
883	623	0
912	623	0
938	623	0
962	623	0
986	623	1
1008	623	1
1027	623	0
6	658	1
29	656	1
48	647	0
62	647	0
82	647	0
103	647	0
128	647	0
154	647	0
183	647	1
206	647	1
230	647	0
256	647	0
280	647	1
312	647	0
336	647	0
356	647	0
375	647	0
405	647	0
425	647	0
449	647	1
468	647	1
490	647	0
517	647	0
546	647	0
570	647	0
589	647	0
612	647	0
644	647	1
672	647	0
698	647	0
720	647	0
747	647	0
772	647	0
796	647	0
818	647	0
840	647	0
860	647	0
883	647	1
912	647	0
938	647	0
962	647	0
986	647	0
1008	647	0
1027	647	0
4	684	0
23	684	0
48	681	1
62	681	1
82	681	1
103	681	1
128	681	0
154	681	1
183	681	0
206	681	0
230	681	0
256	681	0
279	674	1
312	681	0
336	681	1
356	681	1
375	681	0
405	681	0
425	681	0
449	681	0
468	681	0
490	681	1
515	677	1
546	681	0
570	681	0
589	681	1
612	681	1
644	681	0
672	681	0
698	681	0
720	681	0
747	681	0
772	681	0
796	681	0
818	681	0
840	681	0
860	681	0
883	681	0
912	681	1
938	681	1
962	681	1
986	681	0
1008	681	0
1027	681	1
