9	11	1
21	35	1
57	35	1
88	31	0
106	31	0
132	28	0
154	29	0
178	27	0
202	26	0
225	27	0
251	24	0
275	11	1
300	11	1
326	11	1
352	11	1
382	11	1
408	11	1
432	11	1
460	11	1
488	11	1
517	11	1
545	11	1
571	11	1
604	9	0
625	9	0
649	11	0
673	11	0
700	11	0
722	11	0
749	11	0
777	10	1
804	11	1
832	11	1
858	11	1
895	11	1
923	11	1
949	11	1
982	9	1
1001	11	1
1026	11	1
7	60	1
27	60	1
50	58	1
75	55	1
98	58	1
119	63	1
148	59	1
175	59	1
198	61	1
226	59	1
250	59	1
275	59	1
301	54	0
326	44	0
352	44	0
382	44	0
408	44	0
432	44	0
460	44	0
484	52	1
516	51	1
545	44	1
571	44	1
599	44	1
623	44	1
649	44	1
673	44	1
700	44	1
722	44	1
749	44	1
776	44	1
804	44	0
832	39	0
861	39	0
895	39	0
919	39	0
950	37	0
975	38	0
1002	36	1
1023	35	1
7	92	0
33	91	0
55	93	0
79	88	0
99	93	0
123	91	0
156	93	1
180	91	1
202	87	1
225	86	1
256	83	1
277	86	1
300	79	1
326	79	1
348	77	1
383	77	1
408	71	1
432	71	1
461	80	1
493	74	0
517	71	0
545	71	0
571	71	0
599	71	0
623	71	0
649	71	0
673	71	1
700	71	1
722	71	1
749	71	1
776	71	1
804	71	1
832	71	1
859	67	1
895	65	1
924	67	1
950	64	1
979	67	1
1002	64	0
1027	61	0
7	117	0
27	114	0
51	112	0
75	111	0
99	114	0
127	115	0
152	119	0
177	117	0
202	111	0
222	109	0
249	108	0
273	107	0
298	110	0
326	108	0
353	107	0
383	108	1
407	105	1
432	98	1
460	98	1
488	98	1
517	98	1
545	98	1
571	98	1
599	98	1
623	98	1
649	98	1
673	98	1
700	98	0
722	98	0
749	98	0
776	98	0
804	98	0
832	98	0
858	98	0
895	98	1
921	93	1
951	93	1
979	91	1
999	89	1
1023	89	1
7	142	1
30	141	1
55	142	1
76	142	1
92	139	1
119	142	1
148	139	1
178	134	0
200	130	0
224	130	0
249	130	0
275	130	0
300	130	0
326	130	0
352	130	0
382	130	1
408	130	1
432	130	1
460	130	1
488	130	1
517	130	1
545	130	1
571	130	1
599	130	1
623	130	1
649	130	1
673	130	1
700	130	0
718	126	0
747	125	0
775	127	0
801	124	0
831	126	0
856	126	0
891	127	0
923	130	0
949	130	0
977	130	0
1001	130	0
1021	130	0
6	178	0
28	179	0
51	177	0
77	177	1
103	173	1
124	173	1
154	173	1
174	165	1
200	165	1
224	165	1
249	165	1
275	165	1
300	165	1
326	165	1
351	171	1
379	171	1
408	165	0
432	165	0
460	165	0
488	165	0
517	165	0
545	165	0
571	165	1
599	165	1
625	158	1
649	155	1
675	157	1
700	155	1
721	154	1
747	153	1
774	155	1
800	155	1
830	153	1
859	152	1
889	152	1
915	149	0
946	144	0
974	148	0
996	144	0
1024	144	0
4	203	1
34	203	0
57	199	0
80	201	0
97	205	0
123	203	0
146	202	0
178	200	0
195	199	0
219	201	0
249	203	0
277	202	1
297	200	1
327	198	1
352	189	1
382	189	1
408	189	1
432	189	1
460	189	1
488	189	1
517	189	1
545	189	1
571	189	1
599	189	0
623	189	0
649	189	0
673	189	0
700	189	0
722	189	0
749	189	1
776	189	1
804	189	1
835	183	1
861	179	1
894	179	1
923	180	1
945	175	1
977	176	1
994	176	1
1020	176	1
9	226	1
32	226	1
54	226	1
78	226	1
99	226	1
123	226	1
148	226	1
174	226	1
200	226	1
224	226	1
249	226	0
275	226	0
300	226	0
326	226	0
352	226	0
382	226	0
408	226	0
432	226	0
456	233	1
488	226	1
517	226	1
547	219	1
567	220	1
599	219	1
619	220	1
646	220	1
671	219	1
697	219	1
722	226	1
749	226	1
776	226	1
804	226	1
832	226	1
860	214	0
893	212	0
920	212	0
951	213	0
976	211	1
1001	205	1
1023	205	1
6	263	0
29	263	0
50	264	0
75	259	0
103	259	0
125	263	0
148	263	1
174	255	1
200	255	1
224	255	1
249	255	1
275	255	1
300	255	1
326	255	1
351	263	1
384	263	1
409	263	1
430	263	1
458	262	1
488	255	0
517	255	0
545	255	0
571	255	0
599	255	0
623	255	0
649	255	0
673	255	1
700	255	1
722	255	1
749	255	1
777	252	1
807	249	1
836	250	1
859	249	1
895	249	1
925	248	1
951	248	1
969	248	1
997	247	0
1022	247	0
3	295	1
30	295	1
55	296	1
78	296	1
100	295	1
123	294	1
145	302	1
171	293	0
198	292	0
220	292	0
249	292	0
273	291	0
298	291	0
327	293	0
354	296	1
386	293	1
407	293	1
431	293	1
461	289	1
486	287	1
517	279	1
545	279	1
571	279	1
599	279	1
623	279	1
649	279	1
673	279	1
700	279	0
722	279	0
749	279	0
776	279	0
804	279	0
832	279	0
858	279	0
895	279	1
923	279	1
949	279	1
977	279	1
1001	279	1
1021	279	1
6	339	0
34	335	1
53	332	1
77	329	1
101	329	1
120	329	1
147	328	1
175	327	1
200	326	1
225	326	1
251	326	1
279	322	1
304	326	1
326	327	1
353	326	1
384	322	0
408	316	0
432	316	0
460	316	0
488	316	0
517	316	0
545	316	0
571	316	1
599	316	1
623	316	1
649	316	1
673	316	1
700	316	1
722	316	1
749	316	1
776	316	1
804	316	1
832	316	1
858	316	0
895	316	0
923	316	0
950	314	0
977	316	0
1003	311	0
1024	309	0
7	366	1
34	365	1
57	365	0
76	362	0
99	362	0
123	359	0
146	358	0
173	360	0
198	359	0
221	359	0
244	359	0
273	359	1
298	357	1
323	355	1
352	347	1
382	347	1
408	347	1
432	347	1
460	347	1
488	347	1
517	347	1
545	347	0
570	347	0
599	347	0
623	347	0
649	347	0
673	347	0
700	347	0
722	347	0
749	347	0
776	347	1
804	347	1
832	347	1
857	343	1
892	341	1
919	340	1
954	340	1
979	339	1
1001	340	1
1027	339	1
8	397	1
30	393	1
54	391	1
81	388	1
97	390	1
123	390	1
148	391	1
171	391	1
198	392	1
227	387	0
255	384	0
276	387	0
303	387	0
327	389	0
354	386	0
382	382	0
408	382	0
435	384	0
458	387	1
487	382	1
517	375	1
545	375	1
571	375	1
599	375	1
623	375	1
649	375	1
673	375	1
700	375	1
724	382	1
752	383	1
776	375	0
804	375	0
832	375	0
858	375	0
895	375	0
923	375	0
949	375	1
977	375	1
1001	375	1
1021	375	1
12	428	0
37	427	0
53	426	0
75	431	0
96	426	0
119	427	0
147	426	1
173	425	1
198	423	1
224	420	1
246	416	1
273	417	1
299	416	1
326	414	1
352	412	1
383	411	1
408	411	1
432	407	0
460	407	0
488	407	0
517	407	0
545	407	0
571	407	0
599	407	0
623	407	0
649	407	1
673	407	1
700	407	1
722	407	1
749	407	1
776	407	1
804	407	1
832	407	1
858	407	1
895	407	1
923	407	1
949	407	1
977	407	0
1001	407	0
1021	407	0
5	462	1
31	460	1
57	463	1
75	461	1
99	459	1
125	460	1
146	455	0
174	449	0
200	449	0
224	449	0
249	449	0
275	449	0
300	449	0
326	449	0
352	449	0
382	449	1
408	449	1
432	449	1
460	449	1
488	449	1
517	449	1
545	449	1
571	449	1
599	449	1
623	449	1
649	449	1
673	449	0
700	449	0
722	449	0
749	449	0
776	449	0
804	449	0
832	449	0
863	445	1
894	442	1
922	442	1
947	440	1
973	436	1
1000	438	1
1023	437	1
5	491	1
30	489	1
51	487	1
82	485	1
100	486	1
121	487	1
148	480	1
175	482	1
200	476	1
224	476	1
249	476	1
275	476	1
300	476	1
326	476	0
352	476	0
382	476	0
408	476	0
432	476	0
460	476	0
488	476	0
517	476	0
545	476	0
571	476	1
599	476	1
623	476	1
649	476	1
673	476	1
700	476	1
722	476	1
749	476	1
776	476	1
804	476	1
832	476	0
858	476	0
895	476	0
923	476	0
949	476	0
977	476	0
1001	476	0
1021	476	0
13	518	1
57	514	0
34	516	1
77	515	0
99	516	0
122	514	0
151	513	0
176	513	0
200	516	0
227	513	1
251	511	1
274	512	1
301	510	1
325	506	1
351	508	1
382	497	1
408	497	1
432	497	1
460	497	1
488	497	1
517	497	0
545	497	0
571	497	0
599	497	0
623	497	0
649	497	0
673	497	0
700	497	0
722	497	0
749	497	1
776	497	1
804	497	1
832	497	1
858	497	1
895	497	1
923	497	1
949	497	1
977	497	1
1001	497	1
1021	497	1
5	543	1
31	541	1
58	544	1
80	543	1
101	544	1
125	544	1
149	544	1
175	548	1
205	545	1
229	543	1
251	543	0
280	538	0
302	537	0
325	539	0
349	535	0
387	532	0
410	531	0
433	531	0
459	535	0
487	533	1
517	525	1
545	525	1
571	525	1
599	525	1
623	525	1
649	525	1
673	525	1
700	525	1
722	525	1
752	534	1
776	525	0
804	525	0
832	525	0
858	525	0
895	525	0
924	531	0
949	525	1
977	525	1
1001	525	1
1021	525	1
7	579	0
30	583	0
56	581	0
81	579	0
99	579	1
121	577	1
147	575	1
174	577	1
200	574	1
225	569	1
250	570	1
270	569	1
299	567	1
327	565	1
355	562	1
382	553	0
408	553	0
432	553	0
460	553	0
488	553	0
517	553	0
545	553	0
571	553	0
599	553	0
623	553	0
649	553	0
673	553	1
700	553	1
722	553	1
749	553	1
776	553	1
804	553	1
832	553	1
859	560	1
895	562	1
925	561	1
957	558	0
979	555	0
1001	553	0
1021	553	0
9	617	1
33	614	1
55	616	1
77	614	1
103	619	1
130	616	0
152	613	0
175	608	0
198	608	0
220	606	0
249	603	0
275	604	0
300	604	0
332	603	1
354	597	1
381	589	1
408	582	1
432	582	1
460	582	1
488	582	1
517	582	1
545	582	1
571	582	0
599	582	0
623	582	0
649	582	0
673	582	0
700	582	0
722	582	0
749	582	0
776	582	0
804	582	0
832	582	1
858	582	1
895	582	1
923	582	1
949	582	1
977	582	1
1001	582	1
1021	582	1
11	653	1
36	651	1
54	651	1
79	649	1
103	644	1
123	643	1
147	638	1
175	638	1
199	633	1
225	633	1
248	636	1
273	635	1
299	635	1
327	633	1
350	627	0
382	620	0
408	620	0
432	620	0
460	620	0
488	620	0
517	620	0
545	620	0
571	620	0
599	620	1
623	620	1
649	620	1
673	620	1
700	620	1
722	620	1
749	620	1
776	620	1
804	620	1
832	620	1
858	620	0
895	620	0
923	620	0
949	620	0
977	620	0
1001	620	0
1021	620	1
10	674	0
31	675	0
51	674	0
79	669	0
105	669	0
128	668	0
151	668	0
175	672	0
199	671	1
225	671	1
252	662	1
274	661	1
300	659	1
328	655	1
352	647	1
382	647	1
408	647	1
432	647	1
460	647	0
488	647	0
517	647	0
545	647	0
571	647	0
599	647	0
623	647	0
649	647	0
673	647	0
700	647	0
722	647	0
749	647	1
776	647	1
804	647	1
832	647	1
858	647	1
895	647	1
923	647	1
949	647	1
977	647	1
1001	647	1
1021	647	1
13	684	0
35	683	0
52	683	0
77	682	0
95	681	0
119	682	0
151	683	0
168	683	0
197	685	0
227	689	0
251	686	0
273	683	0
300	684	0
328	682	0
352	677	0
382	677	0
408	677	0
432	677	0
460	677	0
488	677	1
517	677	0
545	677	0
571	677	1
599	677	1
623	677	1
649	677	1
673	677	1
700	677	0
722	677	0
749	677	0
776	677	0
804	677	0
832	677	0
858	677	0
895	677	0
923	677	1
949	677	1
977	677	1
1001	677	1
1021	677	1
