7	10	1
31	10	1
51	10	1
80	10	1
93	10	1
122	10	1
154	10	0
187	10	0
204	10	0
232	10	0
266	10	0
299	10	1
323	10	1
354	10	1
384	10	1
407	10	1
428	10	1
457	10	1
488	10	1
511	10	1
538	10	1
558	10	0
586	10	1
615	10	0
637	10	0
663	10	0
684	10	0
712	10	0
736	10	1
760	10	1
779	10	1
793	10	1
824	10	1
852	10	1
872	10	1
898	10	1
934	10	1
943	10	1
963	10	1
989	10	1
1002	10	1
1027	10	0
7	38	1
31	38	1
51	38	1
80	38	1
93	38	1
122	38	1
157	38	1
187	38	1
204	38	1
232	38	1
266	38	1
299	38	1
326	39	0
354	38	0
384	38	0
407	38	0
428	38	0
457	38	0
488	38	0
511	38	0
538	38	1
558	38	1
586	38	1
615	38	0
637	38	0
663	38	0
684	38	0
712	38	0
736	38	0
760	38	0
779	38	0
793	38	1
824	38	1
852	38	1
872	38	1
898	38	1
934	38	1
943	38	1
963	38	1
989	38	1
1002	38	1
1027	38	0
8	67	1
31	69	0
49	71	0
73	72	0
92	74	0
124	75	0
157	75	0
187	75	1
204	75	1
232	75	1
266	75	1
299	75	1
323	75	1
354	75	1
384	75	1
407	75	1
428	75	1
457	75	1
488	75	0
511	75	0
538	75	0
558	73	0
586	75	1
615	75	0
637	75	0
663	75	0
684	75	0
712	75	0
736	75	0
760	75	0
779	75	0
793	75	0
824	75	0
852	75	0
872	75	0
898	75	1
934	75	1
943	75	1
963	75	1
989	75	1
1002	75	1
1027	75	1
7	90	1
31	90	1
51	90	1
80	90	1
93	90	1
122	90	1
157	90	1
187	90	1
204	90	1
232	90	1
266	90	1
299	90	1
323	90	1
354	90	1
384	90	1
407	90	1
428	90	1
457	90	1
488	90	0
511	90	0
538	91	0
558	90	0
586	90	1
615	90	1
637	90	0
663	90	1
684	90	1
712	90	0
738	91	0
760	90	0
779	90	0
793	90	0
824	90	0
852	90	0
872	90	0
898	90	0
934	90	0
943	90	0
963	90	1
989	90	1
1002	90	1
1027	90	1
7	109	1
31	109	1
51	109	1
80	109	1
93	109	1
122	109	1
157	109	1
187	109	1
204	109	1
232	109	0
266	109	0
298	112	0
323	109	0
354	109	0
384	109	1
407	109	1
428	109	1
457	109	1
488	109	1
511	109	0
538	109	0
558	109	0
586	109	1
615	109	1
637	109	1
663	109	1
684	109	1
712	109	0
736	109	0
760	109	0
779	109	0
793	109	1
824	109	0
852	109	0
872	109	0
898	109	0
934	109	0
946	109	0
963	109	0
989	109	0
1002	109	0
1027	109	1
7	139	1
31	139	1
51	139	1
80	139	1
93	139	1
122	139	1
157	139	1
187	139	1
204	139	1
232	139	1
266	139	1
299	139	1
323	139	1
354	139	1
384	139	0
407	139	1
428	139	1
457	139	1
488	139	1
511	139	1
538	139	1
558	139	1
586	139	1
615	139	0
637	139	0
663	139	1
684	139	1
712	139	1
736	139	1
760	139	1
779	139	1
793	139	1
824	139	0
852	139	0
872	139	0
898	139	0
934	139	0
943	139	0
963	139	0
989	139	0
1002	139	0
1027	139	0
7	178	1
31	178	1
51	178	1
80	178	1
93	178	1
122	178	1
157	178	1
187	178	0
204	178	0
232	178	0
266	178	1
299	178	1
323	178	1
354	178	1
384	178	1
407	178	1
428	178	1
457	178	1
488	178	1
511	178	1
538	178	0
558	178	0
586	178	1
615	178	0
637	178	0
663	178	0
684	178	0
712	178	0
736	178	0
760	178	0
779	178	1
793	178	1
824	178	1
852	178	1
872	178	1
898	178	1
934	178	1
943	178	1
963	178	1
986	178	0
1007	181	0
1026	175	0
7	207	1
31	207	1
51	207	1
80	207	1
93	207	1
122	207	1
157	207	1
187	207	1
204	207	1
232	207	1
266	207	1
299	207	1
323	207	0
351	204	0
382	210	0
407	207	0
428	207	0
457	207	0
488	207	1
511	207	1
538	207	1
558	207	1
586	207	1
615	207	0
637	207	0
663	207	0
684	207	0
712	207	0
736	207	0
760	207	0
779	207	0
793	207	0
824	207	0
852	207	0
872	207	0
898	207	1
934	207	1
943	207	1
963	207	1
989	207	1
1002	207	1
1027	207	1
7	207	1
31	207	1
51	207	1
80	207	1
93	207	1
122	207	1
157	207	1
187	207	1
204	207	1
232	207	1
266	207	1
299	207	1
323	207	0
354	207	1
384	207	1
407	207	0
428	207	0
457	207	0
488	207	1
511	207	1
538	207	1
558	207	1
586	207	1
615	207	0
637	207	0
663	207	0
684	207	0
712	207	0
736	207	0
760	207	0
779	207	0
793	207	0
824	207	0
852	207	0
872	207	0
898	207	1
934	207	1
943	207	1
963	207	1
989	207	1
1002	207	1
1027	207	1
7	207	1
31	207	1
51	207	1
80	207	1
93	207	1
122	207	1
157	207	1
187	207	1
204	207	1
232	207	1
266	207	1
299	207	1
323	207	0
354	207	1
384	207	1
407	207	0
428	207	0
457	207	0
488	207	1
511	207	1
538	207	1
558	207	1
586	207	1
615	207	0
637	207	0
663	207	0
684	207	0
712	207	0
736	207	0
760	207	0
779	207	0
793	207	0
824	207	0
852	207	0
872	207	0
898	207	1
934	207	1
943	207	1
963	207	1
989	207	1
1002	207	1
1027	207	1
7	246	1
31	246	1
51	246	1
80	246	1
93	246	1
122	246	1
157	246	1
187	246	1
204	246	1
232	246	1
266	246	1
299	246	1
323	246	1
354	246	1
384	246	1
407	246	1
428	246	1
457	246	0
488	246	0
511	246	0
538	246	0
558	246	0
586	246	1
615	246	1
637	246	1
663	246	0
684	246	0
712	246	0
736	246	0
760	246	0
779	246	0
793	246	0
824	246	0
852	246	0
872	246	0
898	246	0
934	246	0
943	246	0
963	246	1
989	246	1
1002	246	1
1027	246	1
7	274	0
31	274	0
51	274	1
80	274	1
93	274	1
122	274	1
157	274	1
187	274	1
204	274	1
232	273	0
266	273	0
299	274	0
323	274	1
354	274	1
384	274	1
407	274	1
428	274	1
457	274	1
488	274	0
511	274	0
538	274	0
558	274	0
586	274	1
615	274	1
637	274	1
663	274	1
684	274	1
712	274	1
736	274	1
760	274	1
781	277	0
793	274	0
826	275	0
852	273	0
873	274	0
898	274	0
934	274	0
943	274	0
963	274	0
989	274	0
1003	275	0
1030	273	0
7	302	1
31	302	1
51	302	1
80	302	1
93	302	1
122	302	1
157	302	1
187	302	1
204	302	1
232	302	1
266	302	1
299	302	1
323	302	1
354	302	1
384	302	1
407	302	1
428	302	1
457	302	1
488	302	1
511	302	1
538	302	1
558	302	1
586	302	1
615	302	1
637	302	0
663	302	0
684	302	1
712	302	0
736	302	1
760	302	1
779	302	1
793	302	1
824	302	1
852	302	1
872	302	1
898	302	0
934	302	1
943	302	0
963	302	0
989	302	0
1002	302	0
1027	302	0
10	327	1
34	327	1
52	329	1
74	330	0
95	332	0
118	336	0
158	334	0
185	334	0
208	333	0
243	337	1
272	342	1
299	348	1
323	348	1
354	348	1
384	348	1
407	348	1
428	348	1
457	348	1
488	348	1
511	348	1
538	348	0
558	348	0
586	348	1
616	304	0
637	348	0
663	348	0
684	304	0
712	348	0
736	348	0
760	348	0
779	348	0
793	348	0
824	348	0
852	348	1
872	348	1
898	348	1
930	304	0
943	348	1
963	348	1
989	348	1
1002	348	1
1027	348	1
10	345	1
28	349	1
54	351	1
75	355	1
96	362	1
120	363	1
152	364	1
179	366	1
203	366	1
233	368	1
266	376	1
299	378	0
328	378	0
354	376	0
383	378	0
406	378	0
429	374	0
457	376	0
488	376	1
511	376	1
538	376	1
558	376	1
586	376	1
615	376	1
637	376	1
663	376	0
684	376	0
712	376	0
736	376	0
760	376	1
779	376	0
793	376	0
824	376	0
852	376	0
872	376	0
898	376	0
934	376	0
943	376	0
963	376	1
989	376	1
1002	376	1
1027	376	1
10	390	0
30	392	0
54	394	0
74	400	0
94	398	0
134	399	1
162	399	1
188	402	1
207	404	1
234	409	1
266	404	1
295	413	1
322	406	1
358	406	1
386	408	1
410	407	1
431	405	1
463	406	0
488	420	0
511	420	0
538	420	0
558	420	0
586	420	1
615	420	1
637	420	1
663	420	1
684	420	1
712	420	1
736	420	0
760	375	0
779	420	0
793	420	0
824	420	0
852	420	0
872	420	0
898	420	0
934	420	0
943	420	0
963	420	0
989	420	0
1002	420	0
1027	420	0
7	445	1
31	445	1
51	445	1
80	445	1
93	445	1
122	445	1
157	445	1
187	445	1
204	445	1
232	445	1
266	445	1
299	445	1
323	445	1
354	445	1
384	445	1
407	445	1
428	445	1
457	445	0
489	444	0
516	482	1
538	478	1
558	445	0
586	445	0
615	445	0
637	445	0
663	445	0
684	445	1
712	445	1
736	445	1
760	445	1
779	445	1
793	445	1
824	445	1
852	445	0
872	445	0
898	445	0
934	445	0
943	445	0
963	445	0
989	445	0
1002	445	0
1027	445	0
7	482	1
31	482	1
51	482	1
80	482	1
93	482	1
122	482	1
157	482	1
187	482	1
204	482	1
232	482	1
266	482	1
299	482	1
323	482	1
354	482	1
384	482	1
407	482	1
428	482	1
457	482	1
488	482	1
510	448	0
540	447	0
558	482	1
586	482	0
615	482	0
637	482	0
663	482	0
684	482	1
712	482	1
736	482	1
760	482	1
779	482	1
793	482	1
824	482	1
852	482	0
872	482	1
898	482	1
934	482	1
943	482	1
963	482	1
989	482	0
1002	482	0
1027	482	0
7	508	1
31	508	1
51	508	1
80	508	0
93	508	0
125	510	0
156	509	0
183	507	0
210	511	0
232	508	1
266	508	1
299	508	1
323	508	1
354	508	1
384	508	1
407	508	1
428	508	0
457	508	1
488	508	1
511	508	1
538	508	1
558	508	0
586	508	0
615	508	0
637	508	0
663	508	0
684	508	0
712	508	0
736	508	1
760	508	0
779	508	0
793	508	1
824	508	1
854	507	1
878	507	1
906	505	1
929	506	1
947	507	1
972	505	0
993	507	0
1007	507	0
1027	506	0
7	531	1
31	531	1
51	531	1
80	531	1
93	531	1
122	531	1
157	531	1
187	531	1
204	531	1
232	531	1
266	531	1
299	531	1
323	531	1
354	531	1
384	531	1
407	531	1
428	531	1
457	531	1
488	531	1
511	531	1
538	531	1
558	531	0
586	531	0
615	531	0
637	531	0
663	531	0
684	531	0
712	531	0
738	534	1
760	531	0
779	531	0
793	531	0
824	531	0
852	531	0
877	482	1
898	531	0
934	531	1
943	531	1
963	531	1
989	531	1
1002	531	1
1027	531	1
12	561	0
32	561	0
50	559	0
81	559	0
101	561	0
122	558	1
157	558	1
187	558	1
204	558	1
232	558	1
266	558	1
293	558	0
321	558	0
354	558	0
384	558	0
407	558	0
429	559	0
457	558	1
488	558	1
511	558	1
538	558	1
558	558	1
586	558	1
615	558	1
637	558	1
663	558	1
684	558	1
712	558	0
740	584	0
762	558	0
779	558	0
793	558	0
824	558	0
852	558	0
872	558	0
898	558	0
934	558	0
943	558	0
963	558	0
989	558	0
1002	558	1
1027	558	1
7	591	1
31	591	1
51	591	1
80	591	1
93	591	1
122	591	1
157	591	1
187	591	1
204	591	1
232	591	1
266	591	1
299	591	1
323	591	1
354	591	1
384	591	1
407	591	1
428	591	0
457	591	0
488	591	0
511	591	0
538	591	0
559	595	0
586	591	0
615	591	0
637	591	1
663	591	1
684	591	1
712	591	1
737	586	1
760	591	1
779	591	1
793	591	1
824	591	0
852	591	0
872	591	0
898	591	0
934	591	0
943	591	0
963	591	0
989	591	0
1002	591	0
1027	591	0
7	622	1
31	622	1
51	622	1
80	622	1
93	622	1
122	622	1
157	622	1
187	622	1
207	624	0
232	622	0
262	622	0
299	622	0
323	622	1
354	622	1
384	622	1
407	622	1
428	622	1
457	622	1
488	622	1
511	622	1
538	622	1
558	622	1
586	622	1
615	622	0
637	622	0
663	622	0
684	622	0
712	622	0
738	570	0
760	622	0
779	622	1
793	622	1
824	622	1
852	622	1
872	622	1
898	622	1
934	622	0
943	622	0
963	622	0
989	622	0
1002	622	0
1027	622	0
7	678	1
31	678	1
51	678	1
80	678	1
94	683	0
122	678	0
156	674	0
187	678	1
204	678	1
232	678	1
266	678	1
299	678	1
323	678	1
354	678	1
384	678	1
407	678	1
428	678	1
457	678	1
488	678	1
511	678	0
538	678	0
558	678	0
586	678	0
615	678	0
637	678	0
663	678	0
684	678	0
712	678	0
736	678	0
760	678	0
779	678	0
793	678	0
824	678	0
852	678	0
872	678	1
898	678	1
934	678	1
943	678	1
963	678	1
989	678	1
1002	678	1
1027	678	1
