8	26	0
31	26	0
55	26	0
79	26	0
104	26	1
129	26	1
156	26	1
180	26	1
206	26	1
232	26	1
257	26	1
283	26	1
309	26	1
333	26	1
360	26	1
387	26	1
412	26	1
439	26	0
465	26	0
491	26	0
511	26	0
535	26	0
560	26	0
591	26	0
617	26	1
643	26	1
671	26	1
696	26	1
722	26	1
748	26	1
774	26	1
799	26	1
824	26	1
851	26	1
879	26	1
905	26	0
931	26	0
957	26	0
975	26	0
999	26	0
1022	26	0
8	57	1
31	57	1
55	57	1
79	57	1
104	57	0
129	57	0
156	57	0
180	57	0
206	57	0
232	57	0
257	57	0
283	59	0
309	57	1
333	57	1
360	57	1
387	57	1
412	57	1
439	57	1
465	57	1
491	57	1
511	57	1
535	57	1
560	57	1
591	57	1
617	57	0
643	57	0
671	57	0
696	57	0
722	57	0
748	57	0
774	57	0
799	57	1
824	57	1
851	57	1
879	57	1
905	57	1
931	57	1
957	57	0
975	57	0
999	57	0
1022	57	0
8	91	1
31	91	1
55	91	1
79	91	1
104	91	1
129	91	1
156	91	1
180	91	1
206	91	1
232	91	1
257	91	1
283	91	1
309	91	0
333	91	0
360	91	0
387	91	0
412	91	0
439	91	0
465	91	0
491	91	0
511	91	1
535	91	1
560	91	1
591	91	1
617	91	1
643	91	1
671	91	1
696	91	1
722	91	1
748	91	1
774	91	1
799	91	1
826	91	0
855	86	0
877	91	0
903	88	0
937	91	0
957	91	0
975	91	0
999	91	0
1022	91	0
8	121	0
31	121	0
55	121	0
79	121	0
104	121	0
129	121	0
156	121	0
180	121	1
206	121	1
232	121	1
257	121	1
283	121	1
309	121	1
333	121	1
360	121	1
387	121	1
412	121	1
439	121	1
464	127	1
491	129	1
511	121	0
535	121	0
560	121	0
591	121	0
617	121	0
643	121	0
671	121	0
696	121	1
722	121	1
744	117	1
773	113	1
799	110	1
823	112	1
850	115	1
880	113	1
908	114	1
931	114	1
961	110	0
975	109	0
1003	111	0
1025	107	0
8	162	1
31	162	1
55	162	1
79	162	1
104	162	1
129	162	1
156	162	1
180	162	1
206	162	0
232	162	0
257	162	0
283	162	0
309	162	0
333	162	0
360	162	0
387	162	0
412	162	1
439	162	1
465	162	1
491	162	1
511	162	1
535	162	1
560	162	1
591	162	1
617	162	1
643	162	1
671	162	1
696	162	1
722	155	0
749	151	0
778	148	0
804	148	0
827	147	0
851	147	0
881	148	0
903	152	0
931	153	0
951	152	0
973	149	0
995	147	0
1019	144	0
8	187	0
31	187	0
55	187	0
79	187	1
104	187	1
129	187	1
156	187	1
180	187	1
206	187	1
232	187	1
257	187	1
283	187	1
309	187	1
333	187	1
360	187	1
387	187	0
412	187	0
439	187	0
465	187	0
491	187	0
511	187	0
533	187	0
560	187	0
591	187	0
617	187	1
643	187	1
671	187	1
696	187	1
720	182	1
746	175	1
773	169	1
801	169	1
827	168	1
848	169	1
881	170	0
906	174	0
931	174	0
957	173	0
981	175	0
1002	179	0
1027	179	0
8	225	1
31	225	1
55	225	1
79	225	0
104	225	0
129	225	0
156	225	0
180	225	0
206	225	0
232	225	0
257	225	0
283	225	1
309	225	1
333	225	1
360	225	1
387	225	1
412	225	1
439	225	1
465	225	1
491	225	1
511	225	1
535	225	1
560	225	1
591	225	0
617	225	0
643	225	0
671	225	0
696	225	0
721	215	0
745	215	0
778	205	1
803	198	1
831	196	1
862	198	0
884	196	0
907	196	0
935	197	0
959	203	0
979	200	0
1002	208	0
1026	207	0
8	260	1
31	260	1
55	260	1
79	260	1
104	260	1
129	260	1
156	260	1
180	260	1
206	260	1
232	260	1
257	260	1
283	260	1
309	260	0
333	260	0
360	260	0
387	260	0
412	260	0
439	260	0
465	260	0
491	260	1
511	260	1
535	260	1
560	260	1
591	260	1
617	260	1
643	260	1
671	260	1
696	260	1
722	260	1
748	260	1
777	262	0
797	257	0
824	250	0
849	241	1
873	235	0
899	234	0
931	234	0
955	232	0
979	235	0
998	238	0
1023	235	0
8	284	0
31	284	0
55	284	0
79	284	0
104	284	0
129	284	0
156	284	0
183	291	1
206	284	1
232	284	1
257	284	1
283	284	1
309	284	1
333	284	1
360	284	1
387	284	1
412	284	1
439	284	1
465	284	0
490	284	0
508	283	0
535	287	0
561	284	0
591	284	0
617	284	0
643	284	0
670	286	0
696	284	1
723	291	1
749	293	1
775	295	1
801	301	1
822	289	0
852	268	1
875	268	1
901	265	1
927	269	0
952	264	0
973	266	0
998	267	0
1023	265	0
8	317	1
31	317	1
55	317	1
79	317	1
104	317	1
129	317	1
156	317	0
180	317	0
206	317	0
232	317	0
255	315	0
283	317	0
309	317	0
333	317	0
360	317	0
387	317	1
412	317	1
440	314	1
464	312	1
492	312	1
513	311	1
532	311	1
556	309	1
587	309	1
616	309	1
647	310	1
671	311	1
693	312	1
718	312	0
751	317	0
774	317	0
802	320	0
824	317	0
851	317	0
879	313	0
905	310	0
934	307	0
955	303	0
975	295	1
999	294	1
1016	291	1
6	353	0
32	352	0
57	350	1
76	351	1
106	349	1
131	351	1
162	350	1
181	352	1
199	351	1
227	349	1
259	353	1
284	349	1
307	349	1
334	348	1
359	351	1
390	350	1
417	353	0
441	349	0
466	347	0
490	351	0
513	348	0
535	348	0
557	344	0
591	340	1
617	340	1
643	340	1
671	340	1
696	340	1
722	340	1
748	340	1
774	340	0
799	340	0
824	340	0
851	340	0
879	340	0
905	340	0
931	340	0
957	340	0
975	340	0
999	340	0
1022	340	0
8	383	1
31	383	1
55	383	1
83	383	0
104	383	0
129	383	0
153	383	0
180	383	0
206	383	0
232	383	0
257	383	0
283	383	1
309	383	1
333	383	1
360	383	1
387	383	1
412	383	1
439	383	1
465	383	1
491	383	1
511	383	1
535	383	1
560	383	1
591	383	0
617	383	0
643	383	0
671	383	0
696	383	0
722	383	0
748	383	1
774	383	1
799	383	0
824	383	0
851	383	0
879	383	0
905	383	0
931	383	0
957	383	0
975	383	0
999	383	0
1022	383	0
8	414	1
31	414	1
55	414	1
79	414	1
104	414	1
129	414	1
156	414	1
180	414	1
206	414	1
232	414	1
257	414	0
283	414	0
309	414	0
333	414	0
360	414	0
387	414	0
412	414	0
439	414	0
465	414	1
491	414	1
511	414	1
535	414	1
560	414	1
591	414	1
617	414	1
643	414	1
671	414	1
696	414	1
722	414	0
748	414	0
774	414	0
799	414	0
824	414	1
859	410	1
879	414	0
905	414	0
931	414	0
958	410	0
982	411	0
999	414	0
1022	414	0
8	446	0
31	446	0
55	446	0
79	446	0
104	446	0
129	444	0
156	446	1
180	446	1
206	446	1
232	446	1
257	446	1
283	446	1
309	446	1
333	446	1
360	446	1
387	446	1
412	446	1
439	446	1
465	446	1
491	446	0
511	446	0
535	448	0
564	449	0
591	449	0
621	449	0
643	446	0
671	449	0
699	451	0
722	446	0
748	446	0
774	446	0
799	446	0
824	446	0
851	446	0
879	446	0
905	446	0
932	440	1
956	436	1
981	431	1
999	446	0
1022	446	0
8	474	1
31	474	1
55	474	1
79	474	1
104	474	1
129	474	1
156	474	1
180	474	0
206	474	0
232	474	0
257	474	0
283	474	0
309	474	0
333	474	0
360	474	1
387	474	1
412	474	1
439	474	1
465	474	1
491	474	1
511	474	1
535	474	1
560	474	1
591	474	1
617	474	1
643	474	1
671	474	0
696	474	0
722	474	0
748	474	0
774	474	0
799	474	0
824	474	0
851	474	0
879	474	0
905	474	0
931	474	0
957	474	0
975	474	0
999	474	0
1022	474	0
8	497	0
31	497	0
55	497	1
79	497	1
104	497	1
129	497	1
156	497	1
180	497	1
206	497	1
232	497	1
257	497	1
283	497	1
309	497	1
333	497	1
360	497	0
387	497	0
412	497	0
439	497	0
465	497	0
491	497	0
511	497	0
535	497	1
562	503	1
589	504	1
619	506	1
647	506	1
677	504	1
701	501	1
731	498	1
748	497	0
774	497	0
799	497	0
824	497	0
851	497	0
879	497	0
905	497	0
931	497	0
957	497	0
975	497	0
999	497	0
1022	497	0
8	527	1
32	526	0
55	526	0
80	526	0
104	527	0
130	527	0
155	528	0
180	527	0
206	527	0
232	527	0
257	527	1
283	527	1
309	527	1
333	527	1
360	527	1
387	527	1
412	527	1
439	527	1
465	527	1
491	527	1
511	527	1
535	527	1
559	530	1
591	527	0
617	527	0
643	527	0
671	530	0
696	527	0
722	527	0
748	527	0
774	527	0
799	527	1
824	527	1
851	527	1
879	527	0
905	527	0
931	527	0
957	527	0
975	527	0
999	527	0
1022	527	0
8	555	1
31	555	1
55	555	1
79	555	1
104	555	1
129	555	1
156	555	1
180	555	1
206	555	1
232	555	0
257	555	0
283	555	0
309	555	0
333	555	0
360	555	0
387	555	0
412	555	0
439	555	1
465	555	1
491	555	1
511	555	1
535	555	1
560	555	1
591	555	1
620	554	0
643	555	0
671	555	0
696	555	0
722	555	0
748	555	0
774	555	0
799	555	0
824	555	0
851	555	0
879	555	0
905	567	1
931	555	1
957	555	0
975	555	0
999	555	0
1022	555	0
8	580	0
31	580	0
55	583	0
78	582	0
104	580	0
133	579	0
156	580	1
180	580	1
206	580	1
232	580	1
257	580	1
283	580	1
309	580	1
333	580	1
360	580	1
387	580	1
412	580	1
439	580	1
465	580	0
491	580	0
511	580	0
535	580	0
560	582	0
587	579	0
619	579	0
643	580	0
671	580	0
696	580	0
722	580	0
748	580	0
774	580	0
799	580	0
824	580	0
851	580	0
879	580	0
908	581	0
931	580	0
957	580	0
975	580	0
995	582	0
1023	585	1
8	623	1
32	620	1
54	615	1
84	608	1
112	606	1
129	607	1
156	611	1
180	611	1
206	611	1
232	611	1
257	611	0
283	611	0
309	611	0
333	611	0
360	611	1
387	611	1
412	611	1
439	611	1
465	611	1
491	611	1
511	611	1
535	611	1
560	611	1
591	611	1
617	611	1
643	611	1
671	611	1
696	611	1
722	611	0
748	611	0
774	611	0
799	611	0
824	611	0
851	611	0
879	611	0
905	611	0
931	611	0
957	611	0
975	611	0
999	611	0
1022	611	0
7	649	0
34	648	0
55	645	0
79	640	1
104	640	1
129	640	1
156	640	1
180	640	1
206	640	1
232	640	1
257	640	1
283	640	1
309	640	0
335	641	0
363	642	0
387	640	0
410	640	0
441	642	0
466	639	0
495	640	0
511	640	0
535	640	0
560	640	0
591	640	0
617	640	0
643	640	0
671	640	0
696	640	0
722	640	0
748	640	0
775	637	0
799	640	0
824	640	0
851	640	0
879	640	0
905	640	0
931	640	0
957	640	0
975	640	0
999	640	0
1022	640	0
8	663	0
31	663	0
52	662	0
80	660	0
104	663	0
129	663	1
156	663	1
180	663	1
206	663	1
232	663	1
257	663	1
283	663	1
309	663	1
333	663	1
360	663	1
383	664	0
412	663	1
439	663	1
465	663	1
491	663	1
511	663	1
535	663	0
560	663	0
591	663	0
617	663	0
643	663	0
671	663	0
696	663	0
722	663	0
748	663	1
774	663	1
799	663	0
824	663	0
851	663	0
879	663	0
908	661	0
931	663	0
957	663	0
975	663	0
999	663	0
1022	663	0
8	684	0
31	684	1
55	684	1
82	684	0
104	684	0
129	684	0
156	684	0
180	684	0
206	684	1
232	684	1
257	684	1
283	684	1
309	684	1
333	684	1
360	684	1
387	684	1
412	684	1
433	684	1
459	687	0
486	684	0
511	684	1
535	684	0
560	684	0
591	684	0
617	684	0
643	684	0
671	684	0
696	684	0
722	684	0
751	686	0
774	684	0
799	684	0
824	684	0
851	684	1
879	684	1
905	684	1
931	684	0
957	684	0
975	684	0
999	684	0
1022	684	0
