9	7	0
32	7	0
56	7	0
81	7	0
104	7	0
128	7	0
149	7	0
169	7	0
191	7	0
211	7	1
232	7	1
256	7	0
276	7	0
298	7	0
321	7	0
341	7	0
365	7	1
388	7	1
413	7	1
437	7	1
459	7	1
482	7	1
504	7	1
524	7	1
549	7	1
572	7	1
595	7	1
617	7	0
639	7	0
659	7	0
677	7	0
698	7	0
721	7	0
745	7	0
768	7	1
791	7	1
815	7	0
839	7	1
863	7	1
887	7	1
910	7	1
933	7	0
953	7	1
976	7	1
1004	7	1
1029	7	0
9	32	0
32	32	0
56	32	0
81	32	0
104	32	0
128	32	0
149	32	0
169	32	0
191	32	1
211	32	1
232	32	1
256	32	1
276	32	1
298	32	0
321	32	0
341	32	0
365	32	0
388	32	0
413	32	0
437	32	1
459	32	1
482	32	1
504	32	1
524	32	1
549	32	1
572	32	1
595	32	1
617	32	1
639	32	1
659	32	0
677	32	0
698	32	0
721	32	0
745	32	0
768	32	0
791	32	0
815	32	0
839	32	0
863	32	0
887	32	0
910	32	1
933	32	1
953	32	1
976	32	1
1004	32	1
1029	32	1
9	56	1
32	56	1
56	56	0
81	56	0
104	56	0
128	56	0
149	56	0
169	56	0
191	56	0
211	56	1
232	56	1
256	56	1
276	56	1
298	56	1
321	56	1
341	56	1
365	56	0
388	56	0
413	56	0
436	57	0
459	56	0
482	56	0
504	56	0
524	56	0
549	56	1
572	56	1
595	56	1
617	56	1
639	56	1
659	56	1
677	56	1
698	56	1
721	56	0
745	54	0
768	56	0
791	56	0
815	56	0
839	56	0
863	56	0
887	56	0
910	56	0
933	56	0
953	56	0
976	56	0
1004	56	0
1029	56	1
9	72	1
32	72	1
56	72	1
81	72	0
104	72	0
126	71	0
149	72	0
169	72	0
191	72	0
211	72	0
232	72	1
256	72	1
276	72	1
298	72	1
321	72	1
341	72	1
365	72	1
388	72	1
413	72	1
437	72	1
459	72	1
482	72	0
504	72	0
524	72	0
549	72	0
572	72	0
595	72	0
617	72	1
639	72	1
659	72	1
677	72	1
698	72	1
721	72	1
745	72	1
768	72	1
791	72	0
815	72	0
839	72	0
863	72	0
887	72	0
910	72	0
933	72	0
953	72	0
976	72	0
1004	72	0
1029	72	1
9	96	1
32	96	1
56	96	1
81	96	1
104	96	1
128	96	0
149	96	0
168	96	0
189	93	0
211	96	1
232	96	1
256	96	0
276	96	0
298	96	1
321	96	1
341	96	1
365	96	1
388	96	1
413	96	1
437	96	1
459	96	1
482	96	1
503	96	0
524	96	0
549	96	0
572	96	0
595	96	0
617	96	0
639	96	0
659	96	0
677	96	1
698	96	1
721	96	1
745	96	1
768	96	1
791	96	1
815	96	1
839	96	1
863	96	0
887	96	1
910	96	1
933	96	0
953	96	0
976	96	0
1004	96	0
1029	96	0
9	120	0
32	120	0
56	120	0
81	120	1
104	120	1
128	120	1
149	120	1
169	120	1
191	120	1
211	120	1
232	120	1
256	120	0
276	120	1
298	120	1
321	120	1
341	120	1
365	120	1
388	120	1
413	120	1
437	120	1
459	120	1
482	120	1
504	120	1
524	120	1
549	120	1
572	120	1
595	120	0
617	120	0
639	120	0
659	120	0
677	120	0
698	120	0
721	120	0
745	120	0
769	123	0
791	120	0
815	120	1
839	120	1
863	120	1
887	120	1
910	120	1
933	120	1
953	120	1
976	120	0
1004	120	0
1029	120	0
9	140	0
32	140	0
56	140	0
81	140	1
104	140	1
128	140	1
149	140	1
169	140	1
191	140	1
211	140	1
232	140	1
256	140	0
276	140	0
298	140	1
321	140	0
341	140	0
365	140	0
388	140	0
413	140	1
437	140	1
459	140	1
482	140	1
504	140	1
524	140	1
549	140	1
572	140	1
595	140	1
617	140	1
639	140	1
659	140	0
677	140	0
698	140	0
721	140	0
745	140	0
768	140	0
791	140	0
815	140	1
839	140	1
863	140	1
887	140	1
910	140	1
933	140	1
953	140	1
976	140	1
1004	140	1
1029	140	1
9	163	0
32	163	0
56	163	0
81	163	0
104	163	0
128	163	0
149	163	0
169	163	0
191	163	0
211	163	0
232	163	1
256	163	1
276	163	1
298	163	1
321	163	1
341	163	1
365	163	0
386	162	0
413	163	0
437	163	0
459	163	0
482	163	1
504	163	1
524	163	1
549	163	1
572	163	1
595	163	1
617	163	1
639	163	1
659	163	1
677	163	1
698	163	0
721	163	0
745	163	0
768	163	0
791	163	0
815	163	0
839	163	0
863	163	0
887	163	0
910	163	0
933	163	1
953	163	1
976	163	1
1004	163	1
1029	163	1
9	187	1
32	187	0
56	187	0
81	187	0
104	187	0
128	187	0
149	187	0
169	187	0
191	187	0
211	187	0
232	187	1
256	187	1
276	187	1
298	187	1
321	187	1
341	187	1
365	187	1
388	187	1
413	187	1
437	187	0
459	187	0
482	187	0
504	187	0
524	187	0
549	187	0
572	187	0
595	187	1
617	187	1
639	187	1
659	187	1
677	187	1
698	187	1
721	187	1
745	187	1
768	187	1
791	187	1
815	187	1
839	187	0
863	187	0
887	187	0
910	187	0
933	187	0
953	187	0
976	187	0
1004	187	0
1029	187	0
9	207	1
32	207	0
56	207	0
81	207	1
104	207	0
128	207	0
149	207	0
169	207	0
191	207	0
211	207	0
232	207	1
256	207	1
276	207	1
298	207	1
321	207	1
341	207	1
365	207	1
388	207	1
413	207	1
437	207	1
459	207	1
482	207	0
504	207	0
524	207	0
549	207	0
572	207	0
595	207	0
617	207	0
639	207	0
659	207	1
677	207	1
698	207	1
721	207	1
745	207	1
768	207	1
791	207	1
815	207	1
839	207	1
863	207	1
887	207	0
910	207	0
933	207	0
952	205	0
976	207	0
1004	207	0
1029	207	0
9	224	1
32	224	1
56	224	1
81	224	1
104	224	0
128	224	0
149	224	0
169	224	0
191	224	0
211	224	0
232	224	0
256	224	1
276	224	1
298	224	1
321	224	1
341	224	1
365	224	1
388	224	1
413	224	1
437	224	1
459	224	1
482	224	1
504	224	0
524	224	0
549	224	0
572	224	0
595	224	0
617	224	0
639	224	0
658	224	0
677	224	0
698	224	0
721	224	1
745	224	1
768	224	1
791	224	1
815	224	1
839	224	1
863	224	1
887	224	1
910	224	1
933	224	1
953	224	1
976	224	1
1004	224	1
1029	224	1
9	237	1
32	237	1
56	237	1
81	237	1
104	237	0
128	237	1
149	237	1
169	237	1
191	237	1
211	237	0
232	237	0
256	237	0
276	237	0
298	237	0
321	237	1
341	237	1
365	237	1
388	237	1
413	237	1
437	237	1
459	237	1
482	237	1
504	237	1
524	237	1
549	237	0
572	237	0
595	237	0
617	237	0
639	237	0
659	237	0
677	237	0
698	237	0
718	239	0
743	239	0
768	237	0
791	237	1
815	237	1
839	237	1
863	237	1
887	237	1
910	237	1
933	237	1
953	237	1
976	237	1
1004	237	1
1029	237	1
9	255	1
32	255	1
56	255	1
81	255	1
104	255	1
128	255	1
149	255	1
169	255	1
191	255	1
211	255	1
232	255	1
256	255	0
276	255	0
298	255	0
322	257	0
341	257	0
365	255	0
388	255	1
413	255	1
437	255	1
459	255	1
482	255	1
504	255	1
524	255	1
549	255	1
572	255	1
595	255	1
617	255	0
639	255	0
659	255	0
677	255	0
698	255	0
721	255	0
745	255	0
768	255	0
791	255	0
815	255	0
839	255	0
863	255	1
887	255	1
910	255	1
933	255	1
953	255	1
976	255	1
1004	255	1
1029	255	1
9	274	0
32	274	1
56	274	1
81	274	1
104	274	1
128	274	1
149	274	1
169	274	1
191	274	1
211	274	1
232	274	1
256	274	1
276	274	1
298	274	1
321	274	0
341	274	0
365	274	0
388	274	0
413	274	0
437	274	1
459	274	1
482	274	0
504	274	1
524	274	1
549	274	1
572	274	1
595	274	1
617	274	1
639	274	1
659	274	1
677	274	0
698	274	0
721	274	0
745	274	0
768	274	0
791	274	0
815	274	0
839	274	0
863	274	0
887	274	0
910	274	0
933	274	0
953	274	0
976	274	1
1004	274	1
1029	274	1
9	299	0
32	299	0
56	299	0
81	299	0
104	299	0
128	299	0
149	299	0
169	299	0
191	299	0
211	299	0
232	299	1
256	299	1
276	299	1
298	299	1
321	299	1
341	299	1
365	299	1
388	299	0
413	299	0
437	299	0
459	299	0
482	299	0
504	299	0
524	299	0
549	299	0
572	299	1
595	299	1
617	299	1
639	299	1
659	299	1
677	299	1
698	299	1
721	299	1
745	299	0
768	299	0
791	299	0
815	299	0
839	299	0
863	299	1
887	299	0
910	299	0
933	299	0
953	299	0
976	299	0
1004	299	0
1029	299	1
9	319	0
32	319	0
56	319	0
81	319	0
104	319	0
128	319	0
149	319	0
169	319	0
191	319	0
211	319	0
232	319	0
256	319	1
276	319	1
298	319	1
321	319	1
341	319	1
365	319	1
388	319	1
413	319	1
437	319	0
459	319	0
482	319	0
504	319	0
524	319	0
549	319	0
572	319	0
595	319	0
617	319	0
639	319	1
659	319	1
677	319	1
698	319	1
721	319	1
745	319	1
768	319	1
791	319	1
815	319	1
839	319	1
863	319	1
887	319	1
910	319	1
933	319	1
953	319	0
976	319	0
1004	319	0
1029	319	1
9	336	0
32	336	0
56	336	0
81	336	0
104	336	0
128	336	0
149	336	0
169	336	0
191	336	0
211	336	0
232	336	0
256	336	0
276	336	1
298	336	1
321	336	1
341	336	1
365	336	1
388	336	1
413	336	1
437	336	1
459	336	0
482	336	0
504	336	0
524	336	0
549	336	0
572	336	0
595	336	0
617	336	0
639	336	0
658	338	0
677	336	0
698	336	1
721	336	1
745	336	1
768	336	1
791	336	1
815	336	1
839	336	1
863	336	1
887	336	1
910	336	1
933	336	1
953	336	0
976	336	0
1004	336	0
1029	336	1
9	355	1
32	355	1
56	355	1
81	355	1
104	355	0
128	355	0
149	355	0
169	355	0
191	355	0
211	355	0
232	355	0
256	355	0
276	355	1
298	355	1
321	355	1
341	355	1
365	355	1
388	355	1
413	355	1
437	355	1
459	355	1
482	355	1
504	355	1
524	355	0
549	355	0
572	355	0
595	355	0
617	355	0
639	355	0
659	355	0
677	355	0
698	355	0
721	355	0
745	355	0
768	355	1
791	355	1
815	355	1
839	355	1
863	355	1
887	355	1
910	355	1
933	355	1
953	355	1
976	355	0
1004	355	1
1029	355	1
9	378	1
32	378	1
56	378	1
81	378	1
104	378	1
128	378	1
149	378	1
169	378	0
191	378	0
211	378	0
232	378	0
256	378	0
276	378	1
298	378	1
317	383	0
341	383	0
365	378	1
388	378	1
413	378	1
437	378	1
459	378	1
482	378	1
504	378	1
524	378	1
549	378	1
572	378	1
595	378	0
617	378	0
639	375	0
659	378	0
677	378	0
698	378	0
721	378	0
745	378	0
768	378	0
791	378	0
815	378	0
839	378	0
863	378	0
887	378	1
910	378	1
933	378	1
953	378	0
976	378	0
1004	378	1
1029	378	0
9	401	1
32	401	1
56	401	1
81	401	1
104	401	1
128	401	1
149	401	1
169	401	1
191	401	1
211	401	1
232	401	1
256	401	1
276	401	1
298	401	1
321	401	1
341	401	1
365	401	1
388	401	0
413	401	0
437	401	0
459	401	0
482	401	1
504	401	1
524	401	1
549	401	1
572	401	1
595	401	1
617	401	1
639	401	1
659	401	1
677	401	1
698	401	1
721	401	0
745	401	0
771	399	0
794	399	0
815	401	0
839	401	0
863	401	0
887	401	0
910	401	0
933	401	0
953	401	0
976	401	1
1004	401	0
1029	401	0
9	432	0
32	432	0
56	432	0
81	432	0
104	432	1
128	432	1
149	432	1
169	432	1
191	432	1
211	432	1
232	432	1
256	432	1
276	432	1
298	432	1
321	432	1
341	432	1
365	432	1
388	432	1
413	432	0
437	432	0
459	432	0
482	432	0
504	432	0
524	432	0
549	432	0
572	432	0
595	432	0
617	432	1
639	432	1
659	432	1
677	432	1
698	432	1
721	432	1
745	432	1
768	432	1
791	432	1
815	432	1
839	432	1
863	432	1
887	432	0
910	432	0
933	432	0
953	432	0
976	432	1
1004	432	0
1029	432	0
9	450	0
32	450	0
56	450	0
81	450	0
104	450	0
128	450	0
149	450	0
169	450	0
191	450	0
211	450	0
232	450	0
256	450	0
276	450	0
298	450	1
321	450	1
341	450	1
365	450	1
388	450	1
413	451	0
437	450	0
459	450	0
482	450	0
504	450	0
524	450	0
549	450	0
572	450	0
595	450	0
617	450	0
639	450	0
659	450	0
677	450	1
698	450	1
721	450	1
745	450	1
768	450	1
791	450	1
815	450	1
839	450	1
863	450	1
887	450	1
910	450	1
933	450	1
953	450	0
976	450	0
1004	450	0
1029	450	0
9	476	0
32	476	0
56	476	0
81	476	0
104	476	0
128	476	0
149	476	0
169	476	0
191	476	0
211	476	0
232	476	0
256	476	0
276	476	0
298	476	0
321	476	1
341	476	1
365	476	1
388	476	1
413	476	1
437	476	1
459	476	1
482	476	1
504	476	1
524	476	1
549	476	1
572	476	1
595	476	0
617	476	0
639	476	0
659	476	0
677	476	0
698	476	0
721	476	0
745	476	0
768	476	0
791	476	0
815	476	1
839	476	1
863	476	1
887	476	1
910	476	1
933	476	1
953	476	1
975	476	1
1004	476	1
1029	476	0
9	495	1
32	495	1
56	495	0
81	495	0
103	493	0
126	492	0
149	495	0
169	495	0
191	495	0
211	495	0
232	495	0
256	495	0
276	495	0
298	495	0
321	495	0
341	495	1
365	495	1
388	495	1
413	495	1
437	495	1
459	495	1
482	495	1
504	495	1
524	495	1
549	495	1
572	495	1
595	495	1
617	495	1
639	495	0
659	495	0
677	495	0
698	495	0
721	495	0
745	495	0
768	495	0
791	495	0
815	495	0
839	495	0
863	495	0
887	495	1
910	495	1
933	495	1
953	495	1
976	495	1
1004	495	1
1029	495	0
9	523	1
32	523	1
56	523	1
81	523	1
104	523	1
128	523	1
149	523	1
169	523	1
191	523	1
211	523	1
232	523	1
256	524	0
276	523	0
298	523	0
321	523	0
341	519	0
364	522	0
385	521	0
413	523	0
437	523	0
459	523	0
482	523	0
504	523	0
524	523	0
549	523	1
572	523	1
595	523	1
617	523	1
639	523	1
659	523	1
677	523	1
698	523	1
717	523	1
745	523	1
768	523	1
791	523	0
816	521	0
839	523	0
863	523	0
887	523	0
910	523	0
933	523	0
953	523	0
976	523	0
1004	523	0
1029	523	1
9	546	1
32	546	1
56	546	1
81	546	1
104	546	1
128	546	1
149	546	1
169	546	1
191	546	1
211	546	1
232	546	1
256	546	1
276	546	1
298	546	1
321	546	1
341	546	1
365	546	1
388	546	1
413	546	1
437	546	1
459	546	0
482	546	0
504	546	0
524	546	0
549	546	0
572	546	0
595	546	0
617	546	0
639	550	0
659	546	0
677	546	1
698	546	1
721	546	1
745	546	1
768	546	1
791	546	1
815	546	1
839	546	1
863	546	1
887	546	1
910	546	0
933	546	0
953	546	0
976	546	0
1004	546	0
1029	546	1
9	566	0
32	566	0
56	566	0
79	569	0
104	566	0
128	566	1
149	566	1
169	566	1
191	566	1
211	566	1
232	566	1
256	566	1
276	566	1
298	566	1
321	566	1
341	566	1
365	566	1
388	566	1
413	566	1
437	566	1
459	566	1
482	566	1
504	566	0
524	566	0
549	566	0
572	566	0
595	566	0
617	566	0
639	566	0
659	566	0
677	566	0
698	566	0
721	566	1
745	566	1
768	566	1
791	566	1
815	566	1
839	566	1
863	566	1
887	566	1
910	566	1
933	566	0
953	566	0
976	566	0
1004	566	0
1029	566	0
9	587	0
32	587	0
56	587	0
81	587	0
104	587	0
128	587	0
149	587	0
169	587	0
187	586	0
211	587	0
232	587	0
256	587	1
276	587	1
298	587	1
321	587	1
341	587	1
365	587	1
388	587	1
413	587	1
437	587	1
459	587	1
482	587	1
504	587	1
524	587	1
549	587	1
572	587	0
595	587	0
617	587	1
639	587	0
659	587	0
677	587	0
698	587	0
721	587	0
745	587	0
768	587	0
791	587	1
815	587	1
839	587	1
863	587	1
887	587	1
910	587	1
933	587	0
953	587	0
976	587	0
1004	587	0
1029	587	0
9	611	1
32	611	0
56	611	0
81	611	0
104	611	0
128	611	0
149	611	0
169	611	0
191	611	0
211	611	0
232	611	0
256	611	0
276	611	0
299	612	0
318	612	0
341	611	1
365	611	0
388	611	0
413	611	1
437	611	1
459	611	1
482	611	1
504	611	1
524	611	1
549	611	1
572	611	1
595	611	1
617	611	1
639	611	1
659	611	1
677	611	1
698	611	1
721	611	1
745	611	1
768	611	0
791	611	0
815	611	0
839	611	0
863	611	0
887	611	0
916	615	1
933	611	0
953	611	0
976	611	0
1004	611	0
1029	611	0
9	635	1
32	635	1
56	635	1
81	635	1
104	635	1
128	635	0
149	635	1
169	635	1
191	635	1
211	635	1
232	635	1
256	635	1
276	635	1
298	635	1
321	635	1
341	635	1
365	635	0
388	635	0
413	635	1
437	635	0
459	635	0
482	635	0
504	635	0
524	635	0
549	635	0
572	635	0
595	635	1
617	635	1
639	635	1
659	635	1
677	635	1
698	635	1
721	635	1
745	635	1
768	635	1
791	635	1
815	635	0
839	635	0
863	635	0
887	635	0
910	635	0
933	635	0
953	635	0
976	635	0
1004	635	1
1029	635	0
9	658	1
32	658	1
56	658	1
81	658	1
104	658	1
128	658	1
149	658	1
169	658	1
191	658	1
211	658	1
232	658	1
256	658	1
276	658	1
298	658	1
321	658	0
341	658	0
365	658	0
388	658	0
413	658	0
437	658	1
459	658	1
482	658	1
504	658	1
524	658	0
549	658	0
572	658	0
595	658	0
617	658	0
639	658	0
659	658	1
677	658	1
698	658	1
721	658	1
745	658	1
768	658	1
791	658	1
815	658	1
839	658	1
863	658	0
887	655	0
910	658	0
933	658	0
953	658	0
976	658	0
1004	658	0
1029	658	0
9	678	1
32	678	1
56	678	1
81	678	1
104	678	1
128	678	1
149	678	1
169	678	1
191	678	1
211	678	1
232	678	1
256	678	0
281	679	1
298	678	1
321	678	0
341	678	0
365	678	1
388	678	0
413	678	0
437	678	1
459	678	1
482	678	1
504	678	1
524	678	1
549	678	1
572	678	1
595	678	1
617	678	0
639	678	1
659	678	1
677	678	0
698	678	0
721	678	0
745	678	0
768	678	1
791	678	1
815	678	1
839	678	1
863	678	1
887	678	1
910	678	0
933	678	0
953	678	1
976	678	1
1004	678	0
1029	678	0
