15	6	0
41	6	0
64	6	0
91	6	0
117	6	0
143	6	0
166	6	0
190	6	0
215	6	0
240	6	0
264	6	0
287	6	0
313	6	0
339	6	1
364	6	1
391	6	1
418	6	1
443	6	1
467	6	1
493	6	1
519	6	1
545	6	1
572	6	1
597	6	1
623	6	1
649	6	1
675	6	1
702	6	1
727	6	1
752	6	0
779	6	0
806	4	0
830	5	0
853	6	0
879	6	0
903	6	0
930	6	0
957	6	0
982	6	1
1005	6	1
1029	6	1
15	24	0
41	24	0
64	24	0
91	24	0
117	24	0
143	24	0
166	24	0
190	24	0
215	24	0
240	24	0
264	24	0
287	24	0
313	24	0
339	24	0
364	24	0
391	24	0
418	24	1
443	24	1
467	24	1
491	23	1
523	26	1
545	24	1
572	24	1
597	24	1
623	24	1
649	24	1
675	24	1
702	24	1
727	24	1
752	24	1
779	24	1
803	24	1
827	24	1
854	26	1
879	24	1
903	24	1
930	24	1
957	24	0
982	24	1
1005	24	1
1029	24	1
15	40	0
41	40	0
64	40	0
91	40	0
117	40	0
143	40	0
166	40	0
190	40	0
215	40	0
240	40	0
264	40	0
287	40	0
313	40	0
339	40	0
364	40	0
391	40	0
418	40	0
443	40	0
467	40	0
493	40	0
519	40	0
545	40	1
572	40	1
600	39	1
623	40	1
649	40	1
675	40	1
702	40	1
727	40	1
752	40	1
779	40	1
803	40	1
827	40	1
853	40	1
879	40	1
903	40	1
930	40	1
957	40	0
982	40	1
1005	40	1
1029	40	1
15	59	1
41	59	1
64	59	1
91	59	1
117	59	0
143	59	0
166	59	0
190	59	0
215	59	0
240	59	0
264	59	0
287	59	0
313	59	0
339	59	0
364	59	0
391	59	0
418	59	0
443	59	0
467	59	0
493	59	0
519	59	0
545	59	0
572	59	0
597	59	0
623	59	0
649	59	1
675	59	1
702	59	1
727	57	1
752	59	1
779	59	1
803	59	1
827	59	1
853	59	1
879	59	1
904	62	1
930	59	1
957	59	1
982	59	0
1005	59	0
1029	59	0
15	88	0
41	88	1
64	88	1
91	88	1
117	88	1
143	88	1
166	88	1
190	88	1
215	88	1
240	88	0
263	89	0
287	88	0
313	88	0
339	88	0
364	88	0
391	88	0
418	88	0
443	88	0
467	88	0
493	88	0
519	88	0
545	88	0
572	88	0
597	88	0
623	88	0
649	88	0
675	88	0
702	88	0
727	88	0
752	88	0
779	88	0
803	88	0
827	88	0
853	88	1
879	88	1
903	88	1
930	88	1
957	88	1
982	88	1
1005	88	1
1029	88	0
15	109	0
41	109	0
64	109	0
91	109	0
117	109	0
143	109	0
166	109	1
190	109	1
215	109	1
240	109	1
264	109	1
287	109	1
313	109	1
335	108	1
364	109	1
391	109	1
418	109	1
443	109	0
467	109	0
493	109	0
519	109	0
545	109	0
572	109	0
597	109	0
623	109	0
649	109	0
675	109	0
702	109	0
727	109	0
752	109	0
779	109	0
803	109	0
827	109	0
853	109	0
879	109	0
903	109	0
930	109	0
957	109	1
982	109	1
1005	109	1
1029	109	1
15	125	0
41	125	0
64	125	0
91	125	0
117	125	0
143	125	0
163	126	0
190	127	0
211	129	0
240	125	0
264	125	1
287	125	1
313	125	1
339	125	1
364	125	1
391	125	1
418	125	1
443	125	1
466	127	1
493	125	1
519	125	1
545	125	1
572	125	0
597	125	0
623	125	0
649	125	0
675	125	0
702	125	0
727	125	0
752	125	0
779	125	0
803	125	0
827	125	0
853	125	0
879	125	0
903	125	0
930	125	0
957	125	0
982	125	1
1005	125	1
1029	125	1
15	146	0
41	146	0
64	146	0
91	146	0
117	146	0
143	146	0
166	146	0
190	146	0
215	146	0
240	146	0
264	146	0
287	146	1
313	146	1
339	146	1
367	144	1
391	146	1
418	146	1
443	146	1
467	146	1
493	146	1
519	146	1
545	146	1
572	146	1
597	146	1
623	146	1
649	146	1
675	146	1
702	146	0
727	146	0
752	146	0
779	146	0
803	146	0
827	146	0
853	146	0
879	146	0
903	146	0
930	146	0
957	146	0
982	146	1
1005	146	1
1029	146	1
15	164	0
41	164	0
64	164	0
91	164	0
117	164	0
143	164	0
166	164	0
190	164	0
215	164	0
240	164	0
264	164	0
287	164	0
313	164	0
339	164	0
364	164	0
391	164	1
418	164	1
443	164	1
467	164	1
493	164	1
519	164	1
545	164	1
572	164	1
597	164	1
623	164	1
649	164	1
675	164	1
702	164	1
731	164	1
752	164	1
779	164	1
803	164	1
827	164	0
853	164	0
879	164	0
903	164	0
930	164	0
957	164	0
982	164	1
1005	164	1
1029	164	1
15	189	1
41	189	1
64	189	1
91	189	0
117	189	0
143	189	0
166	189	0
190	189	0
215	189	0
240	189	0
264	189	0
287	189	0
313	189	0
339	189	0
364	189	0
391	189	0
418	189	0
443	189	0
467	189	0
489	191	0
519	195	0
540	194	0
572	189	0
597	189	0
623	189	1
649	189	1
675	189	1
702	189	1
727	189	1
752	189	1
779	189	1
803	189	1
827	189	1
853	189	1
879	189	1
903	189	1
930	189	0
957	189	0
982	189	1
1005	189	1
1029	189	1
15	217	1
41	217	1
64	217	1
91	217	1
117	217	1
143	217	1
166	217	1
190	217	0
215	217	0
240	217	0
264	217	0
287	217	0
313	217	0
339	217	0
364	217	0
391	217	0
418	217	0
443	217	0
467	217	0
493	217	0
519	217	0
545	217	0
572	217	0
597	217	0
623	217	0
649	217	0
675	217	0
702	217	0
727	217	1
752	217	1
779	217	1
803	217	1
827	217	1
853	217	1
879	217	1
903	217	1
930	217	1
957	217	1
982	217	1
1005	217	1
1029	217	0
15	237	1
41	237	1
64	237	1
91	237	1
117	237	1
143	237	1
166	237	1
190	237	1
215	237	1
240	237	1
264	237	1
287	237	1
313	237	0
339	237	0
364	237	0
391	237	0
418	237	0
443	237	0
467	237	0
493	237	0
519	237	0
545	237	0
572	237	0
597	237	0
623	237	0
649	237	0
675	237	0
702	237	0
727	237	0
752	237	0
779	237	0
803	237	0
827	237	1
853	237	1
879	237	1
903	237	1
930	237	1
957	237	1
982	237	1
1005	237	1
1029	237	0
15	255	0
41	255	0
64	255	0
87	256	0
117	255	0
143	255	1
166	255	1
190	255	1
215	255	1
240	255	1
264	255	1
287	255	1
313	255	1
339	255	1
364	255	1
391	255	1
418	255	0
443	255	0
467	255	0
493	255	0
519	255	0
545	255	0
572	255	0
597	255	0
623	255	0
649	255	0
675	255	0
702	255	0
727	255	0
752	255	0
779	255	0
803	255	0
827	255	0
853	255	0
879	255	0
903	255	1
930	255	1
957	255	1
982	255	1
1005	255	1
1029	255	1
15	276	0
41	276	0
64	276	0
91	276	0
117	276	0
143	276	0
166	276	0
190	276	0
215	276	1
240	276	1
264	276	1
287	276	1
313	276	1
339	276	1
364	276	1
391	276	1
418	276	1
443	276	1
467	276	1
493	276	1
519	276	1
545	276	0
572	276	0
597	276	0
623	276	0
649	276	0
675	276	0
702	276	0
727	276	0
752	276	0
779	276	0
803	276	0
827	276	0
853	276	0
879	276	0
903	276	0
930	276	1
957	276	1
982	276	1
1005	276	1
1029	276	1
15	295	0
41	295	0
64	295	0
91	295	0
117	295	0
143	295	0
166	295	0
190	295	0
215	295	0
240	295	0
264	295	0
287	295	0
313	295	0
339	295	1
364	295	1
391	295	1
418	295	1
443	295	1
467	295	1
493	295	1
519	295	1
545	295	1
572	295	1
597	295	1
623	295	1
649	295	1
675	295	0
702	295	0
729	294	0
748	291	0
779	295	0
803	295	0
827	295	0
853	295	0
879	295	0
903	295	0
930	295	0
957	295	1
982	295	1
1005	295	1
1029	295	1
15	318	0
39	318	0
64	318	0
91	318	0
117	318	0
143	318	0
166	318	0
190	318	0
215	318	0
240	318	0
264	318	0
287	318	0
313	318	0
339	318	0
364	318	0
391	318	0
418	318	0
443	318	1
467	318	1
493	318	1
519	318	1
545	318	1
572	318	1
597	318	1
623	318	1
649	318	1
675	318	1
702	318	1
727	318	1
752	318	1
779	318	0
803	318	0
827	315	0
852	315	0
879	318	0
903	318	0
930	318	1
957	318	1
982	318	0
1005	318	0
1029	318	0
15	337	1
41	337	1
64	337	1
91	337	1
117	337	1
143	337	0
166	337	0
190	337	0
215	337	0
240	337	0
264	337	0
287	337	0
313	337	0
339	337	0
364	337	0
391	337	0
418	337	0
443	337	0
467	337	0
493	337	0
519	337	0
545	337	0
572	337	1
597	337	1
623	337	1
649	337	1
675	337	1
702	337	1
727	337	1
752	337	1
779	337	1
803	337	1
827	337	1
853	337	1
879	337	0
903	337	0
930	337	1
957	337	1
982	337	1
1005	337	1
1029	337	0
15	363	1
41	363	1
64	363	1
91	363	1
117	363	1
143	363	1
166	363	1
190	363	1
215	363	1
240	363	1
264	363	0
287	363	0
313	363	0
339	363	0
364	363	0
391	363	0
418	363	0
443	363	0
467	363	0
493	363	0
519	363	0
545	363	0
572	363	0
597	363	0
623	363	0
649	363	0
675	363	1
702	363	1
727	363	1
752	363	1
779	363	1
803	363	1
827	363	1
853	363	1
879	363	1
903	363	1
930	363	1
957	363	1
982	363	1
1005	363	1
1029	363	1
15	385	1
42	386	1
64	385	1
91	385	1
117	385	1
143	385	1
166	385	1
190	385	1
215	385	1
240	385	1
264	385	1
287	385	1
313	385	1
339	387	1
364	385	1
391	385	0
418	385	0
443	385	0
467	385	0
493	385	0
519	385	0
545	385	0
572	385	0
597	385	0
623	385	0
649	385	0
675	385	0
702	385	0
727	385	0
752	385	0
779	385	1
803	385	1
827	385	1
853	385	1
879	385	1
903	385	1
930	385	1
957	385	1
982	385	1
1005	385	1
1029	385	1
15	403	0
41	403	0
64	403	0
91	403	1
117	403	1
143	404	1
166	403	1
190	403	1
215	403	1
240	403	1
264	403	1
287	403	1
313	403	1
339	403	1
364	403	1
391	406	1
418	403	1
443	403	1
467	403	1
493	403	0
519	403	0
545	403	0
572	403	0
597	403	0
623	403	0
649	403	0
675	403	0
702	403	0
727	403	0
752	403	0
779	403	0
807	405	0
828	405	0
854	403	0
879	403	1
903	403	1
930	403	1
957	403	1
982	403	1
1005	403	1
1029	403	1
15	430	0
41	430	0
64	430	0
91	430	0
117	430	0
143	430	0
166	430	0
190	430	1
215	430	1
243	428	1
264	430	1
285	429	1
313	430	1
339	430	1
364	430	1
391	430	1
418	430	1
443	430	1
467	430	1
493	430	1
519	430	1
545	430	1
572	430	1
597	430	0
623	430	0
649	430	0
675	430	0
703	426	0
724	426	0
752	430	0
779	430	0
803	430	0
827	430	0
853	430	0
879	430	0
903	430	1
930	430	1
955	435	1
982	430	0
1005	430	0
1029	430	0
15	457	0
41	457	0
64	457	0
91	457	0
117	457	0
143	457	0
166	457	0
190	457	0
215	457	0
240	457	0
264	457	0
287	457	0
313	457	0
339	457	0
364	457	0
391	457	0
418	457	1
443	457	1
467	457	1
493	457	1
519	457	1
545	457	1
572	457	1
597	457	1
623	457	1
649	457	1
677	452	1
702	442	1
727	457	1
752	457	1
779	457	1
803	457	1
827	457	0
853	457	0
879	457	0
903	457	1
930	457	1
957	457	1
982	457	1
1005	457	0
1029	457	0
15	478	0
41	478	0
64	478	0
91	478	0
117	478	0
143	478	0
166	478	0
190	478	0
215	478	0
240	478	0
264	478	0
287	478	0
313	478	0
339	478	0
364	478	0
391	478	0
418	478	0
443	478	0
464	477	0
495	478	0
519	478	1
545	478	1
572	478	1
597	478	1
623	478	1
649	478	1
675	478	1
702	478	1
727	478	1
752	478	1
779	478	1
803	478	1
827	478	1
852	480	1
879	478	1
903	478	1
930	478	1
957	478	1
982	478	1
1005	478	1
1029	478	1
15	500	1
41	500	1
64	500	1
91	500	1
115	504	0
143	502	0
168	499	0
188	499	0
215	500	0
240	500	0
264	500	0
287	500	0
313	500	0
339	500	0
364	500	0
391	500	0
418	500	0
443	500	0
467	500	0
493	500	0
519	500	0
545	500	0
572	500	0
597	500	0
623	500	0
651	502	0
675	500	0
702	500	0
727	500	1
752	500	1
779	500	1
803	500	1
827	500	1
853	500	1
879	500	1
903	500	1
930	500	1
957	500	1
982	500	1
1005	500	1
1029	500	1
15	525	1
41	525	1
64	525	1
91	525	1
117	525	1
143	525	1
166	525	1
190	525	1
215	525	1
240	525	1
264	525	1
287	525	1
313	525	1
339	525	0
364	525	0
391	525	0
418	525	0
443	525	0
467	525	0
493	525	0
519	525	0
545	525	0
572	525	0
597	525	0
623	525	0
649	525	0
675	525	0
702	525	0
727	525	0
752	527	0
779	525	0
803	525	0
827	525	0
853	525	0
879	525	0
903	525	0
933	522	1
957	518	1
981	519	1
1008	519	1
1030	517	1
15	547	0
41	547	1
64	547	1
91	547	1
120	545	1
143	547	1
166	547	1
190	547	1
215	547	1
240	547	1
264	547	1
287	547	1
313	547	1
339	547	1
364	547	1
391	547	1
418	547	1
443	547	1
467	547	0
493	547	0
519	547	0
545	547	0
572	547	0
597	547	0
623	547	0
649	547	0
675	547	0
702	547	0
727	547	0
752	547	0
779	547	0
803	547	0
827	547	0
853	547	0
879	547	1
903	547	1
930	547	1
957	547	0
982	547	0
1005	547	0
1029	547	0
15	567	0
41	567	0
64	567	0
91	567	0
117	567	0
143	567	1
166	567	1
190	567	1
215	567	1
240	567	1
264	567	1
287	567	1
313	567	1
339	567	1
364	567	1
391	567	1
418	567	1
443	567	1
467	567	1
493	567	1
519	567	1
545	567	1
572	567	1
597	567	0
623	567	0
649	567	0
675	567	0
702	567	0
727	567	0
752	567	0
779	567	0
803	567	0
827	567	0
853	567	0
879	567	1
903	567	1
930	567	1
957	567	1
982	567	0
1005	567	0
1029	567	0
15	585	0
41	585	0
64	585	0
91	585	0
117	585	0
143	585	0
166	585	0
190	585	0
215	585	0
240	585	1
264	585	1
287	585	1
313	585	1
339	585	1
364	585	1
391	585	1
418	585	1
443	585	1
467	585	1
493	585	1
519	585	1
545	585	1
572	585	1
597	585	1
623	585	1
649	585	1
675	585	0
702	585	0
727	585	0
752	585	0
779	585	0
803	585	0
827	585	0
853	585	0
879	585	1
903	585	1
930	585	1
957	585	1
983	586	0
1005	585	0
1029	585	0
15	607	0
41	607	0
64	607	0
91	607	0
117	607	0
143	607	0
166	607	0
190	607	0
215	607	0
240	607	0
264	607	0
287	607	0
313	607	0
339	607	0
363	611	0
387	610	0
418	612	0
443	607	0
467	607	0
489	617	1
515	615	1
545	607	1
572	607	1
597	607	1
623	607	1
649	607	1
675	607	1
702	607	1
727	607	1
752	607	1
779	607	0
803	607	0
827	607	0
853	607	0
879	607	1
903	607	1
930	607	1
957	607	1
982	607	1
1005	607	1
1029	607	1
15	634	1
41	634	1
64	634	1
91	634	1
117	634	0
143	634	0
166	634	0
190	634	0
215	634	0
240	634	0
264	634	0
287	634	0
313	634	0
339	634	0
364	634	0
391	634	0
418	634	0
443	634	0
467	634	0
493	634	0
519	634	0
545	634	1
572	634	1
597	634	1
623	634	1
649	634	1
675	634	1
702	634	1
727	634	1
752	634	1
779	634	1
803	634	1
827	634	1
853	634	0
879	634	0
903	634	1
930	634	1
957	634	1
982	634	1
1005	634	1
1029	634	1
15	657	1
41	657	1
64	657	1
91	657	1
117	657	1
143	657	1
166	657	1
190	657	0
215	657	0
240	657	0
264	657	0
287	657	0
313	657	0
339	657	0
364	657	0
391	657	0
418	657	0
443	657	0
467	657	0
493	657	0
519	657	0
545	657	0
572	657	0
597	657	1
623	657	1
649	657	1
675	657	1
702	657	1
727	657	1
752	657	1
779	657	1
803	657	1
827	657	1
853	657	1
879	657	0
908	659	1
930	657	1
957	657	1
982	657	1
1005	657	1
1029	657	1
15	684	1
41	684	1
64	684	1
91	684	1
117	684	1
143	684	1
166	684	1
190	684	1
215	684	1
240	684	1
264	684	1
287	684	1
313	684	0
339	684	0
364	684	0
391	684	0
418	684	0
443	684	0
467	684	0
493	684	0
519	684	0
545	684	0
572	684	0
597	684	0
625	686	0
649	684	0
675	684	0
702	684	0
727	684	0
753	683	0
779	684	0
803	684	0
827	684	1
853	684	1
879	684	1
903	684	1
930	684	0
961	685	0
982	684	0
1005	684	0
1029	684	0
