9	8	0
31	8	0
53	8	1
77	8	1
99	8	1
122	8	1
145	8	1
169	8	1
192	8	1
216	8	1
238	8	1
261	8	1
283	8	0
306	8	0
329	8	0
354	8	0
377	8	0
401	8	0
426	8	1
451	8	1
476	8	1
499	8	1
522	8	1
548	8	1
572	8	1
598	8	1
623	8	1
648	8	1
672	8	1
694	8	1
717	8	1
741	8	1
765	8	1
788	8	1
813	8	1
836	8	0
861	8	0
885	8	0
910	8	0
936	8	0
961	8	1
983	8	1
1006	8	1
1028	8	1
9	43	0
31	43	0
55	44	0
81	42	0
97	43	0
125	45	0
145	43	1
169	43	1
192	43	1
216	43	1
238	43	1
261	43	1
283	43	1
306	43	1
329	43	1
354	43	1
377	43	1
401	43	1
426	43	1
451	43	1
476	43	1
499	43	1
522	43	0
548	43	0
572	43	0
598	43	0
623	43	1
648	43	1
672	43	1
694	43	1
717	43	1
741	43	1
765	43	1
788	43	1
813	43	1
836	43	1
861	43	0
885	43	0
910	43	0
936	43	0
961	43	0
983	43	0
1006	43	0
1028	43	0
8	66	0
28	67	0
44	67	0
67	65	1
91	67	1
118	65	1
142	70	1
165	69	0
190	68	0
214	69	0
238	71	0
261	76	0
283	76	0
306	76	1
329	76	1
354	76	1
377	76	1
401	76	1
426	76	1
451	76	1
476	76	1
499	76	1
522	76	1
548	76	1
572	76	1
598	76	1
623	76	1
648	76	1
672	76	0
694	76	0
717	76	0
741	76	0
765	76	0
788	76	0
813	76	0
836	76	0
861	76	0
887	70	0
905	68	0
928	63	0
953	63	0
977	65	0
1003	63	0
1029	63	1
9	103	1
31	103	1
53	103	1
77	103	1
99	103	1
122	103	1
145	103	1
169	103	1
192	103	1
216	103	1
238	103	1
261	103	1
283	103	1
306	103	1
329	103	1
354	103	1
377	103	1
401	103	0
426	103	0
451	103	0
476	103	1
499	103	1
522	103	1
548	103	1
572	103	1
598	103	1
623	103	1
648	103	1
672	103	1
694	103	1
717	103	1
741	103	1
765	103	1
788	103	1
813	103	0
835	99	0
862	98	0
880	94	0
906	93	0
925	91	1
955	87	1
977	86	0
1005	85	0
1026	86	0
10	125	1
31	130	0
53	130	0
77	130	0
99	130	0
119	130	0
145	130	0
169	130	0
192	130	0
216	130	0
238	130	1
261	130	1
283	130	1
306	130	1
329	130	1
354	130	1
377	130	1
401	130	1
426	130	1
451	130	1
476	130	1
497	136	1
521	140	1
544	141	1
571	140	1
601	139	0
623	135	0
647	135	0
672	136	0
697	135	0
717	130	1
741	130	1
765	130	1
788	130	1
813	130	1
836	130	1
861	130	1
885	130	1
914	121	1
937	114	1
956	113	1
980	111	0
1005	110	0
1028	110	0
9	173	0
26	168	1
53	173	1
77	173	1
99	173	1
122	173	1
145	173	1
169	173	1
192	173	1
216	173	1
238	173	1
261	173	0
283	173	0
306	173	0
329	173	0
354	173	0
377	173	1
401	173	1
426	173	1
451	173	1
476	173	1
499	173	1
522	173	1
548	173	1
572	173	1
598	173	1
623	173	1
648	173	1
672	173	1
694	173	1
717	173	1
741	173	0
763	172	0
785	172	0
813	173	0
837	167	0
861	173	0
885	173	0
906	167	0
932	159	1
959	152	1
985	154	1
1007	148	1
1029	149	0
6	189	0
32	190	0
53	198	0
73	199	0
97	200	0
122	209	0
145	209	1
169	209	1
192	209	1
216	209	1
238	209	1
261	209	1
283	209	1
306	209	1
329	209	1
354	209	1
377	209	1
401	209	1
426	209	1
451	209	0
476	209	0
499	209	0
522	209	0
548	209	0
572	209	0
598	209	1
623	209	1
648	209	1
672	209	1
694	209	1
717	209	1
741	209	1
765	209	1
788	209	1
813	199	1
836	198	1
856	196	0
884	200	0
909	204	0
937	201	0
960	203	0
979	203	0
997	199	1
1029	199	1
5	221	1
31	223	1
52	225	1
78	227	1
100	228	0
121	230	0
145	231	0
168	233	0
190	232	0
216	241	0
238	241	0
261	241	0
283	239	0
306	241	1
329	241	1
354	241	1
377	241	1
401	241	1
426	241	1
451	241	1
476	241	1
499	241	1
522	241	1
548	241	1
572	241	1
598	241	1
623	241	1
648	241	0
672	241	0
694	241	0
716	240	0
743	239	0
764	237	0
788	241	0
813	241	0
836	241	0
861	241	0
885	241	0
910	241	1
936	241	1
961	241	0
983	241	0
1006	241	0
1028	241	0
12	250	1
30	254	0
52	254	0
77	265	1
99	265	1
122	265	1
145	265	1
169	265	1
192	265	1
216	265	1
238	265	1
261	265	1
283	265	1
306	265	1
326	271	1
354	265	0
379	267	0
401	265	0
426	265	0
451	265	0
476	265	0
499	265	1
522	265	1
548	265	1
572	265	1
598	265	1
623	265	1
648	265	1
672	265	1
694	265	1
717	265	1
741	265	1
765	265	1
788	265	0
813	265	0
836	265	0
861	265	0
885	265	0
910	265	0
936	265	0
961	265	0
983	265	0
1006	265	0
1028	265	0
9	299	0
31	299	0
53	299	0
77	299	0
99	299	0
121	297	0
145	299	0
169	299	0
192	299	1
216	299	1
238	299	1
261	299	1
283	299	1
306	299	1
329	299	1
354	299	1
377	299	1
401	299	1
426	299	1
451	299	1
476	299	1
499	299	1
522	299	1
548	299	0
572	299	0
598	299	0
623	299	0
648	299	0
672	299	0
694	299	1
717	299	1
741	299	1
765	299	1
788	299	1
813	299	1
836	299	1
861	299	1
889	294	1
906	293	1
929	287	0
961	286	0
985	287	0
1006	288	0
1030	282	0
9	329	0
31	329	1
53	329	1
77	329	1
99	329	1
122	329	1
145	329	1
169	329	1
192	329	1
216	329	1
238	329	0
261	329	0
283	329	0
306	329	0
329	329	0
356	325	0
377	329	1
401	329	1
426	329	1
451	329	1
476	329	1
499	329	1
522	329	1
548	329	1
572	329	1
598	329	1
623	329	1
648	329	1
672	329	1
694	329	1
717	329	0
741	329	0
765	329	0
788	329	0
813	329	0
836	329	0
861	329	0
885	329	0
910	329	0
930	323	0
954	319	0
980	315	0
1005	306	0
1029	309	0
9	364	1
31	364	0
53	364	0
77	364	0
99	364	0
122	364	1
145	364	1
169	364	1
192	364	1
216	364	1
238	364	1
261	364	1
283	364	1
306	364	1
329	364	1
354	364	1
377	364	1
401	364	1
426	364	1
451	364	1
476	364	0
499	364	0
522	364	0
548	364	0
572	364	1
598	364	1
623	364	1
648	364	1
672	364	1
694	364	1
717	364	1
741	364	1
765	364	1
788	364	1
813	364	1
836	364	0
861	364	0
884	355	0
905	351	0
931	347	0
954	347	1
981	345	1
1003	342	1
1025	342	1
11	399	1
26	401	1
49	403	1
76	396	0
98	397	0
123	394	0
143	393	1
167	394	1
190	393	1
216	395	1
237	395	1
260	394	1
284	393	1
309	393	1
327	397	1
351	399	1
377	399	1
401	399	1
426	406	1
451	406	1
476	406	1
499	406	1
522	406	1
548	406	1
572	406	1
598	406	1
623	406	0
648	406	0
672	406	0
694	406	0
717	406	0
741	406	0
765	406	0
788	406	0
813	406	0
836	406	0
861	406	1
885	406	1
910	406	1
936	406	1
961	406	0
983	406	0
1006	406	0
1028	406	0
9	427	0
31	427	1
53	427	1
77	427	1
99	427	1
122	427	1
145	427	1
169	427	1
192	427	1
216	427	1
238	427	1
261	427	1
283	427	1
306	427	1
329	427	1
354	427	0
377	427	0
401	427	0
428	429	0
451	427	1
476	431	1
500	431	1
520	431	1
549	431	1
573	435	1
597	439	1
625	436	1
648	434	1
673	435	1
694	427	1
717	427	1
741	427	1
765	427	0
785	429	0
812	428	0
836	427	0
861	427	0
886	427	0
913	429	0
937	423	0
961	427	0
983	427	0
1006	427	0
1028	427	0
9	449	0
31	451	0
53	450	0
77	450	0
100	448	0
125	451	0
145	455	0
167	461	0
192	463	1
216	463	1
238	463	1
261	463	1
283	463	1
306	463	1
329	463	1
354	463	1
377	463	1
401	463	1
426	463	1
451	463	1
476	463	1
499	463	1
522	463	0
549	460	0
565	464	0
598	463	0
623	463	0
648	463	0
672	463	1
694	463	1
717	463	1
741	463	1
765	463	1
788	463	1
813	463	1
836	463	1
861	463	1
889	456	1
910	463	0
936	458	0
961	459	0
983	452	0
1007	449	0
1027	446	0
6	469	0
33	471	1
55	468	1
77	471	1
98	475	1
120	478	1
141	478	1
169	483	1
192	490	1
216	490	0
236	487	0
256	489	0
283	490	0
306	490	0
325	493	0
354	490	1
377	490	1
401	490	1
426	490	1
451	490	1
476	490	1
499	490	1
522	490	1
548	490	1
572	490	1
598	490	1
623	490	1
648	490	1
672	490	1
694	490	1
720	488	0
741	490	0
765	490	0
788	490	0
813	490	0
836	490	0
861	490	0
885	490	0
910	490	0
936	490	1
957	485	1
981	483	1
1004	477	1
1024	471	1
9	532	1
31	532	1
53	532	0
77	532	0
99	532	0
122	532	0
145	532	1
169	532	1
192	532	1
216	532	1
238	532	1
261	532	1
283	532	1
306	532	1
329	532	1
354	532	1
377	532	1
401	532	1
426	532	1
451	532	0
476	532	0
499	532	0
522	532	0
548	532	1
572	532	1
598	532	1
623	532	1
648	532	1
672	532	1
694	532	1
717	532	1
741	532	1
765	532	1
789	520	1
807	517	1
829	518	1
858	521	0
884	517	0
909	518	0
937	518	0
961	519	0
986	513	0
1003	514	0
1028	504	1
7	559	1
25	555	1
45	555	1
72	556	0
96	558	0
122	562	0
145	562	0
169	562	0
192	562	0
216	562	0
238	562	0
261	562	0
283	562	1
306	562	1
329	562	1
354	562	1
377	562	1
401	562	1
426	562	1
451	562	1
476	562	1
499	562	1
522	562	1
548	562	1
572	562	1
598	562	1
623	562	1
648	562	0
672	562	0
694	562	0
717	562	0
741	562	0
765	562	0
788	562	0
816	553	1
838	555	1
865	553	1
889	550	1
907	546	1
933	547	1
961	546	0
985	543	0
1008	544	0
1029	544	0
9	598	0
31	598	1
53	598	1
77	592	1
93	590	1
120	587	1
142	589	1
165	587	1
188	591	1
216	598	1
238	598	1
261	598	1
283	598	1
306	598	0
329	598	0
354	598	0
377	598	0
401	595	0
426	598	1
451	598	1
476	598	1
499	598	1
522	598	1
548	598	1
572	598	1
598	598	1
623	598	1
648	598	1
672	598	1
694	598	1
717	598	1
741	598	1
765	598	0
788	598	0
817	592	0
835	595	0
864	592	0
889	595	0
905	593	0
937	587	0
960	584	0
983	583	0
1001	581	0
1025	579	0
9	627	0
31	627	1
53	627	1
77	627	1
99	627	1
122	627	1
138	635	1
162	631	0
184	622	1
216	627	1
238	627	1
261	627	1
283	627	1
306	627	1
329	627	1
354	627	1
377	627	1
401	627	1
426	627	1
451	627	1
472	631	1
496	636	1
521	633	0
545	631	0
573	634	0
600	635	0
623	627	1
648	627	1
672	627	1
694	627	1
717	627	1
741	627	1
765	627	1
788	627	1
813	618	1
836	619	1
862	618	1
886	617	0
910	619	0
932	617	0
952	619	1
972	616	1
997	612	0
1024	603	0
9	668	1
31	668	1
53	668	0
77	668	0
99	668	1
122	668	1
145	668	1
169	668	1
192	668	1
216	668	1
238	668	1
261	668	1
283	668	1
306	668	1
329	668	1
354	668	1
377	668	1
401	668	1
426	668	1
451	668	1
476	668	1
499	668	1
522	668	1
548	668	1
572	668	1
598	668	1
623	668	1
648	668	1
672	668	0
691	663	0
715	661	0
740	662	0
761	662	0
785	659	0
811	655	0
836	657	0
864	659	0
889	656	0
913	653	0
933	652	0
952	651	1
981	647	1
1004	642	1
1025	635	1
9	685	1
31	685	1
53	685	0
77	685	0
99	685	1
122	685	1
145	685	1
169	685	1
192	685	1
216	685	1
238	685	1
261	685	1
283	685	1
306	685	1
329	685	1
354	685	1
377	685	0
401	685	0
426	685	0
451	685	0
476	685	1
499	685	1
522	685	1
548	685	1
572	685	1
598	685	1
623	685	1
648	685	1
672	685	1
694	685	1
717	685	1
741	685	1
765	685	1
788	685	1
813	685	1
836	685	0
861	685	0
884	682	0
910	685	0
936	685	0
961	685	0
983	685	0
1006	685	0
1028	685	0
