8	10	0
24	10	1
52	10	1
70	10	0
104	10	1
127	10	1
143	10	0
172	10	0
215	10	0
229	10	0
244	10	0
269	10	0
289	10	1
323	10	0
349	10	1
371	10	0
401	10	1
425	10	0
466	10	1
495	10	0
521	10	1
542	10	1
558	10	1
579	10	1
622	10	0
646	10	1
679	10	1
707	10	1
720	10	0
742	10	1
755	10	1
772	10	1
796	10	1
841	10	1
875	10	0
912	10	0
927	10	0
955	10	1
990	10	1
1021	10	0
8	50	0
24	50	1
52	50	0
70	50	0
104	50	1
127	50	0
143	50	1
172	50	0
215	50	0
229	50	1
244	50	0
269	50	1
289	50	0
323	50	1
349	50	1
371	50	0
401	50	0
425	50	0
466	50	1
495	50	1
521	50	1
542	50	1
558	50	1
579	50	0
622	50	0
646	50	1
679	50	0
707	50	0
720	50	0
742	50	1
755	50	1
772	50	1
796	50	1
841	50	0
875	50	0
912	50	1
927	50	1
955	50	0
990	50	0
1021	50	1
8	80	0
24	80	1
52	80	0
70	80	0
104	80	0
127	80	0
143	80	0
172	80	0
215	80	0
229	80	0
244	80	0
269	80	0
289	80	0
323	80	0
349	80	0
371	80	1
401	80	0
425	80	1
466	80	1
495	80	1
521	80	1
542	80	1
558	80	1
579	80	0
622	80	1
646	80	1
679	80	0
707	80	1
720	80	1
742	80	1
755	80	1
772	80	0
802	85	1
841	80	0
883	90	1
912	80	0
927	80	0
955	80	1
990	80	0
1021	80	1
8	113	0
24	113	1
52	113	0
70	113	1
104	113	0
127	113	0
143	113	0
172	113	1
215	113	0
229	113	0
244	113	0
269	113	0
289	113	1
323	113	0
349	113	0
371	113	1
401	113	0
432	113	0
466	113	0
495	114	0
521	113	0
542	113	1
558	113	1
579	113	1
622	113	1
646	113	0
679	113	1
707	113	0
720	113	0
742	113	0
755	113	0
772	113	0
796	113	0
841	113	0
872	118	0
912	113	0
927	113	0
955	113	1
990	113	0
1021	113	0
8	145	1
24	145	1
52	145	0
70	145	1
104	145	0
127	145	0
143	145	0
172	145	0
215	145	1
229	145	0
244	145	0
269	145	1
289	145	0
323	145	1
349	145	0
371	145	0
401	145	0
425	145	0
466	145	1
495	145	1
521	145	1
542	145	1
558	145	1
579	145	0
622	145	0
646	145	0
679	145	1
707	145	0
720	145	1
742	145	1
755	145	1
772	145	1
796	145	1
841	145	0
875	145	0
912	145	1
927	145	1
955	145	0
990	145	1
1021	145	0
8	177	0
24	177	1
52	177	1
70	177	1
104	177	0
127	177	1
143	177	1
172	177	0
215	177	0
229	177	0
244	177	0
269	177	0
289	177	1
323	177	0
349	177	1
371	177	0
401	177	0
425	177	0
466	177	1
495	177	1
521	177	0
542	177	1
558	177	1
579	177	0
622	177	0
646	177	1
679	177	0
707	177	1
720	177	1
742	177	0
755	177	0
777	177	0
796	177	0
841	177	0
878	179	0
912	177	0
927	177	0
955	177	0
990	177	0
1021	177	0
8	223	1
24	223	1
52	223	0
70	223	0
104	223	0
127	223	0
143	223	0
172	223	1
215	223	0
229	223	0
244	223	1
269	223	0
289	223	0
323	223	1
349	223	0
371	223	0
401	223	0
425	223	1
466	223	0
495	223	0
521	223	1
542	223	0
558	223	0
579	223	0
622	223	1
646	223	1
679	223	0
707	223	0
720	223	1
742	223	1
755	223	1
772	223	1
796	223	1
841	223	1
875	223	1
912	223	0
929	225	0
955	223	1
990	223	0
1021	223	1
8	275	1
24	275	1
52	275	1
70	275	0
104	275	1
127	275	0
143	275	1
172	275	0
215	275	0
229	275	0
244	275	0
269	275	1
289	275	1
323	275	0
343	276	0
377	276	0
401	275	0
425	275	0
466	275	0
495	275	0
521	275	0
542	275	0
558	275	0
579	275	0
622	275	0
646	275	1
679	275	1
707	275	1
720	275	1
742	275	1
755	275	1
772	275	0
796	275	0
841	275	1
875	275	0
912	275	1
927	275	0
955	275	1
990	275	0
1021	275	1
8	296	0
24	296	0
52	296	0
70	296	0
104	296	0
127	296	0
143	296	0
172	296	0
215	296	1
233	298	0
244	296	0
266	298	1
298	298	0
323	296	0
342	298	0
364	294	1
401	296	0
425	296	0
466	296	0
495	296	1
521	296	0
542	296	0
558	296	0
579	296	0
622	296	1
646	296	1
679	296	1
707	296	0
720	296	0
742	296	0
755	296	0
772	296	0
796	296	0
841	296	1
875	296	0
912	296	1
927	296	0
955	296	1
990	296	0
1021	296	1
8	327	1
24	327	0
52	327	1
70	327	1
104	327	0
127	327	1
143	327	0
172	327	1
215	327	1
229	327	0
244	327	0
269	327	0
289	327	1
323	327	0
349	327	0
371	327	0
401	327	0
425	327	0
466	327	0
495	327	0
521	327	0
542	327	1
558	327	1
579	327	1
622	327	0
646	327	0
679	327	1
707	327	1
720	327	1
742	327	1
755	327	1
772	327	1
796	327	0
841	327	1
875	327	1
912	327	0
927	327	0
955	327	0
990	327	0
1021	327	0
8	354	0
24	354	0
52	354	0
70	354	0
104	354	0
127	354	0
143	354	0
172	354	0
215	354	0
229	354	0
244	354	0
269	354	0
289	354	1
323	354	0
349	354	0
371	354	1
401	354	0
425	354	1
466	354	0
495	354	0
521	354	1
542	354	1
558	354	1
579	354	1
622	354	1
646	354	1
679	354	1
707	354	1
720	354	1
742	354	1
755	354	1
772	354	1
796	354	0
841	354	0
875	354	1
912	354	0
927	354	1
955	354	0
990	354	0
1021	354	0
8	385	1
26	385	1
54	387	0
69	387	0
98	389	1
127	393	0
143	393	0
193	393	1
215	393	0
229	393	0
244	393	0
269	393	1
289	393	0
323	393	0
349	393	1
371	393	0
401	393	0
425	393	1
466	393	1
495	393	1
517	395	0
542	393	0
558	393	1
579	393	1
622	393	0
646	393	1
683	397	1
708	409	0
722	406	0
740	408	0
754	408	0
774	406	0
797	410	0
836	411	1
875	393	0
903	410	1
932	410	1
954	414	0
994	418	0
1020	414	0
8	443	1
24	443	1
52	443	1
70	443	1
104	443	0
127	443	1
143	443	1
172	443	0
215	443	1
229	443	0
244	443	0
269	443	0
289	443	1
323	443	0
349	443	0
371	443	1
414	435	1
434	445	0
466	443	0
495	443	1
521	443	1
542	443	1
558	443	0
579	443	1
622	443	1
646	443	0
679	443	1
707	443	1
720	443	1
742	443	1
755	443	1
772	443	0
796	443	0
847	476	1
877	471	1
914	473	0
936	472	0
958	470	0
985	474	1
1020	466	0
13	491	0
27	491	0
52	490	0
76	481	1
112	485	0
136	480	1
157	483	0
177	484	0
208	482	1
234	493	0
253	492	0
270	495	0
289	506	0
309	499	1
349	506	0
371	506	0
401	506	0
426	502	1
466	506	0
495	506	0
522	499	1
542	506	0
558	506	0
579	506	0
622	506	1
646	506	1
679	506	0
707	506	0
720	506	0
742	506	0
755	506	0
772	506	0
796	506	1
841	506	1
875	506	0
912	506	0
927	506	0
955	506	0
990	506	0
1021	506	1
8	524	1
24	524	1
52	524	1
70	524	0
104	524	1
127	524	0
143	524	0
172	524	0
215	524	0
229	524	0
244	524	0
269	524	0
289	524	0
323	524	0
349	524	0
371	524	0
401	524	0
425	524	0
466	524	0
496	526	0
521	524	0
542	524	0
558	524	0
578	526	0
622	524	0
646	524	0
679	524	0
707	524	0
726	524	0
739	523	0
755	524	0
772	524	0
796	524	1
841	524	1
875	524	0
912	524	0
927	524	0
955	524	0
990	524	0
1021	524	1
8	553	1
24	553	1
52	553	1
70	553	0
104	553	1
127	553	0
143	553	0
172	554	1
215	553	0
229	553	0
244	553	1
269	553	0
289	553	0
323	553	0
349	553	0
371	553	0
401	553	1
425	553	0
466	553	1
495	553	1
521	553	0
542	553	1
558	553	1
579	553	1
622	553	0
646	553	1
679	553	0
707	553	1
720	553	1
742	553	1
755	553	0
772	553	0
792	557	1
842	558	1
875	553	0
912	553	0
927	553	0
955	553	0
990	553	0
1021	553	0
8	591	0
24	591	0
52	591	0
70	591	0
104	591	1
127	591	1
143	591	1
172	591	1
215	591	1
229	591	1
244	591	1
269	591	0
289	591	0
323	591	0
349	591	0
371	591	0
401	591	0
425	591	0
466	591	1
495	591	1
521	591	1
542	591	1
558	591	1
579	591	1
622	591	1
646	591	1
679	591	0
707	591	0
720	591	0
742	591	0
755	591	0
772	591	1
796	591	1
841	591	1
875	591	1
912	591	1
931	591	0
957	593	0
990	591	0
1021	591	0
8	630	1
24	630	1
52	630	1
70	630	1
104	630	1
127	630	1
143	630	0
172	630	0
215	630	1
229	630	1
244	630	1
269	630	1
289	630	1
323	630	1
349	630	1
371	630	1
402	634	0
425	630	0
466	630	0
491	630	0
519	630	0
542	631	0
558	630	1
579	630	1
622	630	1
646	630	1
679	630	1
707	630	1
720	630	1
742	630	1
755	630	1
772	630	1
796	630	0
841	630	0
875	630	1
912	630	1
927	630	1
955	630	1
990	630	1
1021	630	1
7	662	0
26	659	0
46	661	0
70	658	1
104	658	1
127	658	1
143	658	1
172	658	1
215	658	1
229	658	1
244	658	0
269	658	0
289	658	1
323	658	1
349	658	1
371	658	1
401	658	1
425	658	1
466	658	1
495	658	1
521	658	1
542	658	0
558	657	0
582	658	0
625	661	0
642	659	0
679	658	1
707	658	1
720	658	1
742	658	1
755	658	1
772	658	1
796	658	1
841	658	1
875	658	0
912	658	1
927	658	1
955	658	1
990	658	1
1021	658	1
8	685	1
24	685	1
52	685	1
70	685	1
106	685	0
127	685	0
143	686	0
172	685	1
215	685	1
229	685	1
244	685	1
269	685	1
289	685	1
323	685	1
353	685	0
374	686	0
399	682	0
425	685	1
466	685	1
495	685	1
521	685	1
542	685	1
558	685	1
579	685	1
622	685	1
646	685	0
677	684	0
706	686	0
720	685	0
742	685	0
755	685	1
772	685	1
796	685	1
841	685	1
875	685	1
915	686	0
927	685	0
958	686	0
990	685	1
1021	685	1
