8	5	0
23	5	0
39	5	0
61	5	1
88	5	0
126	5	1
151	5	0
174	5	0
201	5	0
239	5	0
263	5	1
284	5	1
309	5	1
340	5	1
367	5	1
390	5	0
418	5	0
431	5	0
452	5	0
486	5	0
531	5	0
548	5	1
574	5	1
611	5	1
643	5	0
674	5	0
697	5	1
727	5	1
755	5	0
786	5	1
804	5	0
822	5	0
848	5	0
866	5	0
896	5	0
940	5	0
972	5	0
1004	5	0
1032	5	0
8	23	0
23	23	0
39	23	0
61	23	1
88	23	0
124	23	1
151	23	0
174	23	0
201	23	0
239	23	0
263	23	1
284	23	1
309	23	1
340	23	1
367	23	0
390	23	0
418	23	0
431	23	0
452	23	0
486	23	0
520	26	1
544	28	1
574	23	0
611	23	0
643	23	0
674	23	0
697	23	0
727	23	0
755	23	0
786	23	0
804	23	0
822	23	0
848	23	0
866	23	0
896	23	0
940	23	0
972	23	0
1004	23	0
1032	23	0
8	62	0
23	62	0
39	62	0
61	62	0
96	55	1
126	62	0
155	59	1
174	62	0
201	62	0
239	62	1
263	62	0
284	62	0
309	62	0
340	62	0
367	62	0
390	62	0
418	62	1
431	62	1
452	62	1
486	62	0
531	62	1
548	62	1
574	62	1
611	62	1
643	62	1
674	62	1
697	62	1
727	62	0
755	62	1
786	62	0
804	62	0
822	62	1
848	62	0
866	62	0
896	62	0
936	59	1
972	62	0
1004	62	0
1032	62	0
8	107	0
23	107	0
39	107	0
58	95	1
96	100	0
127	103	1
151	107	0
174	107	0
201	107	0
239	107	1
263	107	1
284	107	0
309	107	0
343	102	1
367	107	0
390	107	1
418	107	0
431	107	0
452	107	0
486	107	1
531	107	1
548	107	1
574	107	1
611	107	0
643	107	0
680	127	1
697	107	0
732	123	1
755	107	0
785	121	1
804	107	0
822	107	0
848	107	0
866	107	0
900	115	1
940	107	0
972	107	0
1005	107	1
1032	107	0
8	152	0
23	152	0
39	152	0
61	152	0
88	152	1
126	152	0
151	152	0
174	152	1
201	152	0
239	152	0
263	152	0
284	152	1
309	152	0
340	152	0
367	152	0
390	152	0
418	152	1
431	152	1
452	152	1
486	152	1
531	152	0
548	152	0
574	152	0
611	152	0
647	166	1
674	169	1
704	177	1
727	152	0
755	152	0
786	152	0
804	152	0
822	152	0
848	152	0
866	152	0
896	152	0
940	152	0
972	152	1
1004	152	0
1032	152	0
8	201	0
23	201	0
37	191	1
61	201	0
88	201	0
124	201	1
151	201	0
174	201	0
201	201	0
239	201	1
263	201	1
284	201	0
309	201	0
340	201	1
367	201	1
390	201	1
418	201	0
431	201	0
457	203	1
486	201	0
531	201	1
548	201	1
574	201	1
611	201	0
643	201	1
674	201	0
701	202	1
727	201	0
755	200	1
786	201	0
804	201	0
822	201	0
850	211	0
866	201	0
905	207	1
940	201	0
972	201	0
1001	217	1
1032	201	0
8	251	1
23	251	1
39	251	0
61	251	0
88	251	1
126	251	0
151	251	0
177	251	1
201	251	0
239	251	0
263	251	1
284	251	1
309	251	1
340	251	1
367	251	0
390	251	1
418	251	1
431	251	1
452	251	0
486	251	1
531	251	1
548	251	0
574	251	0
611	251	0
643	251	1
674	251	1
697	251	0
727	251	1
755	251	1
786	251	0
804	251	0
822	251	0
848	251	0
866	251	0
896	251	0
940	251	0
972	251	0
1004	251	0
1032	251	0
8	298	0
23	298	0
39	298	0
61	298	0
88	298	0
127	310	1
151	298	0
174	298	0
201	298	0
239	298	1
263	298	0
284	298	0
309	298	0
340	298	1
367	298	1
390	298	0
418	298	1
431	298	1
452	298	1
486	298	0
531	298	1
548	298	1
574	298	1
611	298	0
643	298	0
674	298	0
703	323	1
730	320	1
755	298	0
786	298	0
804	298	0
828	317	1
848	298	0
872	295	1
896	298	0
940	298	0
972	298	0
1004	298	0
1032	298	0
8	352	0
23	352	0
44	332	1
61	352	0
88	352	0
126	352	0
153	354	1
174	352	0
201	352	0
239	352	0
263	352	1
284	352	1
309	352	0
340	352	0
372	352	1
390	352	0
418	352	0
431	352	0
466	353	1
499	349	1
531	352	0
548	352	0
574	352	0
611	352	0
643	352	1
674	352	1
697	352	1
727	352	0
755	352	0
786	352	0
804	352	0
822	352	0
848	352	0
871	351	1
896	352	0
940	352	0
972	352	0
1004	352	0
1032	352	0
8	413	0
23	413	0
39	413	0
61	413	0
88	413	0
126	413	0
151	413	0
174	413	0
201	413	0
239	413	1
263	413	0
284	413	0
309	413	1
340	413	1
367	413	0
390	413	1
418	413	1
431	413	1
452	413	1
486	413	0
531	413	0
548	413	1
574	413	1
611	413	0
643	413	1
674	413	0
697	413	1
727	413	0
755	413	1
786	413	0
804	413	0
822	413	0
848	413	0
866	413	0
896	413	0
940	413	0
967	404	1
1004	413	0
1032	413	0
8	452	1
23	452	1
39	452	1
61	452	1
88	452	1
126	452	0
151	452	0
174	452	0
201	452	0
239	452	0
263	452	0
284	452	0
309	452	1
340	452	1
367	452	1
390	452	1
418	452	1
431	452	1
452	452	1
486	452	1
531	452	0
548	452	0
574	452	0
611	452	0
643	452	1
674	452	1
697	452	1
727	452	1
755	452	1
786	452	1
804	452	1
822	452	1
848	452	1
866	452	1
896	452	0
940	452	0
975	452	1
1006	451	1
1032	452	0
8	492	0
23	492	0
39	492	1
61	492	1
88	492	1
126	492	1
151	492	1
174	492	1
201	492	1
239	492	0
263	492	0
284	492	0
309	492	0
344	494	0
367	492	0
390	492	0
418	492	1
431	492	1
452	492	1
486	492	1
531	492	1
548	492	1
574	492	1
611	492	1
643	492	1
674	492	0
697	492	0
727	492	0
755	492	1
786	492	1
804	492	1
822	492	1
848	492	1
866	492	1
896	492	1
940	492	1
972	492	1
1004	492	1
1032	499	0
8	517	1
23	517	1
39	517	1
61	517	1
88	517	1
116	519	0
143	523	0
174	517	1
201	517	1
239	517	1
263	517	1
284	517	1
309	517	1
340	517	1
374	518	0
396	519	0
418	516	0
435	516	0
452	517	0
486	517	0
531	517	1
548	517	1
574	517	1
611	517	1
643	517	1
674	517	1
697	517	1
727	517	1
763	515	0
787	517	0
805	517	0
819	517	0
846	519	0
866	517	1
896	517	1
940	517	1
972	517	1
1004	517	1
1030	513	0
8	545	1
23	545	1
39	545	1
61	545	1
88	545	1
126	545	1
151	545	1
174	545	1
201	545	1
239	545	0
262	547	0
284	545	1
309	545	1
340	545	1
367	545	1
390	545	1
418	545	1
431	545	1
452	545	1
486	545	1
531	546	0
553	543	0
583	546	0
611	545	0
643	545	1
674	545	1
697	545	1
727	545	1
755	545	1
786	545	1
804	545	1
822	545	1
848	545	1
866	545	1
896	551	0
947	553	0
972	545	1
1004	545	1
1032	545	1
4	595	1
24	593	1
41	591	1
63	591	1
88	590	0
130	588	0
155	582	1
175	582	1
203	582	1
235	583	1
263	578	1
286	578	1
311	576	1
341	573	0
367	571	0
387	570	0
418	571	1
431	571	1
452	571	1
486	571	1
531	571	1
548	571	1
574	571	1
616	571	0
647	568	0
673	568	0
703	565	0
727	571	1
755	571	1
786	571	1
804	571	1
822	571	1
848	571	1
866	571	1
896	571	1
940	571	1
984	586	0
1005	585	0
1033	583	0
3	629	0
25	627	1
43	626	1
67	628	1
91	627	1
118	626	1
142	625	1
173	625	1
207	624	0
242	615	0
263	607	1
284	607	1
309	607	1
340	607	1
367	607	1
390	607	1
418	607	1
431	607	1
452	607	0
486	607	0
516	600	1
544	599	1
575	599	1
613	602	1
643	606	1
671	604	1
705	608	1
730	595	0
757	598	0
788	595	0
806	595	0
823	598	0
847	597	1
868	599	1
901	599	1
941	600	1
972	607	1
1004	607	1
1032	607	1
4	669	1
23	666	1
41	667	1
64	665	0
90	664	0
118	663	0
151	659	1
171	661	1
199	659	1
235	658	1
259	658	1
285	653	1
313	653	0
340	647	0
363	647	0
388	642	1
413	640	1
431	639	1
451	636	1
487	640	1
527	641	1
547	637	1
571	637	1
611	637	0
637	636	0
672	637	0
699	639	1
731	639	1
756	641	1
787	640	1
808	639	1
825	641	1
848	647	1
866	647	1
896	647	1
940	647	1
975	649	0
1000	649	0
1027	653	0
8	683	1
23	683	1
39	683	1
68	683	0
90	683	0
127	685	0
151	684	0
172	683	0
201	683	0
239	683	1
263	683	1
284	683	1
309	683	1
340	683	1
367	683	1
390	683	1
418	683	1
438	681	0
458	681	0
491	670	1
528	671	1
552	670	1
583	670	1
611	670	1
642	668	1
680	666	1
698	666	1
727	670	0
751	671	0
772	667	0
793	671	0
824	674	1
847	672	1
876	671	1
899	670	1
937	670	1
975	674	1
1003	670	1
1030	671	1
