17	9	1
29	-24	0
96	-10	1
126	-7	1
157	-13	1
177	-10	0
204	-17	0
216	-18	1
243	-3	1
268	-24	1
300	-11	0
336	5	1
368	5	0
406	5	1
430	7	1
450	9	1
475	9	0
498	9	1
528	9	1
552	9	1
595	9	0
619	9	1
650	9	1
687	9	1
713	9	0
752	9	1
782	9	1
808	9	1
834	9	0
855	9	1
878	9	1
917	9	1
946	9	0
976	9	1
1005	9	1
1023	9	1
12	13	1
62	18	0
92	42	0
106	18	1
130	21	1
156	21	1
184	28	0
220	25	1
245	28	1
271	29	1
300	32	0
339	33	1
359	35	1
382	33	1
408	37	0
450	42	1
475	42	1
498	42	1
532	41	0
552	42	1
588	42	1
619	42	1
650	42	0
682	43	1
703	45	1
723	49	1
760	47	0
810	52	1
828	52	1
852	48	1
879	51	0
920	54	1
944	57	1
970	53	1
1000	51	0
1028	59	1
24	65	1
56	66	1
85	68	1
114	69	0
148	70	1
176	69	1
196	69	1
231	69	0
266	74	1
287	77	1
308	81	1
338	82	0
377	84	1
406	85	1
431	85	1
457	82	0
499	82	1
528	83	1
550	84	1
582	85	0
617	87	1
646	89	1
664	89	1
688	91	0
716	94	1
752	96	1
780	97	1
816	94	0
844	94	1
866	95	1
888	96	1
930	101	0
960	101	1
988	101	1
1006	101	1
1031	102	0
11	103	1
49	107	0
92	110	1
117	109	1
141	110	1
168	117	0
196	116	1
222	118	1
248	119	1
277	119	0
312	123	1
338	125	1
355	125	1
392	124	0
428	127	1
450	125	1
475	125	1
513	126	0
542	124	1
565	126	1
588	125	1
624	132	0
658	137	1
688	137	1
712	138	1
744	141	0
781	140	1
805	144	1
834	145	1
864	149	0
892	144	1
922	145	1
946	146	1
975	148	0
1008	146	1
1027	148	1
8	155	1
37	153	1
64	152	1
104	151	0
136	161	1
161	159	1
183	161	1
211	164	0
237	174	1
264	174	1
294	174	1
333	171	0
355	174	1
378	174	1
403	174	1
450	174	0
475	174	1
498	174	1
528	174	1
552	174	0
588	174	1
619	174	1
650	174	1
680	177	0
705	179	1
735	181	1
762	185	1
800	181	0
827	185	1
851	188	1
880	190	1
908	194	0
941	193	1
968	196	1
998	197	1
1028	194	0
12	197	1
41	203	0
77	201	1
106	201	1
147	206	0
176	210	1
196	213	1
216	213	1
240	213	1
269	216	0
298	217	1
331	221	1
357	223	1
383	224	0
410	229	1
431	229	1
464	229	1
498	233	0
528	233	1
552	233	1
588	233	1
619	233	0
659	227	1
692	230	1
724	230	0
752	233	1
782	233	1
808	233	1
834	233	0
862	244	1
882	242	1
916	245	1
945	244	1
971	243	0
1005	233	1
1023	233	1
11	245	1
30	249	1
57	250	1
86	249	0
147	258	1
172	257	1
119	257	1
204	266	0
240	269	1
266	273	1
296	274	1
330	277	0
355	279	1
378	279	1
403	279	1
428	285	0
458	282	1
489	283	1
516	282	1
548	281	0
581	278	1
606	278	1
633	277	1
673	280	0
704	281	1
736	281	1
768	280	0
808	279	1
834	279	1
855	279	1
893	285	0
923	286	1
955	289	1
982	293	1
1009	292	0
1035	294	1
3	292	1
32	289	0
63	296	1
88	303	1
103	302	1
135	314	0
172	327	1
195	330	1
228	335	1
262	334	0
293	360	0
332	361	0
357	337	0
379	338	0
405	341	0
450	336	1
476	336	0
508	333	1
527	327	1
562	320	1
596	320	0
625	317	1
652	321	1
678	326	1
708	325	0
740	329	1
764	330	1
797	330	1
824	326	0
855	321	1
886	321	1
917	321	1
946	321	0
976	321	1
1004	328	1
1025	335	1
8	336	0
46	332	1
82	341	0
116	342	0
148	345	0
174	349	0
193	349	0
215	350	0
240	353	0
264	349	0
294	349	1
339	352	1
358	355	0
379	353	0
403	349	1
450	349	1
475	349	0
498	349	1
528	349	1
552	349	0
588	349	1
619	349	1
650	349	0
687	349	0
713	349	0
752	349	1
782	349	1
808	349	1
834	349	0
855	349	0
878	349	0
917	349	0
946	349	0
976	349	1
1005	349	1
1023	349	1
17	385	1
56	385	0
92	385	0
120	385	0
148	385	0
174	385	0
190	385	0
212	385	0
237	385	0
264	385	0
294	385	0
338	385	0
355	385	0
378	385	0
403	385	1
450	385	0
475	385	0
498	385	0
528	385	0
552	385	0
588	385	0
619	385	0
650	385	1
687	385	0
713	385	0
752	385	0
782	385	0
808	385	0
834	385	1
855	385	1
878	385	0
917	385	0
946	385	0
976	385	0
1005	385	0
1023	385	1
17	418	1
56	418	0
95	418	0
120	418	0
148	418	0
174	418	0
190	418	0
212	418	0
237	418	0
264	418	0
294	418	0
338	418	0
355	418	0
378	418	0
403	418	0
450	418	0
475	418	0
498	418	0
528	418	1
552	418	1
588	418	0
619	418	0
650	418	0
687	418	0
713	418	0
752	418	0
782	418	0
808	418	0
834	418	0
855	418	0
878	418	0
917	418	0
946	418	0
976	418	0
1005	418	0
1023	418	0
17	461	0
56	461	0
92	461	0
120	461	0
148	461	0
174	461	0
190	461	0
212	461	0
237	461	0
264	461	0
294	461	0
338	461	0
355	461	0
378	461	0
403	461	0
450	461	0
475	461	0
498	461	0
528	461	0
552	461	0
588	461	0
619	461	1
650	461	0
687	461	0
713	461	0
752	461	0
782	461	1
808	461	1
834	461	0
855	461	0
878	461	0
917	461	0
946	461	0
976	461	1
1005	461	0
1023	461	0
17	480	0
56	480	1
92	480	0
120	480	0
148	480	0
174	480	0
190	480	0
212	480	0
237	480	0
264	480	0
294	480	0
338	480	0
355	480	0
378	480	0
403	480	0
450	480	0
475	480	0
498	480	1
528	480	1
552	480	0
588	480	0
619	480	0
650	480	1
687	480	0
713	480	0
752	480	0
782	480	0
808	480	1
834	480	0
855	480	1
878	480	1
917	480	0
946	480	0
976	480	0
1005	480	0
1023	480	0
17	509	0
56	509	0
92	509	0
120	509	0
148	509	0
174	509	0
190	509	0
212	509	1
237	509	0
264	509	0
294	509	1
338	509	0
355	509	0
378	509	0
403	509	1
450	509	0
475	509	0
498	509	0
528	509	0
552	509	0
588	509	1
619	509	0
650	509	0
687	509	0
713	509	0
752	509	1
782	509	0
808	509	0
834	509	0
855	509	0
878	509	0
917	509	0
946	509	1
976	509	0
1005	509	0
1023	509	0
17	542	1
56	542	0
92	542	0
120	542	0
148	542	1
174	542	1
190	542	1
212	542	0
237	542	0
264	542	0
294	542	1
338	542	0
355	542	0
378	542	1
403	542	0
450	542	0
475	542	1
498	542	0
528	542	0
552	542	0
588	542	0
619	542	0
650	542	1
687	542	0
713	542	0
752	542	0
782	542	0
808	542	1
834	542	1
855	542	0
878	542	0
917	542	0
946	542	0
976	542	0
1005	542	1
1023	542	1
17	567	0
56	567	0
92	567	1
120	567	0
148	567	0
174	567	1
190	567	1
212	567	0
237	567	0
264	567	0
294	567	0
338	567	0
355	567	1
378	567	1
403	567	0
450	567	0
475	567	0
498	567	0
528	567	1
552	567	0
588	567	0
619	567	0
650	567	0
687	567	0
713	567	1
752	567	0
782	567	0
808	567	0
834	567	0
855	567	1
878	567	1
917	567	1
946	567	0
976	567	0
1005	567	1
1023	567	1
25	615	1
56	612	0
92	612	0
120	612	0
148	612	0
174	612	0
190	612	0
212	612	1
237	612	0
264	612	0
294	612	0
338	612	1
355	612	0
378	612	0
403	612	1
450	612	0
475	612	0
498	612	1
528	612	0
552	612	0
588	612	0
619	612	0
650	612	0
687	612	0
713	612	0
752	612	0
782	612	0
808	612	0
834	612	1
855	612	1
878	612	0
917	612	0
946	612	1
976	612	0
1005	612	0
1023	612	1
17	636	0
56	636	0
92	636	1
120	636	1
148	636	0
174	636	0
190	636	0
212	636	1
237	636	0
264	636	0
294	636	1
338	636	0
355	636	0
378	636	1
403	636	0
450	636	0
475	636	0
498	636	0
528	636	0
552	636	1
588	636	0
619	636	0
650	636	0
687	636	0
713	636	0
752	636	0
782	636	0
808	636	0
834	636	0
855	636	0
878	636	1
917	636	1
946	636	1
976	636	0
1005	636	0
1023	636	1
17	660	0
56	660	0
92	660	1
120	660	0
148	660	0
174	660	1
190	660	0
212	660	0
237	660	0
264	660	1
294	660	1
338	660	0
355	660	0
378	660	0
403	660	0
450	660	1
475	660	0
498	660	0
528	660	0
552	660	1
588	660	0
619	660	1
650	660	0
687	660	0
713	660	0
752	660	0
782	660	0
808	660	1
834	660	0
855	660	0
878	660	0
917	660	0
946	660	1
976	660	1
1005	660	1
1023	660	0
