26	6	0
47	6	0
65	6	0
87	6	0
110	6	0
129	6	0
149	6	0
171	6	0
191	6	0
217	6	0
241	6	0
265	6	0
290	6	0
316	6	0
340	6	0
369	6	1
397	6	1
416	6	1
429	6	1
449	6	1
472	6	1
492	6	0
512	7	0
539	6	1
557	6	1
574	6	1
598	6	1
616	6	1
644	6	1
669	6	1
684	7	0
716	6	1
743	6	1
766	6	1
793	6	1
822	6	1
838	6	1
862	6	1
891	6	1
914	6	1
944	7	0
967	6	0
992	6	1
1013	6	1
1028	6	1
26	18	1
47	18	0
65	18	0
87	18	0
110	18	0
129	18	0
149	18	0
171	18	0
191	18	0
217	18	0
241	18	0
265	18	0
290	18	0
316	18	0
340	18	0
369	18	1
397	18	1
416	18	1
429	18	1
449	18	1
472	18	1
492	18	0
513	18	0
539	18	1
557	18	1
574	18	1
598	18	1
616	18	1
644	18	1
669	18	1
686	18	1
716	18	1
743	18	1
766	15	0
793	18	1
822	18	1
838	18	1
862	18	1
891	18	1
914	18	1
939	18	1
967	18	1
992	18	1
1013	18	1
1028	18	0
14	34	1
47	29	0
65	29	0
87	29	0
110	29	0
129	29	0
149	29	0
171	29	0
191	29	0
217	29	0
241	29	0
265	29	0
290	29	0
316	29	0
340	29	0
369	29	1
397	29	1
416	29	1
429	29	1
449	29	1
472	29	1
492	29	1
513	29	1
539	29	1
561	32	0
574	29	1
598	29	1
616	29	1
644	29	1
669	29	1
686	29	1
716	29	1
743	29	1
766	29	1
793	29	1
822	29	1
838	29	1
862	29	1
891	29	1
914	29	1
939	29	1
967	29	1
992	29	1
1013	29	1
1028	29	0
26	40	1
47	40	0
65	40	0
87	40	0
110	40	0
129	40	0
149	40	0
171	40	0
191	40	0
217	40	0
241	40	0
265	40	0
290	40	0
316	40	0
340	40	0
369	40	1
397	40	1
416	40	1
429	40	1
449	40	1
472	40	1
492	40	1
513	40	1
539	40	1
557	40	1
574	40	1
598	40	1
616	40	1
644	40	1
669	40	1
686	40	1
716	40	1
743	40	1
766	40	1
793	40	1
822	40	1
838	40	0
862	40	1
891	40	1
914	40	1
939	40	1
967	40	1
992	40	1
1013	40	1
1028	40	1
12	62	1
47	54	1
65	54	1
87	54	1
110	54	0
129	54	0
149	54	0
171	54	0
191	54	0
217	54	0
241	54	0
265	54	0
290	54	0
316	54	0
340	54	0
369	54	0
397	54	1
416	54	1
429	54	1
449	54	1
472	54	1
492	54	1
513	54	1
539	54	1
557	54	1
574	54	1
598	54	1
616	54	1
644	54	0
669	54	1
686	54	1
716	54	1
743	54	1
766	54	1
793	54	1
822	54	1
838	54	1
862	54	1
891	54	1
914	54	1
939	54	1
967	54	1
992	54	1
1013	54	1
1028	54	1
26	69	1
47	69	1
65	69	1
87	69	1
110	69	1
129	69	1
149	69	1
171	69	1
191	69	0
217	69	0
241	69	0
265	69	0
290	69	0
316	69	0
340	69	0
369	69	1
397	69	1
416	69	1
429	69	1
449	69	0
472	69	0
492	69	1
513	69	1
539	69	1
557	69	1
574	69	1
598	69	1
616	69	1
644	69	1
669	69	1
686	69	1
716	69	1
743	69	1
766	69	1
793	69	1
822	69	1
838	69	1
862	69	1
891	69	1
914	69	0
939	69	1
967	69	1
992	69	1
1013	69	1
1028	69	1
26	87	1
47	87	1
65	87	1
87	87	1
110	87	1
129	87	1
149	87	1
171	87	1
191	87	0
217	87	0
241	87	0
265	87	1
290	87	0
316	87	0
340	87	0
369	87	1
397	87	1
416	87	1
429	87	1
449	87	1
472	87	1
492	87	1
513	87	1
543	94	0
557	87	1
574	87	1
598	87	1
616	87	1
644	87	1
669	87	1
686	87	1
719	80	0
743	87	1
766	87	1
793	87	1
822	87	1
838	87	1
862	87	1
891	87	1
914	87	1
939	87	1
967	87	1
992	87	0
1013	87	1
1028	87	1
26	101	1
47	101	1
65	101	1
87	101	1
110	101	1
129	101	1
149	101	1
171	101	1
191	101	0
217	101	0
241	101	1
265	101	1
290	101	0
316	101	0
340	101	0
369	101	1
397	101	1
416	101	1
429	101	1
449	101	1
472	101	1
492	101	1
513	101	1
539	101	1
557	101	1
574	101	1
598	101	1
616	101	1
644	101	1
669	101	1
686	101	1
716	101	1
743	101	1
766	101	1
793	101	0
822	101	1
838	101	1
862	101	1
891	101	1
914	101	1
939	101	1
967	101	1
992	101	1
1013	101	1
1028	101	1
26	116	1
47	116	1
65	116	1
87	116	1
110	116	1
129	116	1
149	116	0
171	116	0
191	116	0
217	116	1
241	116	1
265	116	1
290	116	0
316	116	0
340	116	0
369	116	1
397	116	1
416	116	1
429	116	1
449	116	1
472	116	1
492	116	1
513	116	1
539	116	1
557	116	1
574	116	1
598	116	0
616	116	0
644	116	1
669	116	1
686	116	1
716	116	1
743	116	1
766	116	1
793	116	1
822	116	1
838	116	1
862	116	1
891	116	1
914	116	1
939	116	1
967	116	1
992	116	1
1013	116	1
1028	116	1
26	143	0
47	143	0
65	143	0
87	143	0
110	143	0
129	143	0
149	143	0
171	143	0
191	143	0
217	143	0
241	143	0
265	143	0
290	143	0
316	143	0
340	143	0
374	139	1
390	136	1
414	141	0
429	143	1
449	143	1
472	143	1
492	143	1
513	143	1
539	143	1
557	143	1
574	143	1
598	143	1
616	143	1
644	143	1
669	143	1
686	143	0
716	143	1
743	143	1
766	143	1
793	143	1
822	143	1
838	143	1
865	136	0
891	143	1
914	143	1
939	143	0
967	143	1
992	143	1
1013	143	1
1028	143	1
26	160	0
47	160	0
65	160	0
87	160	0
110	160	0
129	160	0
149	160	0
171	160	0
191	160	0
217	160	0
241	160	0
265	160	0
290	160	0
316	160	0
340	160	0
369	160	1
397	160	1
416	160	1
429	160	1
449	160	1
472	160	1
492	160	0
513	160	1
539	160	1
557	168	0
574	160	1
598	160	1
616	160	1
644	160	1
669	160	1
686	160	1
716	160	1
743	160	0
766	160	1
793	160	1
822	160	1
838	160	1
862	160	1
891	160	1
914	160	1
939	160	1
967	160	1
993	162	0
1013	160	0
1028	160	0
26	183	0
47	183	0
65	183	0
87	183	0
110	183	0
129	183	0
149	183	0
171	183	0
191	183	0
217	183	0
241	183	0
265	183	0
290	183	0
316	183	0
340	183	0
369	183	1
397	183	1
416	183	1
429	183	1
449	183	1
472	183	1
492	183	1
513	183	1
539	183	1
557	183	1
574	183	1
598	183	1
616	183	1
645	187	0
669	183	1
686	183	1
716	183	1
743	183	1
766	183	1
793	183	1
822	183	0
838	183	1
862	183	1
891	183	1
914	183	1
939	183	1
967	183	1
992	183	1
1013	183	1
1028	183	1
26	205	0
47	205	0
65	205	0
87	205	0
110	205	0
129	205	0
149	205	0
171	205	0
191	205	0
217	205	0
241	205	0
265	205	0
290	205	0
316	205	0
340	205	0
369	205	1
397	205	1
416	205	1
429	205	0
449	205	0
472	205	1
492	205	1
513	205	1
539	205	1
557	205	1
574	205	1
598	205	1
616	205	1
644	205	1
669	205	1
686	205	1
714	210	0
743	205	1
766	205	1
793	205	1
822	205	1
838	205	1
862	205	1
891	205	0
914	205	1
939	205	1
967	205	1
992	205	1
1013	205	1
1028	205	1
26	217	0
47	217	0
65	217	0
87	217	1
110	217	0
129	217	0
149	217	0
171	217	0
191	217	0
217	217	0
241	217	0
265	217	0
290	217	0
316	217	0
340	217	0
369	217	1
397	217	1
416	217	1
429	217	1
449	217	1
472	217	1
492	217	1
513	217	1
539	217	1
557	217	1
574	217	1
598	217	1
616	217	1
644	217	1
669	217	1
686	217	1
716	217	1
743	217	1
766	217	1
793	217	1
822	217	1
838	217	1
862	217	1
891	217	1
914	217	1
939	217	1
967	217	0
992	217	0
1013	217	1
1028	217	1
26	229	0
47	229	0
65	229	1
87	229	1
110	229	1
129	229	0
149	229	0
171	229	0
191	229	0
217	229	0
241	229	0
265	229	0
290	229	0
316	229	0
340	229	0
369	229	1
397	229	1
416	229	1
429	229	1
449	229	1
472	229	1
492	229	1
513	229	0
539	229	1
557	229	1
574	229	1
598	229	1
616	229	1
644	229	1
669	229	1
686	229	1
716	229	1
743	229	1
766	229	1
793	229	0
822	229	1
838	229	1
862	229	1
891	229	1
914	229	1
939	229	1
967	229	1
992	229	1
1013	229	1
1028	229	1
26	243	0
47	243	0
65	243	1
87	243	1
110	243	1
129	243	0
149	243	0
171	243	0
191	243	0
217	243	0
241	243	1
265	243	0
290	243	0
316	243	0
340	243	0
369	243	0
397	243	1
416	243	1
429	243	1
449	243	1
472	243	1
492	243	1
513	243	1
539	243	1
557	243	1
574	243	1
598	243	0
616	243	1
644	243	1
669	243	1
686	243	1
716	243	1
743	243	1
766	243	1
793	243	1
822	243	1
838	243	1
862	247	0
891	243	1
914	243	1
939	243	1
967	243	1
992	243	1
1013	243	1
1029	243	0
26	263	0
47	263	0
65	263	0
87	263	0
110	263	0
129	263	0
149	263	0
171	263	0
191	263	1
217	263	1
241	263	1
265	263	1
290	263	0
316	263	0
340	263	0
369	263	0
397	263	0
416	263	1
429	263	1
449	263	1
472	263	1
492	263	1
513	263	1
539	263	1
557	263	1
574	263	1
598	263	1
616	263	1
644	263	1
669	263	0
686	263	1
716	263	1
743	263	1
766	263	1
793	263	1
822	263	1
838	263	1
862	263	1
891	263	1
914	263	1
939	263	1
967	263	1
992	263	1
1013	263	1
1028	263	1
26	280	0
47	280	0
65	280	0
87	280	0
110	280	0
129	280	0
149	280	0
171	280	0
191	280	1
217	280	0
241	280	0
265	280	0
290	280	0
316	280	0
340	280	1
369	280	1
397	280	1
416	280	1
429	280	1
449	280	1
472	280	1
492	280	0
513	280	1
539	280	1
557	280	1
574	280	1
598	280	1
616	280	1
644	280	1
669	280	1
686	280	1
716	280	1
743	280	1
766	280	1
793	280	1
822	280	1
838	280	1
862	280	1
891	280	1
919	278	0
939	280	1
967	280	1
992	280	1
1013	280	1
1028	280	1
26	296	0
47	296	0
65	296	0
87	296	0
110	296	0
129	296	0
149	296	0
171	296	0
191	296	0
217	296	0
241	296	0
265	296	0
290	296	0
316	296	0
340	296	1
369	296	1
397	296	1
416	296	1
429	296	1
449	296	1
472	296	1
492	296	1
513	296	1
539	296	1
557	296	0
574	296	1
598	296	1
616	296	1
644	296	1
669	296	1
686	296	1
716	296	1
746	289	0
766	296	1
793	296	1
822	296	1
838	296	1
862	296	1
891	296	1
914	296	1
939	296	1
967	296	1
992	296	1
1013	296	0
1028	296	1
26	315	0
47	315	0
65	315	0
87	315	0
110	315	0
129	315	0
149	315	0
171	315	0
191	315	0
217	315	0
241	315	0
265	315	0
290	315	0
316	315	0
340	315	1
369	315	1
397	315	1
416	315	1
429	315	1
449	315	1
472	315	1
492	315	1
513	315	1
539	315	1
557	315	1
574	315	1
598	315	1
616	315	1
644	315	0
669	315	1
686	315	1
716	315	1
743	315	1
766	315	1
793	315	1
822	315	0
838	315	1
862	315	1
891	315	1
914	315	1
939	315	1
967	315	1
992	315	1
1013	315	1
1028	315	1
26	332	0
47	332	0
65	332	0
87	332	0
110	332	0
129	332	0
149	332	0
171	332	0
191	332	0
217	332	0
241	332	0
265	332	0
290	332	0
316	332	0
340	332	0
369	332	0
400	332	0
416	333	0
429	332	0
451	335	0
472	332	1
492	332	1
513	332	1
539	332	1
557	332	1
574	332	1
598	332	1
616	332	1
644	332	1
669	332	1
686	332	1
716	332	1
743	332	1
766	332	1
793	332	1
822	332	1
838	332	1
862	332	1
891	332	0
914	332	1
939	332	1
967	332	1
992	332	1
1013	332	1
1028	332	1
26	349	0
47	349	0
65	349	0
87	349	0
110	349	0
129	349	0
149	349	0
171	349	0
191	349	0
217	349	0
241	349	0
265	349	0
290	349	0
316	349	0
340	349	0
369	349	0
397	349	0
416	349	1
429	349	1
449	349	1
472	349	1
492	349	1
513	349	1
539	349	1
557	349	1
574	349	1
598	349	1
616	349	1
644	349	1
669	349	1
686	349	1
715	350	0
743	349	1
766	349	1
793	349	1
822	349	1
838	349	1
862	349	1
891	349	1
914	349	1
939	349	1
967	349	0
992	349	1
1013	349	1
1028	349	1
26	367	0
47	367	0
65	367	0
87	367	0
110	367	0
129	367	0
149	367	0
171	367	0
191	367	0
217	367	0
241	367	0
265	367	0
290	367	0
316	367	0
340	367	0
369	367	0
397	367	0
416	367	1
429	367	1
449	367	1
472	367	1
492	367	1
515	365	0
539	367	1
557	367	1
574	367	1
598	367	1
616	367	1
644	367	1
669	367	1
686	367	1
716	367	1
743	367	1
766	367	1
793	367	0
822	367	1
838	367	1
862	367	1
891	367	1
914	367	1
939	367	1
967	367	1
992	367	1
1013	367	1
1028	367	0
26	382	0
47	382	0
65	382	0
87	382	0
110	382	0
129	382	0
149	382	0
171	382	0
191	382	0
217	382	0
241	382	0
265	382	0
290	382	0
316	382	0
340	382	0
369	382	0
397	382	0
416	382	0
429	382	1
449	382	1
472	382	1
492	382	1
513	382	1
539	382	1
557	382	1
574	382	1
594	383	0
616	382	1
644	382	1
669	382	1
686	382	1
716	382	1
743	382	1
766	382	1
793	382	1
822	382	1
838	382	1
862	382	0
891	382	1
914	382	1
939	382	1
967	382	1
992	382	1
1013	382	1
1028	382	1
26	402	0
47	402	1
65	402	1
87	402	1
110	402	0
129	402	0
149	402	0
171	402	0
191	402	0
217	402	1
241	402	1
265	402	0
290	402	0
316	402	0
340	402	0
369	402	0
397	402	0
416	402	0
429	402	1
449	402	1
472	402	1
492	402	1
513	402	1
539	402	1
557	402	1
574	402	1
598	402	1
616	402	1
644	402	1
669	400	0
686	402	1
716	402	1
743	402	1
766	402	1
793	402	1
822	402	1
838	402	1
862	402	1
891	402	1
914	402	1
939	402	0
967	402	1
992	402	1
1013	402	1
1028	402	1
26	416	0
47	416	1
65	416	1
87	416	1
110	416	0
129	416	0
149	416	0
171	416	1
191	416	1
217	416	1
241	416	1
265	416	0
290	416	0
316	416	0
340	416	0
369	416	0
397	416	0
416	416	0
429	416	0
447	416	0
472	416	0
492	416	1
513	416	1
539	416	1
559	429	0
574	416	1
598	416	1
616	416	1
644	416	1
669	416	1
686	416	1
716	416	1
743	416	0
766	416	1
793	416	1
822	416	1
838	416	1
862	416	1
891	416	1
914	416	1
939	416	1
967	416	1
993	419	0
1009	417	0
1031	421	0
26	449	0
47	449	0
65	449	0
87	449	0
110	449	0
129	449	0
149	449	0
171	449	1
191	449	0
217	449	0
241	449	0
265	449	0
290	449	0
316	449	1
340	449	1
369	449	1
397	449	0
416	449	0
429	449	0
449	449	1
472	449	1
492	449	1
513	449	1
539	449	1
557	449	1
574	449	1
598	449	1
617	446	0
644	449	1
669	449	1
686	449	1
716	449	1
743	449	1
766	449	1
793	449	1
822	449	1
838	449	1
862	449	1
891	449	0
914	449	1
939	449	1
967	449	1
992	449	1
1013	449	1
1028	449	1
26	477	0
47	477	0
65	477	0
87	477	0
110	477	0
129	477	0
149	477	0
171	477	0
191	477	0
217	477	0
241	477	0
265	477	0
290	477	0
316	477	0
340	477	0
369	477	0
397	477	0
416	477	0
429	477	0
449	477	1
472	477	1
492	477	1
513	477	0
539	477	1
557	477	1
574	477	1
598	477	1
616	477	1
644	477	1
669	477	1
686	477	1
716	477	1
743	477	1
766	477	1
793	477	1
822	477	1
838	477	1
862	477	1
891	477	1
914	477	1
939	477	1
961	470	0
992	477	1
1013	477	1
1028	477	1
26	496	0
47	496	0
65	496	0
87	496	0
110	496	0
129	496	0
149	496	0
171	496	0
191	496	0
217	496	0
241	496	0
265	496	0
290	496	0
316	496	0
340	496	0
369	496	0
397	496	0
416	496	0
429	496	0
449	496	1
472	496	1
492	496	1
513	496	1
539	496	1
557	496	1
574	496	1
598	496	0
616	496	1
644	496	1
669	496	1
686	496	1
716	496	1
743	496	1
766	496	1
793	496	1
822	496	1
838	496	0
862	496	0
891	496	1
914	496	1
939	496	1
967	496	1
992	496	1
1013	496	1
1031	492	0
26	512	0
47	512	0
65	512	0
87	512	0
110	512	0
129	512	0
149	512	0
171	512	0
191	512	0
217	512	0
241	512	0
265	512	0
290	512	0
316	512	0
340	512	0
369	512	0
397	512	0
416	512	0
429	512	0
449	512	1
472	512	1
492	512	1
513	512	1
539	512	1
557	512	1
574	512	1
598	512	1
616	512	1
644	512	1
669	512	0
686	512	1
716	512	1
743	512	1
766	512	1
793	512	1
822	512	1
838	512	1
862	512	1
891	512	1
914	512	0
937	517	0
967	512	1
992	512	1
1013	512	1
1028	512	1
26	532	1
47	532	1
65	532	1
87	532	0
110	532	0
129	532	0
149	532	0
171	532	0
191	532	0
217	532	0
241	532	0
265	532	0
290	532	0
316	532	0
340	532	0
369	532	0
397	532	0
416	532	0
429	532	0
449	532	1
472	532	1
492	532	1
513	532	1
539	532	1
557	532	1
574	532	1
598	532	1
616	532	1
644	532	1
669	532	1
686	532	1
716	532	1
743	532	0
766	532	1
793	532	1
822	532	1
838	532	1
862	532	1
891	532	1
914	532	1
939	532	1
967	532	1
995	537	0
1014	538	0
1028	532	1
26	551	1
47	551	1
65	551	1
87	551	0
110	551	0
129	551	0
149	551	1
171	551	1
191	551	1
217	551	0
241	551	0
265	551	0
290	551	0
316	551	0
340	551	0
369	551	0
397	551	0
416	551	0
429	551	0
449	551	1
472	551	1
492	551	1
513	551	1
542	548	0
557	549	0
574	551	1
598	551	1
616	551	1
644	551	1
669	551	1
686	551	1
716	551	1
743	551	1
766	551	1
793	551	1
822	551	0
838	551	1
862	551	1
891	551	1
914	551	1
939	551	1
967	551	1
992	551	1
1013	551	1
1028	551	1
26	563	1
47	563	1
65	563	1
87	563	0
110	563	0
129	563	0
149	563	1
171	563	1
191	563	1
217	563	0
241	563	0
265	563	0
290	563	0
316	563	1
340	563	1
369	563	0
397	563	0
416	563	0
429	563	0
449	563	1
472	563	1
492	563	1
513	563	1
539	563	1
557	563	1
574	563	1
598	563	1
616	567	0
642	565	0
669	563	1
686	563	1
716	563	1
743	563	1
766	563	1
793	563	1
822	563	1
838	563	1
862	563	1
891	563	1
914	563	1
939	563	1
967	563	1
992	563	1
1013	563	1
1028	563	1
26	578	0
47	578	0
65	578	0
87	578	0
110	578	0
129	578	0
149	578	1
171	578	1
191	578	1
217	578	0
241	578	0
265	578	1
290	578	1
316	578	1
340	578	1
369	578	0
397	578	0
416	578	0
429	578	0
449	578	1
472	578	1
492	578	1
513	578	1
539	578	1
557	578	1
574	578	1
598	578	1
616	578	1
644	578	1
669	578	1
686	578	1
716	580	0
743	578	1
766	578	1
793	578	1
822	578	1
838	578	1
862	578	1
895	574	0
910	574	0
939	578	1
967	578	1
992	578	1
1013	578	1
1028	578	1
26	597	0
47	597	0
65	597	0
87	597	0
110	597	0
129	597	0
149	597	0
171	597	0
191	597	0
217	597	0
241	597	0
265	597	1
290	597	1
316	597	1
340	597	0
369	597	0
397	597	1
416	597	1
429	597	1
449	597	1
472	597	1
492	597	0
513	597	0
539	597	1
557	597	1
574	597	1
598	597	1
616	597	1
644	597	1
669	597	1
686	597	1
716	597	1
743	597	1
766	597	1
793	597	1
822	597	1
838	597	1
862	597	1
891	597	1
914	597	1
939	597	1
967	597	1
992	597	1
1013	597	1
1028	597	1
26	616	0
47	616	0
65	616	0
87	616	0
110	616	0
129	616	0
149	616	0
171	616	0
191	616	0
217	616	0
241	616	0
265	616	0
290	616	0
316	616	0
340	616	0
369	616	0
397	616	0
416	616	1
429	616	1
449	616	1
472	616	1
492	616	1
513	616	1
539	616	1
557	616	1
574	616	0
598	616	1
616	616	1
644	616	1
669	616	1
686	616	1
716	616	1
743	616	1
766	616	1
793	616	1
822	616	1
843	621	0
860	619	0
891	616	1
914	616	1
939	616	1
967	616	1
992	616	1
1013	616	1
1027	611	0
26	633	0
47	633	0
65	633	0
87	633	0
110	633	0
129	633	0
149	633	0
171	633	0
191	633	0
217	633	0
241	633	0
265	633	0
290	633	0
316	633	0
340	633	0
369	633	0
397	633	0
416	633	0
429	633	1
449	633	1
472	633	1
492	633	1
513	633	1
539	633	1
557	633	1
574	633	1
598	633	1
616	633	1
644	633	0
668	629	0
686	633	1
716	633	1
743	633	1
766	633	1
793	633	1
822	633	1
838	633	1
862	633	1
891	633	1
917	640	0
939	633	1
967	633	1
992	633	1
1013	633	1
1028	633	1
26	650	0
47	650	0
65	650	0
87	650	0
110	650	0
129	650	0
149	650	0
171	650	0
191	650	0
217	650	0
241	650	0
265	650	0
290	650	0
316	650	0
340	650	0
369	650	0
397	650	0
416	650	0
429	650	1
449	650	0
472	650	1
492	650	1
513	650	1
539	650	1
557	650	1
574	650	1
598	650	1
616	650	1
644	650	1
669	650	1
686	650	1
721	651	0
743	650	0
766	650	1
793	650	1
822	650	1
838	650	1
862	650	1
891	650	1
914	650	1
939	650	1
967	650	1
994	652	0
1013	650	1
1028	650	1
26	664	0
47	664	1
65	664	0
87	664	0
110	664	0
129	664	0
149	664	0
171	664	0
191	664	0
217	664	0
241	664	0
265	664	0
290	664	0
316	664	0
340	664	0
369	664	0
397	664	0
416	664	0
429	664	0
449	664	1
472	664	1
492	664	1
513	664	1
539	664	0
557	664	0
574	664	1
598	664	1
616	664	1
644	664	1
669	664	1
686	664	1
716	664	1
743	664	1
766	664	1
791	664	0
822	664	0
838	664	1
862	664	1
891	664	1
914	664	1
939	664	1
967	664	1
992	664	1
1013	664	1
1028	664	1
26	682	1
47	682	1
65	682	1
87	682	0
110	682	0
129	682	0
149	682	0
171	682	0
191	682	0
217	682	0
241	682	0
265	682	0
290	682	0
316	682	0
340	682	0
369	682	0
397	682	0
416	682	0
429	682	0
449	682	1
472	682	1
492	682	1
513	682	1
539	682	1
557	682	1
574	682	1
598	682	1
616	682	0
644	682	1
669	682	1
686	682	1
716	682	1
743	682	1
766	682	1
793	682	1
822	682	1
838	682	1
869	684	0
891	682	0
914	682	1
939	682	1
967	682	1
992	682	1
1013	682	1
1028	682	1
