8	12	0
31	12	0
57	12	1
83	12	1
107	12	1
134	12	1
159	12	1
183	12	1
209	12	1
234	12	1
262	12	1
289	12	0
315	12	0
342	12	0
368	12	0
396	12	0
423	12	0
451	12	0
480	12	1
507	12	1
537	12	1
565	12	1
592	12	1
620	12	1
647	12	1
675	12	1
703	12	0
733	12	0
763	12	0
790	12	0
818	12	0
848	12	0
876	12	0
905	12	1
932	12	1
960	12	1
988	12	1
1016	12	1
8	31	0
31	31	0
57	31	0
83	31	0
107	31	1
134	31	1
159	31	1
183	31	1
209	31	1
234	31	1
262	31	1
289	31	1
315	31	0
342	31	0
368	31	0
396	31	0
423	31	0
451	31	0
480	31	1
507	31	1
537	31	1
565	31	1
592	31	1
620	31	1
647	31	1
675	31	1
703	31	0
733	30	0
763	31	0
790	31	0
818	31	0
848	31	0
876	31	0
905	31	0
932	31	1
960	31	1
988	31	1
1016	31	1
8	48	0
31	48	0
57	48	0
83	48	0
107	48	0
134	48	0
159	48	0
183	48	0
209	48	1
234	48	1
262	48	1
289	48	1
315	48	0
342	48	0
368	48	0
396	48	0
423	48	0
451	48	0
480	48	0
507	48	0
537	48	1
565	48	1
592	48	1
620	48	1
647	48	1
675	48	1
703	48	1
733	48	1
763	51	0
791	47	0
818	48	0
848	48	0
876	48	0
905	48	0
932	48	0
960	48	0
988	48	1
1016	48	1
8	72	1
31	72	1
57	72	0
83	72	0
107	72	0
134	72	0
159	72	0
183	72	0
209	72	0
234	72	0
262	72	1
289	72	1
315	72	1
342	72	1
368	72	1
396	72	1
423	72	1
451	72	1
480	72	0
507	72	0
537	72	0
565	72	0
592	72	0
620	72	0
647	72	0
675	72	1
703	72	1
733	72	1
763	72	1
790	72	1
818	72	1
848	72	1
876	72	1
905	72	0
932	72	0
960	72	0
988	72	0
1016	72	0
8	105	1
31	105	1
57	105	1
83	105	1
107	105	0
132	103	0
155	104	0
183	105	0
209	105	0
234	105	0
262	105	0
289	105	0
315	105	1
342	105	1
368	105	1
396	105	1
423	105	1
451	105	1
480	105	1
507	105	1
537	105	1
565	105	1
592	105	1
620	105	0
647	105	0
675	105	0
703	105	0
733	105	1
763	105	1
790	105	1
818	105	1
848	105	1
876	105	1
905	105	1
932	105	1
960	105	1
988	105	1
1016	105	1
8	127	1
31	127	1
57	127	1
83	127	1
107	127	1
134	127	1
159	127	1
183	127	1
209	127	0
234	127	0
262	127	0
289	127	0
315	127	0
342	127	0
368	127	0
396	127	1
423	127	1
451	127	1
480	127	1
507	127	1
537	127	1
565	127	1
592	127	1
620	127	0
647	127	0
675	127	0
703	127	0
733	127	0
763	127	0
790	128	0
818	127	1
848	127	1
876	127	1
905	127	1
932	127	1
960	127	1
988	127	1
1016	127	1
8	152	0
31	152	0
57	153	0
83	152	0
107	152	1
134	152	1
159	152	1
183	152	1
206	151	1
234	152	1
262	152	1
289	152	1
315	152	0
342	152	0
368	152	0
396	152	0
423	152	0
451	152	1
480	152	1
507	152	1
537	152	1
565	152	1
592	152	1
620	152	1
647	152	1
675	152	1
703	152	1
733	152	1
763	152	0
790	152	0
818	152	0
848	152	0
876	152	1
905	152	1
932	152	1
960	152	1
988	152	1
1016	152	1
8	169	0
31	169	0
57	169	0
83	169	0
107	169	1
134	169	1
159	169	1
183	169	1
209	169	1
234	169	1
262	169	1
289	169	1
315	169	1
342	169	1
368	169	1
396	169	0
423	169	0
451	169	0
480	169	0
507	169	0
537	169	1
565	169	1
592	169	1
620	169	1
647	169	1
675	169	1
703	169	1
733	169	1
763	169	1
790	169	1
818	169	0
848	169	0
876	169	0
905	169	0
932	169	0
960	169	0
988	169	1
1016	169	1
8	187	1
31	187	0
57	187	0
83	187	0
107	187	0
134	187	0
159	187	0
183	187	1
209	187	1
234	187	1
262	187	1
289	187	1
315	187	1
342	187	1
368	187	1
396	187	0
421	187	0
451	187	0
480	187	0
507	187	0
537	187	0
565	187	0
592	187	0
620	187	1
647	187	1
675	187	1
703	187	1
733	187	1
763	187	1
790	187	1
818	187	1
848	187	1
878	189	0
902	187	0
932	187	0
960	187	0
988	187	0
1019	189	0
8	208	1
31	208	1
57	208	1
83	208	1
107	208	0
134	208	0
159	208	0
183	208	0
209	208	0
234	208	0
262	208	1
289	208	1
315	208	1
342	208	1
368	208	1
396	208	1
423	208	1
451	208	1
480	208	1
507	208	0
537	208	0
565	208	0
592	208	0
620	208	0
647	208	0
675	208	1
703	208	1
733	208	1
763	208	1
790	208	1
818	208	1
848	208	1
876	208	1
905	208	1
935	208	0
960	208	0
988	208	0
1016	208	0
8	227	1
31	227	1
57	227	1
83	227	1
107	227	1
134	227	0
159	227	0
183	227	0
209	227	0
234	227	0
262	227	0
289	227	0
315	227	1
342	227	1
368	227	1
396	227	1
423	227	1
451	227	1
480	227	1
507	227	1
537	227	1
565	227	1
592	227	0
620	227	0
647	227	0
675	227	0
703	227	1
733	227	1
763	227	1
790	227	1
818	227	1
848	227	1
876	227	1
905	227	1
932	227	1
960	227	1
988	227	1
1023	226	0
8	247	1
31	247	1
57	247	1
83	247	1
107	247	1
134	247	0
159	247	0
186	245	0
209	247	0
234	247	0
262	247	0
289	247	0
315	247	0
342	247	0
368	247	1
396	247	1
423	247	1
451	247	1
480	247	1
507	247	1
537	247	1
565	247	1
592	247	1
620	247	1
647	247	0
675	247	0
703	247	0
733	247	0
763	247	0
790	247	1
818	247	1
848	247	1
876	247	1
905	247	1
932	247	1
960	247	1
988	247	1
1016	247	1
8	269	0
31	269	0
56	271	0
83	269	0
107	269	1
134	269	1
159	269	1
183	269	1
209	269	1
234	269	1
262	269	1
289	269	0
315	269	0
342	269	0
368	269	0
396	269	0
423	269	0
451	269	0
480	269	0
507	269	1
537	269	1
565	269	1
592	269	1
620	269	1
647	269	1
675	269	1
703	269	0
733	269	0
769	270	0
790	269	0
818	269	0
848	269	0
876	269	0
905	269	1
932	269	1
960	269	1
988	269	1
1016	269	1
8	286	0
31	286	0
57	286	0
83	286	0
107	286	1
134	286	1
159	286	1
183	286	1
209	286	1
234	286	1
262	286	1
289	286	1
315	286	1
342	286	1
368	286	0
396	286	0
423	286	0
451	286	0
480	286	0
507	286	0
537	286	0
565	286	1
592	286	1
620	286	1
647	286	1
675	286	1
703	286	1
733	286	1
763	286	1
790	286	0
818	286	0
848	286	0
876	286	0
905	286	0
932	286	0
960	286	1
988	286	1
1016	286	1
8	305	0
31	305	0
57	305	0
83	305	0
107	305	0
134	305	0
159	305	0
183	305	1
209	305	1
234	305	1
262	305	1
289	305	1
315	305	1
342	305	1
371	306	0
396	305	0
423	305	0
451	305	0
480	305	0
507	305	0
537	305	0
562	307	0
594	307	1
620	305	1
647	305	1
675	305	1
703	305	1
733	305	1
763	305	1
790	305	1
818	305	1
848	305	0
876	305	0
905	305	0
932	305	0
960	305	0
988	305	0
1016	305	0
8	332	1
31	332	0
57	332	0
83	332	0
107	331	0
134	332	0
159	332	0
183	332	0
209	332	0
234	332	1
262	332	1
289	332	1
315	332	1
342	332	1
368	332	1
396	332	1
423	332	1
451	332	1
480	332	1
507	332	0
537	332	0
565	332	0
592	332	0
620	332	0
647	332	0
675	332	0
703	332	1
733	332	1
763	332	1
790	332	1
818	332	1
848	332	1
876	332	1
905	332	1
932	332	1
960	332	1
988	332	1
1016	332	1
8	360	1
31	360	1
57	360	1
83	360	1
107	360	1
134	360	1
159	360	1
183	360	1
209	360	0
234	360	0
262	360	0
289	360	0
315	360	0
342	360	0
368	360	1
396	360	1
423	360	1
451	360	1
480	360	1
507	360	1
537	360	1
564	361	0
592	359	0
620	360	0
647	360	0
675	360	0
703	360	0
733	360	0
763	360	0
790	360	0
818	360	0
848	360	1
876	360	1
905	360	1
932	360	1
960	360	1
988	360	1
1016	360	1
8	380	1
31	380	1
57	380	1
83	380	1
107	380	1
134	380	1
159	380	1
183	380	1
209	380	1
234	380	1
262	380	1
289	380	0
315	380	0
342	380	0
368	380	0
396	380	0
423	380	1
451	380	1
480	380	1
507	380	1
537	380	1
565	380	1
592	380	1
620	380	1
647	380	1
675	380	1
704	381	0
730	380	0
763	380	0
790	380	0
818	380	0
848	380	0
876	380	0
905	380	1
932	380	1
960	380	1
988	380	1
1016	380	1
8	401	0
31	401	0
57	401	0
83	401	1
107	401	1
134	401	1
159	401	1
183	401	1
209	401	1
234	401	1
262	401	1
289	401	1
315	401	1
342	401	0
368	401	0
396	401	0
423	401	0
451	401	0
480	401	1
507	401	1
537	401	1
565	401	1
592	401	1
620	401	1
647	401	1
675	401	1
703	401	1
733	401	1
763	401	1
790	401	1
818	401	0
848	401	0
876	401	0
905	401	0
932	401	0
960	401	0
992	403	0
1013	403	0
8	418	0
31	418	0
57	418	0
83	418	0
107	418	0
134	418	1
159	418	1
183	418	1
209	418	1
234	418	1
262	418	1
289	418	1
315	418	1
342	418	1
368	418	1
396	418	1
423	418	0
451	418	0
480	418	0
507	418	0
537	418	0
565	418	1
592	418	1
620	418	1
647	418	1
675	418	1
703	418	1
733	418	1
763	418	1
790	418	1
820	421	1
848	418	1
876	418	1
905	418	0
932	418	0
960	418	0
988	418	0
1016	418	0
8	439	1
31	439	0
57	439	0
83	439	0
107	439	0
134	439	0
159	439	0
183	439	0
210	440	0
234	439	1
262	439	1
289	439	1
315	439	1
342	439	1
368	439	1
396	439	1
423	439	1
451	439	1
480	439	0
507	439	0
537	439	0
565	439	0
592	439	0
620	439	0
647	439	0
675	439	1
703	439	1
733	439	1
763	439	1
790	439	1
818	439	1
848	439	1
876	439	1
905	439	1
932	439	1
960	439	1
988	439	1
1016	439	1
8	457	1
31	457	1
57	457	1
83	457	1
107	457	0
134	457	0
159	457	0
183	457	0
209	457	0
234	457	0
262	457	1
289	457	1
315	457	1
342	457	1
368	457	1
396	457	1
423	457	1
451	457	1
480	457	1
507	457	1
537	457	0
563	457	0
592	457	0
620	457	0
647	457	0
675	457	0
703	457	0
733	460	0
763	457	1
790	457	1
818	457	1
848	457	1
876	457	1
905	457	1
932	457	1
960	457	1
988	457	1
1016	457	1
8	477	1
31	477	1
57	477	1
83	477	1
107	477	1
135	473	0
159	475	0
183	477	0
209	477	0
234	477	0
262	477	0
289	477	0
315	477	0
342	477	1
368	477	1
396	477	1
423	477	1
451	477	1
480	477	1
507	477	1
537	477	1
565	477	1
592	477	1
620	477	1
647	477	1
673	475	0
701	476	0
733	477	0
763	477	0
787	478	0
818	477	0
848	477	0
877	482	0
911	479	0
933	482	0
960	477	1
988	477	1
1016	477	1
8	502	1
31	502	1
57	502	1
83	502	1
107	502	1
134	502	1
159	502	1
183	502	1
209	502	1
234	502	1
262	502	0
289	502	0
315	502	0
342	502	0
368	502	0
396	502	0
423	502	0
451	502	1
480	502	1
507	502	1
537	502	1
565	502	1
592	502	1
620	502	1
647	502	1
675	502	1
703	502	1
733	502	1
763	502	1
790	502	1
818	502	1
848	502	1
876	502	0
905	502	0
932	502	0
960	502	0
988	502	0
1016	502	1
8	519	0
31	519	0
57	519	1
83	519	1
107	519	1
134	519	1
159	519	1
183	519	1
209	519	1
234	519	1
262	519	1
289	519	1
315	519	0
342	519	0
368	519	0
396	519	0
423	519	0
451	519	0
480	519	0
507	519	0
535	522	0
563	520	0
592	519	1
620	519	1
647	519	1
675	519	1
703	519	1
733	519	1
763	519	1
790	519	1
818	519	1
848	519	1
876	519	1
905	519	0
932	519	0
960	519	0
988	519	0
1016	519	1
8	534	0
31	534	0
57	534	0
83	534	0
107	534	1
134	534	1
159	534	1
183	534	1
209	534	1
234	534	1
262	534	1
289	534	1
315	534	1
342	534	1
368	534	1
396	534	0
419	533	0
451	534	0
480	534	0
507	534	0
537	534	0
565	534	0
592	534	0
620	534	0
647	534	1
675	534	1
703	534	1
733	534	1
763	534	1
790	534	1
818	534	1
848	534	1
876	534	1
905	534	0
932	534	1
960	534	0
988	534	0
1016	534	0
8	548	0
31	548	0
57	548	0
83	548	0
107	548	0
134	548	0
159	548	1
183	548	1
209	548	1
234	548	1
262	548	1
289	548	1
315	548	1
342	548	1
368	548	1
396	548	1
423	548	1
451	548	1
480	548	0
507	548	0
537	548	0
565	548	0
592	548	0
620	548	0
647	548	1
675	548	1
703	548	0
727	549	0
763	548	1
790	548	0
818	548	0
848	548	1
876	548	0
905	548	0
932	548	1
960	548	0
988	548	0
1016	548	0
8	564	1
31	564	0
57	564	0
83	564	0
107	564	0
134	564	0
159	564	0
183	564	0
209	564	0
234	564	1
262	564	1
289	564	1
315	564	1
342	564	1
368	564	1
396	564	1
423	564	1
451	564	1
480	564	1
511	564	0
536	564	0
565	564	0
592	564	0
620	564	0
647	564	1
675	564	0
703	564	0
733	564	0
763	564	0
790	564	0
818	559	0
848	564	0
876	564	0
905	564	0
932	564	0
960	564	0
995	561	1
1016	564	0
8	587	1
31	587	1
57	587	1
83	587	1
107	587	0
134	587	0
159	587	0
183	587	0
209	587	0
234	587	0
262	587	0
289	587	0
315	587	1
342	587	1
368	587	1
396	587	1
423	587	1
451	587	1
480	587	1
507	587	1
537	587	1
565	587	1
592	587	1
620	587	1
647	587	1
675	587	1
703	587	0
733	587	0
763	587	0
790	587	1
819	582	1
848	587	0
876	587	1
905	587	1
932	587	0
960	587	0
988	587	0
1016	587	0
8	606	1
31	606	1
57	606	1
83	606	1
107	606	1
134	606	1
159	606	0
183	606	0
209	606	0
234	606	0
262	606	0
289	606	0
315	606	0
342	606	0
368	606	0
396	606	0
423	606	1
451	606	1
480	606	1
507	606	1
537	606	1
565	606	1
592	606	1
620	606	1
647	606	1
675	606	1
703	606	0
733	606	0
763	606	0
789	607	0
818	606	0
848	606	1
876	606	1
905	606	1
932	606	1
960	606	1
988	606	0
1016	606	0
8	623	1
31	623	1
57	623	1
83	623	1
107	623	1
134	623	1
159	623	1
183	623	1
209	623	0
234	623	0
262	623	0
289	623	0
315	623	0
342	623	0
368	623	0
396	623	0
423	623	0
453	627	0
480	623	0
507	623	1
537	623	1
565	623	1
592	623	1
620	623	1
647	623	1
675	623	1
703	623	1
733	623	0
763	620	0
792	621	0
818	623	0
843	623	0
879	623	0
905	623	1
932	623	1
960	623	1
988	623	0
1016	623	0
8	643	0
31	643	0
57	643	0
83	643	0
107	643	1
134	643	1
159	643	1
183	643	1
209	643	1
234	643	1
262	643	1
289	643	1
315	643	1
342	643	1
368	643	0
396	643	0
423	643	0
451	643	0
480	643	0
507	643	0
537	643	0
565	643	1
592	643	1
620	643	1
647	643	1
675	643	1
703	643	1
733	643	0
763	643	1
790	643	1
818	643	0
848	643	0
875	646	1
905	643	1
932	643	0
960	643	0
988	643	0
1023	640	1
8	667	0
31	667	0
57	667	0
83	667	0
107	667	0
134	667	0
159	667	1
183	667	1
209	667	1
234	667	1
262	667	1
289	667	1
315	667	1
342	667	1
368	667	1
396	667	1
423	667	0
451	667	0
480	667	0
507	667	0
537	667	0
565	667	0
592	667	0
620	667	0
647	667	0
675	667	0
703	667	0
733	667	0
763	667	0
790	667	0
818	667	1
848	667	1
876	667	1
905	667	1
932	667	0
960	667	0
988	667	0
1016	667	0
8	684	0
31	684	0
57	684	0
83	684	0
107	684	0
134	684	0
159	684	0
183	684	0
209	684	0
234	684	1
262	684	1
289	684	1
315	684	1
342	684	1
368	684	1
396	684	1
423	684	1
451	684	1
480	684	0
507	684	0
537	684	0
565	684	0
592	684	0
620	684	0
647	684	0
675	684	0
703	684	0
733	684	0
763	684	0
790	684	0
818	684	1
848	684	1
876	684	1
905	684	1
932	684	0
960	684	0
988	684	1
1016	684	0
