21	17	0
85	15	0
104	17	0
143	17	1
176	17	1
229	17	0
254	17	0
275	17	0
304	17	0
332	17	0
356	17	1
393	18	0
426	17	0
462	17	0
496	17	0
545	17	1
572	17	0
607	17	0
641	17	0
682	17	0
733	17	1
768	17	0
809	17	0
829	17	1
858	17	0
901	17	0
930	17	0
955	17	0
980	17	0
1022	17	1
14	43	0
77	38	1
104	54	0
143	54	1
168	54	1
229	54	0
254	54	1
275	54	0
304	54	0
330	59	1
356	54	0
386	54	0
432	47	1
462	54	0
496	54	0
545	54	0
576	52	1
618	47	1
641	54	0
682	54	1
733	54	0
768	54	0
809	54	1
829	54	0
858	54	0
901	54	0
930	54	0
955	54	0
980	54	0
1022	54	0
21	89	1
66	89	0
104	89	0
143	89	0
176	89	1
229	89	1
254	89	0
275	89	0
304	89	0
334	93	0
356	89	0
386	89	1
426	89	0
462	89	0
496	89	0
538	91	0
564	89	1
605	89	0
641	89	0
682	89	0
733	89	1
768	89	0
809	89	0
829	89	0
864	85	1
901	89	0
931	82	0
960	86	0
988	84	0
1022	89	0
21	115	0
66	115	0
104	115	1
143	115	0
176	115	1
229	115	0
254	115	1
275	115	1
304	115	0
332	115	0
356	115	0
386	115	1
426	115	0
462	115	1
496	115	0
545	115	0
572	115	0
605	115	0
641	115	1
682	115	0
733	115	1
768	115	0
811	114	0
829	115	0
858	115	0
900	116	0
930	115	1
955	115	0
984	116	0
1022	115	0
22	141	0
62	139	0
104	139	0
139	140	0
166	141	1
229	139	0
254	139	0
275	139	0
304	139	0
332	139	1
356	139	0
388	142	0
426	139	0
462	139	0
496	139	0
545	139	0
574	143	0
605	139	0
641	139	0
704	140	1
733	139	0
768	139	0
809	139	1
829	139	0
858	139	0
901	139	0
930	139	1
955	139	0
980	139	1
1022	139	0
21	166	0
66	166	1
104	166	0
143	166	0
176	166	0
229	166	1
254	166	0
275	166	0
304	166	0
332	166	0
356	166	0
386	166	0
426	166	1
462	166	0
496	166	0
545	166	0
581	167	1
605	166	0
642	169	0
691	172	0
736	169	0
768	166	1
809	166	0
829	166	0
858	166	0
901	166	0
930	166	0
955	166	0
980	166	0
1022	166	0
21	203	0
66	203	0
104	203	0
143	203	0
176	203	0
229	203	0
254	203	0
275	203	0
304	203	1
332	203	0
356	203	0
386	203	0
426	203	0
474	206	1
503	204	0
545	203	0
572	203	0
605	203	0
648	204	1
688	203	0
733	203	0
768	203	0
807	208	1
837	214	1
858	203	0
901	203	0
930	203	0
955	203	0
980	203	0
1022	203	0
21	240	1
66	240	0
104	240	0
143	240	0
176	240	1
229	240	0
254	240	0
275	240	0
304	240	0
332	240	1
356	240	1
386	240	0
426	240	0
462	240	0
496	240	0
545	240	0
572	240	0
605	240	0
641	240	0
682	240	1
733	240	1
768	240	0
809	240	0
829	240	0
858	240	0
901	240	1
930	240	1
955	240	0
980	240	0
1022	240	0
21	272	0
66	274	0
104	272	0
143	272	0
176	272	0
229	272	0
254	272	1
275	272	1
304	272	0
332	272	0
356	272	0
386	272	0
426	272	1
462	272	0
496	272	0
545	272	0
572	272	0
605	272	1
641	272	0
682	272	0
733	272	0
782	275	1
809	272	0
829	272	0
858	272	0
901	272	0
930	272	0
955	272	0
980	272	0
1022	272	0
21	305	0
66	305	0
104	305	0
143	305	1
182	311	0
229	305	0
254	305	0
275	305	0
304	305	0
332	305	0
356	305	0
386	305	0
426	305	0
462	305	0
496	305	1
545	305	0
572	305	0
605	305	0
641	305	0
682	305	1
733	305	0
768	305	0
812	313	1
840	316	1
864	317	1
906	309	0
936	307	0
955	305	0
980	305	0
1029	301	1
21	354	1
66	354	0
104	354	0
143	354	0
176	354	1
218	348	1
254	354	0
275	354	0
304	354	0
332	354	0
356	354	0
386	354	1
426	354	0
462	354	0
496	354	0
545	354	1
572	354	0
605	354	0
641	354	0
691	355	0
733	354	1
768	354	0
809	354	0
829	354	0
858	354	0
901	354	1
930	354	0
955	354	0
980	354	0
1022	354	0
21	391	0
66	391	0
104	391	1
143	391	0
176	391	0
229	391	0
254	391	0
275	391	0
304	391	1
332	391	0
356	391	0
386	391	0
426	391	0
462	391	1
496	391	0
545	391	0
572	391	0
605	391	0
641	391	0
682	391	0
733	391	0
768	391	0
809	391	1
829	391	0
858	391	0
901	391	0
930	391	0
955	391	0
980	391	0
1022	391	1
21	429	0
66	429	0
104	429	0
148	430	1
184	427	1
229	429	0
256	430	0
275	429	0
304	429	0
332	429	0
356	429	0
386	429	0
426	429	0
462	429	0
509	432	1
545	429	0
572	429	0
603	430	0
641	429	0
680	431	1
733	429	0
768	429	0
809	429	0
829	429	0
858	429	1
901	429	0
930	429	0
955	429	0
980	429	0
1022	429	0
15	499	1
52	495	1
104	490	0
143	487	0
188	491	1
229	487	1
257	491	0
275	487	0
304	487	0
332	487	0
356	487	0
396	490	1
426	487	0
462	487	0
496	487	0
543	485	0
572	487	0
605	487	0
641	487	0
682	487	0
733	487	1
768	487	0
809	487	0
830	491	1
858	487	0
901	487	0
930	487	1
955	487	0
980	487	0
1022	487	0
17	532	1
61	531	1
102	529	1
141	527	1
173	526	1
229	518	0
254	518	0
279	519	0
304	518	0
332	518	0
356	518	0
386	518	0
426	518	0
462	518	0
496	518	0
545	518	1
572	518	1
605	518	1
641	518	1
682	518	1
733	518	1
768	518	1
809	518	0
829	518	0
858	518	1
901	518	0
930	518	0
955	518	0
980	518	0
1022	518	0
22	563	1
65	559	1
104	558	1
143	554	1
176	554	1
231	550	1
254	554	1
275	554	1
307	551	0
329	550	0
356	554	0
386	554	0
430	555	0
462	554	0
496	554	0
545	554	0
572	554	0
605	554	0
641	554	1
682	554	1
731	548	1
768	548	1
805	548	1
829	543	1
860	540	1
903	537	0
935	537	0
955	537	0
982	536	0
1024	537	0
17	590	0
64	589	0
104	585	0
143	585	1
176	585	1
229	585	1
254	585	1
275	585	1
304	585	1
332	585	1
356	585	1
386	585	1
426	585	0
460	586	0
496	585	0
545	585	0
572	585	0
605	585	0
641	585	0
682	585	0
733	585	1
768	585	1
809	585	1
829	585	1
860	580	1
902	579	1
932	577	1
961	575	1
985	571	1
1022	569	0
22	612	0
66	613	0
104	613	0
143	613	0
177	615	0
232	615	0
254	613	1
275	613	1
304	613	1
332	613	1
356	613	1
386	613	1
426	613	1
462	613	1
496	613	1
545	613	0
576	611	0
605	613	0
641	613	0
682	613	0
733	613	0
768	613	0
809	613	0
829	613	1
858	613	1
900	608	1
931	607	1
953	606	1
985	601	1
1025	597	1
12	639	1
66	638	0
104	638	0
143	638	0
176	638	0
229	638	0
252	639	0
275	638	0
304	638	0
332	638	0
356	638	1
386	638	1
426	638	1
462	638	1
496	638	1
545	638	1
572	638	1
605	638	1
644	641	0
682	638	0
724	639	0
768	638	0
809	638	0
829	638	0
858	638	0
901	638	0
930	638	0
955	638	1
980	638	1
1022	638	1
21	663	1
66	663	1
104	663	1
143	663	0
176	663	0
229	663	0
254	663	0
275	663	0
304	663	0
332	663	0
356	663	0
386	663	0
426	663	0
462	663	1
496	663	1
545	663	1
572	663	1
605	663	1
641	663	1
682	663	1
738	659	0
770	663	0
809	663	0
837	666	0
858	663	0
901	663	0
930	663	0
955	663	0
980	663	0
1022	663	0
21	684	1
66	684	1
104	684	1
143	684	1
176	687	0
225	687	0
254	684	0
275	684	0
304	684	0
335	684	0
356	684	0
386	684	0
426	684	0
462	684	0
500	687	0
548	687	0
572	684	1
605	684	1
641	684	1
682	684	1
733	684	1
768	684	1
809	684	1
829	684	1
860	688	0
904	685	0
930	684	0
956	684	0
980	684	0
1028	686	0
