8	14	0
31	14	0
60	14	0
89	14	0
118	14	1
146	14	1
172	14	1
202	14	1
227	14	1
257	14	1
283	14	1
310	14	1
336	14	1
359	14	1
387	14	1
421	12	0
445	13	0
470	14	0
495	14	0
519	14	0
542	14	0
567	14	0
591	14	0
617	14	0
641	14	0
667	14	0
689	14	0
716	14	0
739	14	0
765	14	0
791	14	0
809	14	0
835	14	0
856	14	1
883	14	1
903	14	1
930	14	1
952	14	1
975	14	1
1004	14	1
1025	14	1
8	37	1
31	37	1
60	37	0
89	37	0
118	37	0
146	37	0
172	37	0
202	37	0
229	42	0
255	40	0
287	42	0
310	37	1
336	37	1
359	37	1
387	37	1
418	37	1
444	37	1
470	37	1
495	37	1
519	37	0
542	37	0
568	37	0
591	37	0
617	37	0
641	37	0
667	37	0
689	37	0
716	37	0
739	37	0
765	37	0
791	37	0
809	37	0
835	37	0
856	37	0
883	37	0
903	37	0
930	37	0
952	37	0
975	37	1
1004	37	1
1025	37	1
8	68	1
31	68	1
60	68	0
89	68	1
118	68	0
146	68	0
172	68	0
202	68	0
227	68	0
257	68	0
283	68	0
310	68	0
336	68	0
359	68	0
387	68	0
418	68	0
444	68	0
470	68	1
495	68	1
519	68	1
542	68	1
567	68	1
591	68	1
617	68	1
641	68	1
663	65	0
693	65	0
720	65	0
739	68	0
765	68	0
791	68	0
809	68	0
835	68	0
856	68	0
883	68	0
903	68	0
930	68	0
952	68	0
975	68	0
1004	68	0
1025	68	0
8	96	1
31	96	1
60	96	1
89	96	1
118	96	1
146	96	1
172	96	0
202	96	0
227	96	0
257	96	0
283	96	0
310	96	0
336	96	0
359	96	0
387	96	0
418	96	0
444	96	0
470	96	0
495	96	0
519	96	0
542	96	0
567	96	1
591	96	1
617	96	1
641	96	1
667	96	1
689	96	1
716	96	1
742	97	0
767	97	0
791	96	0
809	96	0
835	96	0
856	96	0
883	96	0
903	96	0
930	96	0
952	96	0
975	96	0
1004	96	0
1025	96	0
8	123	0
31	123	0
60	123	1
89	123	1
118	123	1
146	123	1
172	123	1
202	123	1
227	123	1
257	123	1
283	123	0
310	123	0
336	123	0
359	123	0
387	123	0
418	123	0
444	123	0
470	123	0
495	123	0
519	123	0
542	123	0
567	123	0
591	123	0
617	123	0
641	123	0
667	123	1
689	123	1
716	123	1
739	123	1
765	123	1
791	123	1
809	123	1
835	123	1
861	123	0
883	123	0
903	123	0
930	123	0
952	123	0
975	123	0
1004	123	0
1025	123	0
8	156	0
31	156	0
60	156	0
89	156	0
119	156	0
142	158	0
172	156	1
202	156	1
227	156	1
257	156	1
283	156	1
310	156	1
336	156	1
359	156	1
387	156	1
418	156	0
444	156	0
470	156	0
495	156	0
519	156	0
542	156	0
567	156	0
591	156	0
617	156	0
641	156	0
667	156	0
690	157	0
716	156	0
739	156	0
765	156	0
791	156	0
809	156	1
835	156	1
856	156	1
883	156	1
903	156	1
930	156	1
952	156	1
975	156	1
999	156	0
1024	155	0
8	182	0
31	182	0
60	182	0
89	182	0
118	182	0
146	182	0
172	182	0
202	182	0
227	182	0
257	182	1
283	182	1
310	182	1
336	182	1
359	182	1
387	182	1
418	182	1
444	182	1
470	182	1
496	182	0
519	182	0
542	182	0
567	182	0
591	182	0
617	182	0
641	182	0
667	182	0
689	182	0
716	182	0
739	182	0
765	182	0
791	182	0
809	182	0
835	182	0
856	182	0
883	182	0
903	182	0
930	182	1
952	182	1
975	182	1
1004	182	1
1025	182	1
8	210	0
31	210	0
60	210	0
89	210	0
118	210	0
146	210	0
172	210	0
202	210	0
227	210	0
257	210	0
283	210	0
310	210	0
336	210	0
359	210	0
387	210	1
418	210	1
444	210	1
470	210	1
495	210	1
519	210	1
542	210	1
567	210	1
591	210	1
617	210	1
640	208	0
667	210	0
689	210	0
716	210	0
739	210	0
765	210	0
791	210	0
809	210	0
835	210	0
856	210	0
883	210	0
903	210	0
930	210	0
952	210	0
975	210	0
1004	210	0
1025	210	1
8	236	1
31	236	1
60	236	1
89	236	1
123	236	0
146	236	0
172	236	0
202	236	0
227	236	0
257	236	0
283	236	0
310	236	0
336	236	0
359	236	0
387	236	0
418	236	0
444	236	0
470	236	0
495	236	0
519	236	1
542	236	1
567	236	1
591	236	1
617	236	1
641	236	1
667	236	1
689	236	1
716	236	0
739	236	0
765	236	0
791	236	0
809	236	0
835	236	0
856	236	0
883	236	0
903	236	0
930	236	0
952	236	0
975	236	0
1004	236	0
1025	236	0
8	268	1
31	268	1
60	268	1
89	268	1
118	268	1
146	268	1
172	268	1
202	268	1
227	268	1
258	268	0
283	268	0
310	268	0
336	268	0
359	268	0
387	268	0
418	268	0
444	268	0
470	268	0
495	268	0
519	268	0
542	268	0
567	268	0
591	268	0
617	268	1
641	268	1
667	268	1
689	268	1
716	268	1
739	268	1
765	268	1
791	268	1
809	268	1
839	269	0
867	269	0
883	268	0
903	268	0
930	268	0
952	268	0
975	268	0
1004	268	0
1025	268	0
8	309	0
31	309	0
60	309	0
89	309	0
118	309	1
146	309	1
172	309	1
202	309	1
227	309	1
257	309	1
283	309	1
310	309	1
336	309	1
359	309	0
387	309	0
418	309	0
444	309	0
470	309	0
495	309	0
519	309	0
542	309	0
567	309	0
591	309	0
617	309	0
641	309	0
667	309	0
689	309	0
716	309	0
739	309	0
768	304	1
793	299	1
813	300	1
837	299	1
859	299	1
883	294	1
908	293	1
927	291	1
953	291	0
975	291	0
1005	291	0
1030	291	0
8	337	0
31	337	0
60	337	0
89	337	0
118	337	0
146	337	0
172	337	0
202	337	0
227	337	1
257	337	1
283	337	1
310	337	1
336	337	1
359	337	1
387	337	1
418	337	1
444	337	1
470	337	1
495	337	0
519	337	0
542	337	0
567	337	0
591	337	0
617	337	0
641	337	0
667	337	0
689	337	0
716	337	0
739	337	0
765	337	0
791	337	0
809	337	0
835	337	0
856	337	0
883	337	0
903	331	1
923	325	1
950	325	1
976	324	1
998	324	1
1022	327	1
8	378	0
31	378	0
60	378	0
89	378	0
118	378	0
146	378	0
172	378	0
202	378	0
227	378	0
257	378	0
283	378	0
310	378	0
336	378	1
359	378	1
387	378	1
418	378	1
444	378	1
470	378	1
495	378	1
519	378	1
542	378	1
567	378	1
591	378	1
617	378	0
641	378	0
667	378	0
689	378	0
716	378	0
739	378	0
765	378	0
791	378	0
809	378	0
835	378	0
856	378	0
883	378	0
903	378	0
930	378	0
949	371	0
978	370	0
998	370	0
1023	362	1
9	406	1
31	407	1
60	407	1
89	407	1
118	407	0
146	407	0
172	407	0
202	407	0
227	407	0
257	407	0
283	407	0
310	407	0
336	407	0
359	407	0
387	407	0
418	407	0
444	407	0
470	407	1
495	407	1
519	407	1
542	407	1
567	407	1
591	407	1
617	407	1
641	407	1
667	407	1
695	409	0
716	407	0
739	407	0
765	407	0
791	407	0
809	407	0
835	407	0
856	407	0
883	407	0
903	407	0
930	407	0
952	407	0
975	407	0
1004	407	0
1025	407	0
10	430	1
36	430	1
58	428	1
90	429	1
123	431	0
147	432	0
170	435	0
199	432	0
227	437	0
257	437	0
283	437	0
310	437	0
336	437	0
359	437	0
387	437	0
418	437	0
444	437	0
470	437	0
495	437	0
519	437	0
542	437	0
569	443	0
590	446	1
619	447	1
641	437	1
667	437	1
689	437	1
716	437	1
739	437	1
765	437	1
791	437	0
809	437	0
835	437	0
856	437	0
883	437	0
903	437	0
930	437	0
952	437	0
975	437	0
1004	437	0
1025	437	0
8	466	1
31	466	1
60	466	1
89	466	1
118	466	1
146	466	1
172	466	1
202	466	1
227	466	1
257	466	1
283	466	1
310	466	1
336	466	1
359	466	1
387	466	0
418	466	0
444	466	0
470	466	0
495	466	0
519	466	0
542	466	0
567	466	0
591	466	0
621	467	0
641	466	0
671	470	0
696	472	0
719	469	0
739	466	1
765	466	1
791	466	1
809	466	1
835	466	1
856	466	1
883	466	1
903	466	0
929	465	0
952	466	0
975	466	0
999	463	0
1023	463	0
8	495	1
31	495	1
60	495	1
89	495	1
118	495	1
146	495	1
172	495	1
203	499	1
227	495	1
257	495	1
283	495	1
310	495	1
336	495	1
359	495	1
387	495	1
418	495	1
444	495	0
470	495	0
495	495	0
519	495	0
542	495	0
567	495	0
591	495	0
617	495	0
641	495	0
667	495	0
689	495	0
716	495	0
739	495	0
765	495	0
790	498	0
809	495	0
835	495	1
856	495	1
883	495	1
903	495	1
930	495	1
952	495	1
975	495	1
1004	495	1
1025	495	1
8	535	1
31	535	1
60	535	1
89	535	1
118	535	1
146	535	1
172	535	1
202	535	1
227	535	1
257	535	1
283	535	1
310	535	1
336	535	0
359	535	0
387	535	1
418	535	1
444	535	1
470	535	1
495	535	1
519	535	1
542	535	0
567	535	0
591	535	0
617	535	0
641	535	0
667	535	0
689	535	0
716	535	0
739	535	0
765	535	0
791	535	0
809	535	0
835	535	0
856	535	0
883	535	0
903	535	0
930	535	0
952	535	0
975	535	1
1001	531	1
1025	526	1
8	563	1
31	563	1
60	563	1
89	563	1
118	563	1
146	563	1
172	563	1
202	563	1
227	563	1
257	563	1
283	563	1
310	563	1
335	561	0
359	563	0
387	563	0
418	563	0
444	563	0
470	563	0
495	563	1
519	563	1
542	563	1
567	563	1
591	563	1
617	563	1
641	563	1
667	563	1
689	563	0
716	563	0
739	563	0
765	563	0
791	563	0
809	563	0
835	563	0
856	563	0
883	563	0
903	563	0
930	563	0
952	563	0
975	563	0
1004	563	0
1025	563	0
8	598	1
31	600	0
61	600	0
89	598	1
118	598	1
146	598	1
172	598	1
202	598	1
227	598	1
257	598	1
283	598	1
310	598	1
336	598	1
359	598	1
387	598	1
418	598	0
444	598	0
470	598	0
495	598	0
519	598	0
542	598	0
567	598	0
591	598	1
617	598	1
641	598	1
667	598	1
689	598	1
716	598	1
739	598	1
765	598	1
791	598	1
809	598	0
839	594	0
856	597	0
885	595	0
908	595	0
930	598	0
952	598	0
975	598	0
1004	598	0
1025	598	0
8	624	1
31	624	1
60	624	1
89	624	1
118	624	1
146	624	1
172	624	1
202	624	1
227	624	1
263	629	0
283	628	0
311	629	0
336	624	1
359	624	1
387	624	1
418	624	0
444	624	0
470	624	0
495	624	0
519	624	0
542	624	0
567	624	0
591	624	0
617	624	0
641	624	0
667	624	1
689	624	1
716	624	1
739	624	1
765	624	1
791	624	1
809	624	1
835	624	1
856	624	1
885	619	1
907	619	1
930	624	0
952	624	0
976	619	0
1004	619	0
1025	624	0
8	651	1
31	651	1
60	651	1
89	651	1
118	651	1
146	651	1
172	651	1
202	651	1
227	651	1
257	651	1
283	651	1
310	651	1
336	651	1
359	651	1
387	651	1
415	650	0
444	651	0
470	651	0
495	651	0
519	651	0
542	651	0
567	651	0
591	651	0
617	651	0
641	651	0
667	651	0
689	651	0
719	654	0
745	653	0
765	651	0
791	651	1
809	651	1
835	651	1
856	651	1
883	651	1
903	651	1
930	651	1
952	651	1
975	651	1
1004	651	1
1025	651	1
8	682	1
31	682	1
60	682	1
89	682	1
118	682	0
146	682	1
172	682	1
202	682	1
227	682	1
257	682	1
283	682	1
310	682	1
336	682	1
359	682	1
387	682	1
418	682	1
444	682	1
470	682	1
495	682	1
519	682	0
542	682	0
567	682	0
591	682	0
617	682	0
641	682	0
667	682	0
689	682	0
716	682	0
739	682	0
765	682	0
791	682	0
809	682	0
835	682	0
856	682	0
883	682	0
903	682	0
930	682	1
952	682	1
975	682	1
1004	682	1
1025	682	1
