7	17	0
50	17	0
71	17	1
96	17	1
123	17	1
150	17	1
171	17	1
191	17	1
214	17	1
240	17	1
272	17	1
299	17	1
326	17	0
348	17	0
372	17	0
397	17	0
422	17	0
445	17	0
462	17	0
485	17	0
503	17	0
530	17	0
551	17	0
571	17	0
598	17	0
624	17	0
653	17	0
676	17	0
696	17	0
728	17	0
758	17	0
780	17	1
800	17	1
824	17	0
843	17	0
869	17	0
897	27	1
925	28	1
950	26	1
973	17	0
999	17	0
1020	17	0
7	52	0
50	52	0
71	52	0
96	52	0
123	52	0
150	52	0
171	52	0
191	52	1
214	52	1
240	52	1
272	52	1
299	52	1
326	52	1
348	52	1
372	52	1
397	52	0
422	52	0
445	52	0
462	52	0
485	52	0
503	52	0
530	52	0
551	52	0
571	52	0
598	52	0
624	52	0
653	52	0
676	52	0
696	52	0
728	52	0
758	52	0
780	52	0
800	52	0
824	52	0
843	52	0
869	52	0
895	52	0
926	52	0
947	52	0
973	52	0
999	52	0
1020	52	1
7	83	1
50	83	0
71	83	0
96	83	0
123	83	0
150	83	0
171	83	0
191	83	0
214	83	0
240	83	0
272	83	0
299	83	1
326	83	1
348	83	1
372	83	1
397	83	1
422	83	1
445	83	1
462	83	0
485	83	0
503	83	0
530	83	0
551	83	0
571	83	0
598	83	0
624	83	0
653	83	0
676	83	0
696	83	0
728	83	0
758	83	0
780	83	0
800	83	0
824	83	0
843	83	0
869	83	0
895	83	0
926	83	0
947	83	0
973	83	0
999	83	0
1020	83	0
7	115	1
50	115	1
71	115	1
96	115	1
123	115	1
150	115	1
171	115	0
191	115	0
214	115	0
240	115	0
272	115	0
299	115	0
326	115	0
348	115	0
372	115	0
397	115	0
422	115	0
445	115	0
462	115	0
485	115	0
505	107	1
529	103	1
552	101	1
571	115	0
598	115	0
623	112	0
651	107	0
684	103	0
702	113	0
728	115	0
758	115	0
780	115	0
800	115	0
824	115	0
843	115	0
869	115	0
895	115	0
926	115	0
947	115	0
973	115	0
999	115	0
1020	115	0
9	146	0
51	147	1
72	147	1
98	146	1
122	146	1
147	146	1
171	138	1
191	138	1
214	138	1
240	138	1
272	138	0
299	138	0
326	138	0
348	138	0
372	138	0
397	138	0
422	138	0
445	138	0
462	138	0
485	138	0
503	138	0
530	138	0
551	138	0
571	138	0
598	138	0
624	138	1
655	127	1
677	124	1
696	138	0
728	138	0
755	150	1
779	150	1
803	146	1
824	138	0
843	138	0
869	138	0
895	138	0
926	138	0
947	138	0
973	138	0
999	138	0
1020	138	0
7	176	0
50	176	0
71	176	0
96	176	0
123	176	0
150	176	1
171	176	1
191	176	1
214	176	1
240	176	1
272	176	1
299	176	1
326	176	0
348	176	0
372	176	0
397	176	0
422	176	0
445	176	0
462	176	0
485	176	0
503	176	0
530	176	0
551	176	0
571	176	0
598	176	0
624	176	0
653	176	0
676	176	0
696	176	0
728	176	0
758	176	0
780	176	0
800	176	0
824	176	0
843	176	0
869	176	1
895	176	1
926	176	0
947	176	0
973	176	0
999	176	0
1020	176	0
7	211	0
50	211	0
71	211	0
96	211	0
123	211	0
150	211	0
171	211	0
191	211	0
214	211	0
240	211	0
272	211	0
299	211	0
326	211	0
348	211	0
372	211	1
397	211	1
422	211	1
445	211	0
462	211	0
485	211	0
503	211	0
530	211	0
551	211	0
571	211	0
598	211	0
624	211	0
653	211	0
676	211	0
696	211	0
728	211	0
758	211	0
780	211	0
800	211	0
824	211	0
843	211	0
869	211	0
895	211	0
926	211	0
947	211	0
973	211	0
999	211	1
1020	211	1
6	243	1
43	243	1
71	247	1
96	247	1
123	247	1
150	247	0
171	247	0
191	247	0
214	247	0
240	247	0
272	247	0
299	247	0
326	247	0
348	247	0
372	247	0
397	247	0
422	247	0
445	247	0
462	247	0
485	247	1
503	247	1
530	247	0
551	247	0
571	247	0
598	247	0
624	247	0
656	246	0
676	247	0
696	247	0
728	247	0
758	247	0
780	247	0
800	247	0
824	247	0
843	247	0
869	247	0
895	247	0
926	247	0
947	247	0
973	247	0
999	247	0
1020	247	0
12	276	1
50	279	1
71	279	1
96	279	1
123	279	1
150	279	1
171	279	1
191	279	1
214	279	0
240	279	0
272	279	0
299	279	0
326	279	0
348	279	0
372	279	0
397	279	0
422	279	0
445	279	0
462	279	0
485	279	0
503	279	0
530	279	0
551	279	0
571	279	0
598	279	1
624	279	1
653	279	1
676	279	0
696	279	0
724	293	1
752	293	0
780	279	0
800	279	0
824	279	0
843	279	0
869	279	0
895	279	0
926	279	0
947	279	0
973	279	0
999	279	0
1020	279	0
7	313	0
50	313	0
71	313	0
96	313	0
123	313	1
150	313	1
171	313	1
191	313	1
214	313	1
240	313	1
272	313	0
299	313	0
326	313	0
348	313	0
372	313	0
397	313	0
422	313	0
445	313	0
462	313	0
485	313	0
503	313	0
530	313	0
551	313	0
571	313	0
598	313	0
624	313	0
653	313	0
676	313	0
696	313	0
728	313	0
758	313	0
780	313	0
800	313	0
824	313	0
843	313	1
869	313	1
895	313	0
926	313	0
947	313	0
973	313	0
999	313	0
1020	313	0
7	347	0
50	347	0
71	347	0
96	347	0
123	347	0
150	347	0
171	347	0
191	347	0
214	347	0
240	347	0
272	347	0
299	347	0
326	347	1
348	347	1
372	347	1
397	347	0
422	347	0
445	347	0
462	347	0
485	347	0
503	347	0
530	347	0
551	347	0
571	347	0
598	347	0
624	347	0
653	347	0
676	347	0
696	347	0
728	347	0
758	347	0
780	347	0
800	347	0
824	347	0
843	347	0
869	347	0
895	347	0
926	347	0
947	347	0
973	347	1
999	347	1
1020	347	0
6	373	0
50	374	0
71	374	0
96	374	0
123	374	0
150	374	0
171	374	0
191	374	0
214	374	0
240	374	0
272	374	0
299	374	0
326	374	0
348	374	0
372	374	0
397	374	0
422	374	0
445	374	1
462	374	1
485	374	1
503	374	1
530	374	0
551	374	0
571	374	0
598	374	0
624	374	0
653	374	0
676	374	0
696	374	0
728	374	0
758	374	0
780	374	0
800	374	0
824	374	0
843	374	0
869	374	0
895	374	0
926	374	0
947	374	0
973	374	0
999	374	0
1020	374	0
7	399	1
50	399	1
71	399	0
96	399	0
123	399	0
150	399	0
171	399	0
191	399	0
214	399	0
240	399	0
272	399	0
299	399	0
326	399	0
348	399	0
372	399	0
397	399	0
422	399	0
445	399	0
462	399	0
485	399	0
503	399	0
530	399	0
551	399	0
570	409	1
596	405	1
624	399	1
653	399	0
676	399	0
696	399	0
728	399	0
758	399	0
780	399	0
800	399	0
824	399	0
843	399	0
869	399	0
895	399	0
926	399	0
947	399	0
973	399	0
999	399	0
1020	399	0
7	431	1
50	431	1
71	431	1
96	431	1
123	431	1
150	431	0
171	431	0
191	431	0
214	431	0
240	431	0
272	431	0
299	431	0
326	431	0
348	431	0
372	431	0
397	431	0
422	431	0
445	431	0
462	431	0
485	431	0
503	431	0
530	431	0
551	431	0
571	435	0
599	436	0
624	431	0
653	431	0
681	443	1
708	447	1
735	442	1
758	431	0
780	431	0
800	431	0
824	431	0
843	431	0
869	431	0
895	431	0
926	431	0
947	431	0
973	431	0
999	431	0
1020	431	0
7	466	0
50	466	0
71	466	0
96	466	0
123	466	0
150	466	0
171	457	1
196	457	1
219	457	1
240	466	0
272	466	0
299	466	0
326	466	0
348	466	0
372	466	0
397	466	0
422	466	0
445	466	0
462	466	0
485	466	0
503	466	0
530	466	0
551	466	0
571	466	0
598	466	0
624	466	0
653	466	0
676	466	0
698	475	0
731	471	0
758	466	0
780	466	0
800	466	1
824	466	1
843	466	1
869	466	1
895	466	0
926	466	0
947	466	0
975	461	0
999	466	0
1020	466	0
7	489	0
50	489	0
71	489	0
96	489	0
123	489	0
150	489	0
171	489	0
191	489	0
214	489	0
240	489	0
272	489	0
299	489	1
326	489	1
348	489	0
372	489	0
397	489	0
422	489	0
445	489	0
462	489	0
485	489	0
503	489	0
530	489	0
551	489	0
571	489	0
598	489	0
624	489	0
653	489	0
676	489	0
696	489	0
728	489	0
758	489	0
780	489	0
800	489	0
824	489	0
843	489	0
869	489	0
895	489	0
926	489	1
947	489	1
980	487	1
999	489	0
1020	489	0
7	520	0
50	520	0
71	520	0
96	520	0
123	520	0
150	520	0
171	520	0
191	520	0
214	520	0
240	520	0
272	520	0
299	520	0
326	520	0
348	520	0
372	520	0
397	520	0
422	520	1
443	515	1
465	513	1
485	520	0
503	520	0
530	520	0
551	520	0
571	520	0
598	520	0
624	520	0
653	520	0
676	520	0
696	520	0
728	520	0
758	520	0
780	520	0
800	520	0
824	520	0
843	520	0
869	520	0
895	520	0
926	520	0
947	520	0
973	520	0
999	520	0
1020	520	0
7	562	1
38	563	1
71	548	0
96	548	0
123	548	0
150	548	0
171	548	0
191	548	0
214	548	0
240	548	0
272	548	0
299	548	0
326	548	0
348	548	0
372	548	0
397	548	0
422	548	0
445	548	0
462	548	0
485	548	0
503	548	0
530	548	1
551	548	1
577	545	1
598	548	0
624	548	0
653	548	0
676	548	0
696	548	0
728	548	0
758	548	0
780	548	0
800	548	0
824	548	0
843	548	0
869	548	0
895	548	0
926	548	0
947	548	0
973	548	0
999	548	0
1020	548	0
7	590	0
50	590	0
71	590	0
96	590	0
128	603	1
149	598	1
171	590	1
196	587	1
214	590	0
240	590	0
272	590	0
299	590	0
326	590	0
348	590	0
372	590	0
397	590	0
422	590	0
445	590	0
462	590	0
485	590	0
503	590	0
530	590	0
551	590	0
571	590	0
598	590	0
624	590	0
657	584	1
678	580	1
698	573	1
728	590	0
758	590	0
780	590	0
800	590	0
824	590	0
843	590	0
869	590	0
895	590	0
926	590	0
947	590	0
973	590	0
999	590	0
1020	590	0
7	627	0
50	627	0
71	627	0
96	627	0
123	627	0
150	627	0
171	627	0
191	627	0
214	627	0
240	627	0
261	630	1
290	627	1
316	627	1
348	627	0
372	627	0
397	627	0
422	627	0
445	627	0
462	627	0
485	627	0
503	627	0
530	627	0
551	627	0
571	627	0
598	627	0
624	627	0
653	627	0
676	627	0
696	627	0
728	627	0
764	619	1
787	619	1
811	613	1
824	627	0
843	627	0
869	627	0
896	636	1
928	637	1
952	637	1
973	627	0
999	627	0
1020	627	0
7	663	0
50	663	0
71	663	0
96	663	0
123	663	0
150	663	0
171	663	0
191	663	0
214	663	0
240	663	0
272	663	0
299	663	0
326	663	0
348	663	0
367	667	0
390	667	1
415	664	1
439	662	1
462	663	0
485	663	0
503	663	0
530	663	0
551	663	0
571	663	0
598	663	0
624	663	0
653	663	0
676	663	0
696	663	0
728	663	0
758	663	0
780	663	0
800	663	0
824	663	0
843	663	0
869	663	0
895	663	0
926	663	0
947	663	0
973	663	0
999	663	0
1027	666	1
7	687	1
50	687	0
71	687	0
96	687	0
123	687	0
150	687	0
171	687	0
191	687	0
214	687	0
240	687	0
272	687	0
299	687	0
326	687	0
348	687	0
372	687	0
397	687	0
422	687	0
445	687	0
462	687	0
485	687	0
503	687	1
530	687	1
551	687	1
571	687	0
598	687	0
624	687	0
653	687	0
676	687	0
696	687	0
728	687	0
758	687	0
780	687	0
800	687	0
824	687	0
843	687	0
869	687	0
895	687	0
926	687	0
947	687	0
973	687	0
999	687	0
1020	687	0
