7	7	0
32	7	0
54	7	1
79	7	1
100	7	1
128	7	1
157	7	1
186	7	1
211	7	1
235	7	0
279	7	0
308	7	0
336	7	0
373	7	0
400	7	1
431	7	1
456	7	1
485	7	1
519	7	0
561	7	0
596	7	0
629	7	0
649	7	0
676	7	0
702	7	0
732	7	0
756	10	1
793	7	0
820	7	0
845	7	0
872	7	0
904	7	0
927	7	0
952	7	0
976	7	0
1004	7	0
1030	7	1
7	30	1
32	30	1
54	30	1
77	30	0
101	29	0
131	30	0
158	30	0
186	30	1
211	30	1
235	30	1
279	30	1
309	30	1
337	30	1
373	30	1
400	30	0
431	30	0
456	30	0
492	31	1
525	32	1
548	32	1
596	30	0
632	29	1
649	30	0
676	30	0
702	30	0
732	30	0
764	30	0
793	30	0
822	37	1
845	30	0
872	30	0
904	30	0
927	30	0
952	30	0
976	30	0
1004	30	0
1030	30	1
7	53	0
32	53	1
54	53	1
79	53	1
100	53	1
128	53	1
157	53	1
186	53	1
207	51	0
235	53	0
280	50	0
307	50	0
337	53	0
373	53	1
400	53	1
431	53	0
456	53	0
485	53	0
519	53	0
561	53	0
596	53	0
629	53	0
649	53	0
676	53	0
702	53	0
732	53	0
764	53	0
793	53	0
820	53	0
845	53	0
872	53	0
900	53	0
927	53	0
952	53	0
976	53	0
1004	53	0
1030	53	0
7	76	1
32	76	0
54	76	0
79	76	0
100	76	0
127	74	0
157	76	1
186	76	1
211	76	1
235	76	1
279	76	1
309	76	1
337	76	0
373	76	0
400	76	0
431	76	0
456	76	0
485	76	1
519	76	0
561	76	0
596	76	1
629	76	0
649	76	0
676	76	0
702	76	0
732	76	0
764	76	0
793	76	0
820	76	0
845	76	0
872	76	0
900	72	1
927	76	0
952	76	0
976	76	0
1004	76	0
1030	76	0
7	102	1
32	102	1
54	102	1
79	102	1
100	102	1
128	102	1
157	102	0
186	102	0
211	102	0
235	102	0
279	102	0
309	102	0
337	102	1
373	102	1
400	102	0
431	102	0
456	102	0
485	102	1
519	102	0
561	102	0
596	102	0
629	102	0
649	102	0
676	102	0
702	102	0
732	102	0
764	102	0
793	102	0
820	102	0
845	102	0
872	102	0
904	102	0
927	102	0
952	102	1
984	103	1
1004	102	0
1030	102	0
12	121	0
33	125	0
53	124	0
80	124	0
100	123	1
128	123	1
157	123	1
186	123	1
211	123	0
242	120	1
279	123	0
309	123	0
335	125	0
372	126	0
400	123	0
431	123	0
455	123	0
485	123	0
519	123	0
561	123	0
596	123	1
629	123	1
649	123	1
676	123	0
702	123	0
732	123	1
764	123	1
793	123	0
820	123	0
845	123	0
872	123	0
904	123	0
927	123	0
952	123	0
976	123	0
1004	123	0
1030	123	0
7	147	1
32	147	1
54	147	1
79	147	1
100	147	0
128	147	0
157	147	0
186	147	0
211	147	0
235	147	0
279	147	1
309	147	0
337	147	0
373	147	0
408	145	1
431	147	1
456	147	1
481	146	1
519	147	0
558	144	0
600	146	0
629	147	0
649	147	0
676	147	0
702	147	0
732	147	1
764	147	1
793	147	1
820	147	1
845	147	0
872	147	0
904	147	0
927	147	0
952	147	0
976	147	0
1004	147	0
1030	147	0
7	174	0
32	174	0
54	174	1
79	174	1
100	174	1
128	174	1
157	174	1
186	174	0
211	174	1
235	174	0
279	174	0
309	174	0
337	174	0
364	180	1
396	181	1
423	179	1
456	174	0
485	174	0
519	174	0
553	168	1
591	162	1
629	174	0
649	174	0
676	174	0
702	174	0
732	174	0
764	174	0
794	178	0
820	174	0
845	174	0
872	174	1
906	178	0
927	174	0
952	174	0
976	174	0
1004	174	0
1030	174	0
7	210	1
32	210	1
54	210	1
79	210	1
100	210	1
128	210	1
157	210	0
186	210	0
211	210	1
235	210	1
276	206	1
309	210	0
338	221	1
368	220	1
400	210	0
431	210	0
456	210	0
485	210	0
519	210	1
561	210	0
596	210	0
629	210	0
649	210	0
676	210	0
702	210	0
732	210	0
764	210	0
793	210	0
820	210	0
845	210	0
872	210	0
904	210	0
927	210	0
952	210	1
976	210	1
1004	210	0
1027	209	0
6	246	0
37	249	0
58	247	0
77	248	0
100	248	0
128	248	0
157	248	1
186	248	1
211	248	1
235	248	1
279	248	0
309	248	0
339	248	0
373	248	0
400	248	0
431	248	0
456	248	0
485	248	1
519	248	0
561	248	0
600	242	1
629	248	1
649	248	1
676	248	0
702	248	1
732	248	1
764	248	1
794	250	0
820	248	0
845	248	0
872	248	0
904	248	0
927	248	0
952	248	0
983	245	1
1004	248	1
1030	248	1
7	269	1
32	269	1
54	269	1
79	269	1
100	269	0
128	269	0
157	269	0
186	269	0
211	269	0
235	269	0
279	269	0
309	269	1
337	269	1
373	269	0
400	269	0
431	269	0
456	269	1
485	269	1
519	269	0
561	269	0
596	269	1
629	269	0
649	269	0
676	269	0
704	273	0
735	271	0
764	269	1
793	269	1
820	269	0
845	269	0
872	269	0
904	269	0
927	269	0
952	269	0
976	269	0
1004	269	0
1030	269	0
10	293	0
32	294	0
55	294	0
79	292	0
100	292	0
128	292	1
157	292	1
186	292	0
211	292	0
235	292	0
275	293	0
307	293	0
340	293	0
373	292	0
400	292	0
431	292	0
456	292	0
485	292	0
519	292	0
561	292	0
596	292	1
629	292	0
649	292	0
676	292	0
702	292	0
732	292	0
764	292	0
799	291	0
820	292	0
845	292	0
872	292	1
904	292	0
927	292	0
952	292	0
976	292	0
1004	292	0
1030	292	0
7	314	1
32	314	1
54	314	1
79	314	0
100	314	0
128	314	0
157	314	0
186	314	0
211	314	0
235	314	0
272	313	1
309	314	0
338	309	0
373	314	0
400	314	0
431	314	0
456	314	0
485	314	0
519	314	0
561	314	0
596	314	0
629	314	0
653	312	0
676	314	0
702	314	0
732	314	0
764	314	0
793	314	0
820	314	0
845	314	0
872	314	1
904	314	0
923	312	0
950	309	0
979	309	0
1004	314	0
1030	314	0
10	334	0
32	337	0
54	335	0
79	335	1
100	335	1
128	335	1
157	335	0
186	335	0
211	335	0
235	335	0
279	335	0
309	335	0
337	335	1
373	335	1
400	335	0
431	335	0
456	335	0
485	335	0
519	335	0
561	335	1
596	335	0
629	335	0
649	335	1
676	335	0
702	335	0
732	335	0
764	335	0
793	335	0
820	335	0
845	335	0
872	335	0
904	335	0
927	335	1
952	335	1
976	335	1
1000	333	0
1022	330	0
7	357	1
32	357	0
54	357	0
80	362	0
104	360	0
126	360	0
157	357	0
186	357	0
211	357	1
235	357	1
279	357	0
309	357	0
337	357	0
373	357	1
400	357	1
431	357	0
456	357	0
485	357	0
519	357	1
561	357	0
596	357	0
629	357	0
649	357	0
676	357	0
702	357	1
732	357	0
764	357	0
793	357	0
820	357	0
845	357	0
872	357	0
904	357	0
927	357	0
952	357	0
976	357	1
1004	357	1
1030	357	1
4	382	0
30	376	0
57	377	0
79	381	0
100	381	0
128	381	0
157	381	0
186	381	0
211	381	0
235	381	0
279	381	1
309	381	1
337	381	0
373	381	1
400	381	1
431	381	0
456	381	0
485	381	1
519	381	0
561	381	0
596	381	0
629	381	0
649	381	0
676	381	0
702	381	0
732	381	0
764	381	1
793	381	1
820	381	0
845	381	0
872	381	0
904	381	0
927	381	0
952	381	0
976	381	0
1004	381	0
1030	381	0
7	403	0
32	403	1
54	403	1
79	403	0
100	403	0
128	403	0
157	403	0
186	403	0
211	403	0
235	403	0
279	403	0
309	403	0
337	403	0
373	403	1
400	403	0
431	403	0
456	403	0
485	403	1
519	403	0
561	403	0
596	403	0
629	403	1
649	403	0
676	403	0
702	403	0
732	403	0
764	406	0
800	404	0
820	403	0
845	403	0
872	403	0
904	403	0
927	403	0
952	403	0
976	403	0
1004	403	0
1030	403	0
7	428	1
32	428	1
54	428	0
79	428	0
100	428	0
128	428	0
157	428	0
186	428	0
211	428	0
241	426	1
279	428	0
309	428	0
337	428	0
373	428	1
400	428	1
431	428	1
456	428	1
485	428	0
519	428	0
561	428	0
596	428	1
629	428	0
649	428	0
676	428	0
702	428	0
732	428	0
764	428	0
793	428	0
820	428	1
846	426	1
872	428	0
904	428	0
927	426	0
952	428	0
976	428	0
1004	428	0
1030	428	0
8	455	0
32	454	0
54	454	0
79	454	0
100	454	0
128	454	1
157	454	0
186	454	0
209	451	0
235	454	0
279	454	0
309	454	1
337	454	1
373	454	0
399	456	0
433	453	0
456	454	0
485	454	0
520	454	0
561	454	0
596	454	1
629	454	0
649	454	0
676	454	0
702	454	1
732	454	0
764	454	0
793	454	0
820	454	0
845	454	0
872	454	0
902	455	0
931	451	1
952	454	0
976	454	0
1004	454	0
1030	454	0
7	476	0
32	476	0
54	476	0
79	476	0
100	476	0
128	476	0
157	476	0
186	476	0
211	476	1
235	476	0
279	488	1
309	476	0
337	476	0
373	476	1
400	476	1
431	476	1
456	476	0
485	476	0
519	476	1
561	476	0
596	476	0
629	476	0
649	476	0
676	476	0
702	476	1
732	476	0
764	476	0
793	476	0
820	476	0
845	476	0
872	476	0
904	476	0
927	476	0
952	476	0
976	476	0
1004	476	1
1030	476	0
7	503	0
32	503	0
60	502	1
79	503	1
105	499	1
128	503	0
156	504	0
187	503	0
211	503	0
235	503	0
279	504	0
309	503	0
337	503	1
373	503	1
400	503	0
431	503	1
456	503	1
485	503	1
519	503	0
561	503	0
596	503	0
629	503	0
649	503	0
676	503	0
702	503	0
732	503	1
764	503	1
793	503	0
820	503	0
845	503	0
872	503	0
904	503	0
927	503	0
952	503	0
976	503	0
1004	503	0
1030	503	0
7	533	0
26	548	1
56	539	1
79	533	0
100	533	0
128	533	0
163	520	1
186	533	0
211	533	0
235	533	1
279	533	0
309	533	0
337	533	0
373	533	0
400	533	1
431	533	1
456	533	0
485	533	0
518	534	0
552	534	1
596	533	0
629	533	0
649	533	0
676	533	0
702	533	0
732	533	0
764	533	0
793	533	0
820	533	1
845	533	1
872	533	0
904	533	0
927	533	0
952	533	0
976	533	0
1004	533	0
1030	533	0
7	587	1
34	582	1
54	573	0
79	573	0
100	573	0
123	566	1
157	573	0
192	583	1
215	576	0
241	575	0
279	573	0
310	566	1
337	573	1
373	573	1
400	573	1
431	573	0
456	573	1
485	573	1
518	574	1
547	573	0
583	573	0
620	569	1
649	573	0
676	573	0
702	573	0
727	574	0
764	573	0
793	573	0
820	573	0
845	573	0
872	573	1
904	573	1
927	573	1
952	573	0
976	573	0
1004	573	0
1030	573	0
8	614	0
32	610	0
54	610	1
79	610	1
100	610	1
128	610	0
157	610	0
186	610	0
211	610	0
235	610	1
279	610	1
309	610	0
337	611	0
373	610	1
400	610	1
431	610	1
456	610	1
491	610	0
528	610	1
561	610	1
596	610	0
629	610	0
649	610	0
676	610	0
702	610	0
732	610	1
759	602	1
793	610	0
820	610	0
845	610	0
872	610	0
903	609	0
927	610	0
952	610	0
977	605	1
997	605	1
1027	605	0
7	637	0
32	637	0
49	640	0
82	640	0
100	637	0
128	637	1
157	637	1
186	637	1
211	637	0
235	639	0
279	637	0
309	637	1
337	637	1
376	638	0
400	637	0
431	637	0
456	637	0
485	637	0
514	636	0
561	637	0
596	637	0
629	637	0
649	637	0
676	637	0
702	637	0
732	637	0
764	637	0
793	637	0
820	637	1
845	637	0
872	637	0
904	637	0
927	637	0
952	637	0
976	637	0
1004	637	1
1030	637	1
7	662	0
32	662	0
54	662	1
79	662	0
100	662	0
128	662	0
158	663	0
186	662	1
211	662	1
235	662	1
279	662	0
309	662	0
337	662	0
373	662	1
400	662	1
431	662	0
456	662	0
485	662	1
519	662	1
561	662	0
596	662	0
629	662	0
651	658	0
676	662	0
702	662	0
732	662	0
764	662	0
793	662	0
820	662	1
845	662	0
872	662	0
901	658	0
927	662	0
952	662	0
976	662	0
1004	662	0
1030	662	0
7	680	0
32	680	0
52	679	0
79	680	0
100	680	0
128	680	0
157	680	0
186	680	1
211	680	1
235	680	1
279	680	1
309	680	1
337	680	0
373	680	1
400	680	1
431	680	0
456	680	0
485	680	0
519	680	0
561	680	0
596	680	0
629	680	1
649	680	1
676	680	0
702	680	0
732	680	0
764	680	0
793	680	0
820	680	0
845	680	0
868	682	0
887	678	1
927	680	0
952	680	0
976	680	0
1004	680	0
1030	680	0
