8	9	1
36	9	0
64	9	0
100	9	1
133	9	1
171	9	1
201	9	1
229	9	0
268	9	0
293	9	0
332	9	0
360	18	1
381	9	0
411	9	0
447	9	0
474	9	0
510	9	0
538	9	0
573	9	0
607	9	0
644	9	1
679	9	0
719	9	1
748	9	0
775	9	0
807	9	1
837	9	0
866	9	1
895	9	1
923	9	0
943	9	0
976	9	0
1010	9	0
1032	9	0
8	34	0
36	34	1
64	34	1
100	34	1
133	34	0
172	38	0
201	34	0
229	34	0
268	34	0
293	34	0
332	34	0
362	34	0
381	34	0
411	34	0
447	34	1
474	34	0
510	34	0
538	34	0
573	34	0
607	34	1
644	34	0
679	34	0
719	34	1
748	34	0
776	36	1
807	34	0
837	34	0
866	34	1
895	34	0
923	34	0
943	34	0
976	34	0
1010	34	0
1032	34	1
8	58	0
31	57	0
64	58	0
100	58	1
133	58	1
171	58	0
201	58	0
229	58	0
268	58	0
293	58	0
332	58	1
362	58	0
381	58	0
411	58	0
447	58	0
474	58	0
510	58	0
538	58	0
573	58	0
607	58	0
644	58	0
679	58	0
719	58	0
748	58	0
775	58	0
807	58	0
837	58	0
866	58	1
895	58	0
923	58	0
943	58	0
976	58	0
1010	58	0
1032	58	1
8	81	0
36	81	1
64	81	0
100	81	0
133	81	0
171	81	0
201	81	1
229	81	1
268	81	0
293	81	0
332	81	1
362	81	0
381	81	0
411	81	0
447	81	0
474	81	0
510	81	0
538	81	0
573	81	1
607	81	0
644	81	0
679	81	0
719	81	0
739	84	1
775	81	0
807	79	1
837	81	0
866	81	0
895	81	0
924	82	1
943	81	0
976	81	0
1010	81	0
1032	81	0
8	106	0
36	106	0
64	106	0
100	106	1
133	106	0
171	106	0
201	106	0
229	106	0
268	106	1
293	106	1
332	106	0
362	106	0
381	106	0
411	106	0
447	106	1
474	106	1
510	106	0
538	106	0
573	106	0
607	106	0
644	106	0
679	106	0
719	106	0
748	106	0
775	106	0
807	106	1
837	106	1
866	106	0
895	106	0
923	106	0
943	106	0
976	106	0
1010	106	0
1032	106	0
8	130	0
36	130	0
64	130	0
100	130	0
133	130	0
171	130	1
201	130	0
229	130	0
268	130	0
293	130	0
332	130	0
362	130	0
381	130	0
411	130	0
447	130	0
474	130	0
510	130	0
538	130	1
573	130	0
607	130	0
644	130	0
679	130	0
719	130	1
748	130	0
775	130	0
807	130	0
837	130	1
866	130	0
895	130	1
923	130	0
943	130	0
976	130	0
1010	130	0
1032	130	0
8	151	0
36	151	0
64	151	1
100	151	0
133	151	0
172	156	0
201	151	0
229	151	0
268	151	0
293	151	0
332	151	0
362	151	0
381	151	0
411	151	1
447	151	0
474	151	0
510	151	0
538	151	1
573	151	0
607	151	0
644	151	0
679	151	0
719	151	0
748	151	0
775	151	1
807	151	0
837	151	0
866	151	0
895	151	0
923	151	0
943	151	0
976	151	0
1010	151	0
1032	151	0
8	181	1
36	181	0
64	181	0
100	181	1
133	181	1
171	181	0
201	181	0
229	181	0
268	181	0
295	179	1
332	181	0
362	181	0
381	181	0
411	181	0
447	181	0
474	181	0
510	181	0
538	181	0
573	181	0
607	181	0
644	181	1
679	181	0
719	181	0
748	181	0
775	181	0
807	181	0
837	181	1
871	181	0
895	181	0
923	181	0
943	181	0
976	181	0
1010	181	0
1032	181	1
8	213	0
36	213	0
64	213	1
100	213	1
133	213	0
171	213	1
201	213	0
229	213	0
268	213	1
293	213	0
332	213	0
362	213	0
381	213	0
411	213	0
447	213	1
474	213	0
510	213	0
538	213	0
573	213	0
604	211	0
644	213	0
679	213	0
718	208	1
748	213	0
775	213	0
807	213	1
837	213	0
866	213	0
895	213	0
916	209	1
943	213	0
976	213	1
1010	213	0
1032	213	0
8	229	0
36	229	0
64	229	1
100	229	1
133	229	1
171	229	1
201	229	0
229	229	0
268	229	1
293	229	0
332	229	1
362	229	0
381	229	0
411	229	0
447	229	1
474	229	0
510	229	0
538	229	0
573	229	0
617	227	1
644	229	0
679	229	1
719	229	0
748	229	0
775	229	0
807	229	1
837	229	0
866	229	0
895	229	0
923	229	0
943	229	0
976	229	1
1010	229	0
1032	229	0
8	251	0
36	251	1
64	251	0
100	251	0
133	251	1
171	251	1
201	249	0
229	251	0
268	251	0
293	251	0
332	251	1
362	251	0
381	251	0
411	251	0
447	251	0
474	251	0
510	251	0
538	251	0
573	251	0
607	251	0
644	251	0
679	251	1
719	251	0
748	251	1
775	251	1
807	251	0
837	251	0
866	251	0
895	251	0
923	251	0
943	251	1
976	251	0
1010	251	0
1032	251	0
8	272	0
36	272	1
64	272	0
100	272	0
133	272	0
171	272	0
201	272	1
229	272	0
268	272	0
291	270	0
332	272	0
362	272	0
381	272	1
411	272	1
447	272	0
474	272	0
510	272	0
538	272	0
573	274	1
607	272	0
644	272	1
679	272	0
719	272	0
748	272	1
775	272	1
807	272	0
837	272	1
866	272	0
895	272	0
922	270	0
943	272	1
976	272	0
1010	272	1
1032	272	0
8	296	1
36	296	0
64	296	0
100	296	1
133	296	0
171	296	1
201	296	1
229	296	0
268	296	0
293	296	1
332	296	0
362	296	0
381	296	0
411	296	0
447	296	0
474	296	1
510	296	0
538	296	0
573	296	0
607	296	0
644	296	1
679	296	0
720	293	0
748	296	0
775	296	0
807	296	0
837	296	1
866	296	0
892	295	0
923	296	0
943	296	0
976	296	0
1010	296	1
1032	296	0
8	318	1
36	318	0
64	318	1
100	318	0
133	318	0
171	318	1
201	318	1
229	318	0
268	318	0
293	318	0
332	318	0
362	318	1
384	321	0
411	318	0
447	318	0
474	318	0
510	318	0
538	318	1
573	318	0
607	318	0
644	318	0
679	318	0
719	318	1
748	318	0
775	318	0
807	318	0
837	318	0
866	318	0
895	318	1
923	318	0
943	318	0
976	318	1
1010	318	0
1032	318	0
8	343	0
36	343	1
64	343	1
100	343	0
133	343	0
171	343	0
201	343	0
229	343	1
268	343	1
293	343	0
332	343	0
362	343	0
381	343	0
411	343	0
447	343	0
474	343	0
510	343	0
538	343	0
573	343	0
607	343	1
644	343	0
679	343	0
719	343	0
748	343	0
775	343	1
807	343	1
837	343	0
864	339	0
895	343	0
923	343	0
943	343	0
976	343	1
1010	343	0
1032	343	1
8	369	0
36	369	0
64	369	0
100	369	1
133	369	1
171	369	0
196	367	0
229	369	1
268	369	0
293	369	0
320	366	1
362	369	0
381	369	0
411	369	0
447	369	0
474	369	0
510	369	0
538	369	0
573	369	0
607	369	0
644	369	0
679	369	1
719	369	0
746	378	1
775	369	0
807	369	0
837	369	1
866	369	1
895	369	0
916	369	0
943	369	0
976	369	0
1010	369	0
1032	369	1
8	398	1
36	398	1
64	398	0
100	398	1
133	398	0
171	398	0
201	398	1
229	398	1
266	397	0
291	397	0
332	398	0
362	398	0
381	398	0
411	398	0
447	398	0
474	398	0
510	398	0
538	398	0
573	398	0
607	398	0
644	398	0
679	398	0
719	398	0
748	409	1
775	398	0
807	398	0
837	398	0
866	398	0
895	398	0
917	398	1
943	398	1
976	398	0
1010	398	0
1032	398	0
8	427	0
36	427	0
64	427	1
100	427	1
133	427	1
171	427	1
201	427	0
229	427	0
261	426	1
293	427	1
332	427	0
362	427	0
381	427	0
411	427	0
447	427	0
474	427	0
510	427	0
538	427	0
573	427	0
607	427	0
644	427	0
679	427	0
719	427	0
749	431	0
775	427	0
807	427	1
837	427	0
866	427	0
896	425	0
923	427	0
943	427	0
976	427	0
1001	424	1
1032	427	0
8	450	0
36	450	0
64	450	1
100	450	0
133	450	1
171	450	1
201	450	0
229	450	1
268	450	0
293	450	0
332	450	0
362	450	0
381	450	0
411	450	0
447	450	0
474	450	0
513	447	1
538	450	0
573	450	0
607	450	0
644	450	0
679	450	0
719	450	0
748	450	0
780	446	0
807	450	0
837	450	0
861	449	0
895	450	1
923	450	0
943	450	0
976	450	0
1010	450	0
1032	450	1
8	475	0
36	475	1
67	477	0
100	474	0
133	475	1
171	475	0
201	475	0
229	475	1
268	475	1
293	475	1
332	475	0
362	475	0
381	475	0
411	475	1
447	475	0
474	475	0
510	475	0
538	475	0
573	475	0
607	475	0
644	475	0
668	482	1
719	475	0
748	475	0
771	469	1
807	475	0
836	471	0
866	475	0
895	475	0
923	475	0
943	475	1
976	475	1
1010	475	0
1032	475	1
8	497	1
36	497	0
64	497	0
100	497	1
133	497	1
171	497	1
201	497	1
229	497	0
268	497	1
293	497	1
332	497	0
362	497	0
381	497	0
411	497	0
447	497	0
474	497	1
510	497	0
538	497	1
573	497	0
607	497	0
644	497	0
679	497	0
719	494	0
748	497	0
775	497	0
807	497	0
841	494	1
866	497	0
895	497	0
923	497	1
943	497	1
976	497	0
1010	497	1
1032	497	1
8	519	1
36	519	0
64	519	1
100	519	0
133	519	0
171	519	1
201	519	1
229	519	0
268	519	1
293	519	0
332	519	0
362	519	0
381	519	0
411	519	0
445	518	0
474	519	0
510	519	0
538	519	1
578	517	0
607	519	0
644	519	0
679	519	0
724	514	1
752	518	0
775	519	0
808	516	0
837	519	0
866	519	0
895	519	1
923	519	1
943	519	1
976	519	0
1010	519	0
1032	519	0
8	540	0
36	540	0
64	540	1
100	540	0
133	540	1
171	540	0
201	540	0
229	540	0
268	540	1
293	540	1
332	540	1
362	540	0
381	540	0
411	540	0
447	540	1
474	540	0
510	540	1
538	540	0
573	540	0
604	541	0
630	537	1
679	540	1
719	540	0
748	540	0
775	540	0
808	537	1
837	540	0
866	540	0
895	540	0
923	540	0
943	540	1
976	540	1
1010	540	0
1032	540	0
8	561	0
36	561	0
64	561	0
100	561	0
133	561	1
171	561	0
201	561	0
229	561	0
268	561	0
293	561	1
332	561	1
362	561	0
381	561	0
411	561	0
447	561	0
474	561	0
510	561	1
538	561	0
573	561	0
607	561	0
644	561	0
679	561	1
719	561	0
748	561	0
775	561	0
807	561	0
837	561	1
866	561	1
895	561	0
923	561	0
943	561	0
976	561	0
1010	561	1
1032	561	1
8	581	1
36	581	1
64	581	0
100	581	0
133	581	0
171	581	1
201	581	1
229	581	0
268	581	1
293	581	1
332	581	0
362	581	0
381	581	0
411	581	0
447	581	0
474	581	0
510	581	0
538	581	0
573	581	0
607	581	0
644	581	0
679	581	0
719	581	0
748	581	1
776	582	0
807	581	0
837	581	1
866	581	1
895	581	0
923	581	0
943	581	1
976	581	0
1010	581	1
1032	581	1
8	602	1
36	602	0
64	602	0
100	602	1
133	602	1
171	602	0
201	602	0
229	602	0
268	602	1
293	602	1
332	602	0
363	602	0
381	602	0
411	602	0
447	602	0
474	602	0
510	602	0
540	601	0
573	602	0
607	602	0
644	602	0
679	602	0
719	602	0
748	606	0
775	602	0
807	602	0
826	606	1
866	602	0
895	602	0
923	602	0
943	602	0
976	602	0
1010	602	1
1032	602	1
8	624	0
36	624	0
64	624	0
100	624	0
133	624	1
171	624	1
201	624	0
226	620	0
268	624	0
293	624	0
332	624	1
362	624	1
381	624	0
411	624	0
447	624	0
474	624	0
510	624	1
538	624	1
573	624	0
607	624	0
644	624	0
679	624	0
719	624	1
748	624	0
775	624	0
807	624	0
837	624	0
866	624	0
895	624	0
923	624	0
943	624	0
976	624	0
1010	624	1
1032	624	0
8	645	0
36	645	1
64	645	1
100	645	0
133	645	1
171	645	0
201	645	1
229	645	1
268	645	0
294	642	0
332	645	0
362	645	0
381	645	0
411	645	0
447	645	0
474	645	0
510	645	0
538	645	0
573	645	0
607	645	1
644	645	0
679	645	0
716	646	0
748	645	0
775	645	0
807	645	0
837	645	0
875	643	1
895	645	0
923	645	0
943	645	0
976	645	0
1010	645	0
1032	645	0
8	663	0
36	663	1
64	663	0
100	663	0
133	663	1
171	663	0
201	663	0
231	662	0
268	663	0
293	663	1
332	663	1
362	663	0
381	663	0
411	663	0
447	663	0
478	665	1
510	663	0
538	663	0
573	663	0
607	663	0
644	663	0
679	663	0
719	663	0
748	663	0
775	663	0
807	663	0
837	663	0
866	663	0
895	663	0
923	663	0
943	663	0
976	663	0
1010	663	0
1032	663	0
8	686	1
36	686	0
64	686	0
100	686	0
133	686	0
171	686	1
201	686	1
229	686	0
268	686	0
293	686	0
332	686	1
362	686	1
381	686	1
411	686	0
447	686	0
470	686	0
510	686	0
537	685	0
560	685	1
607	686	0
644	686	0
679	686	0
719	686	0
748	686	0
775	686	0
807	686	0
837	686	1
866	686	1
895	686	0
923	686	0
943	686	0
976	686	0
1010	686	0
1032	686	0
