8	7	1
35	7	1
61	7	1
88	7	1
115	7	1
145	7	1
172	7	1
201	7	1
225	8	0
261	5	0
287	7	0
315	7	0
347	7	0
373	7	1
402	7	1
427	7	1
455	7	1
483	7	1
510	7	1
535	7	1
563	7	1
593	7	1
618	7	1
645	7	0
670	7	0
695	7	0
725	7	1
751	7	1
779	7	1
807	7	1
833	7	1
858	7	1
886	7	1
914	7	1
940	7	1
967	7	1
995	7	0
1023	7	0
8	29	0
35	29	1
61	29	1
88	29	1
115	29	1
145	29	1
172	29	1
201	29	1
229	29	1
259	29	1
287	29	1
315	29	0
344	29	0
373	29	0
400	31	0
426	31	0
455	29	1
483	29	1
510	29	1
535	29	1
563	29	1
593	29	1
618	29	1
645	29	0
670	29	0
695	29	0
725	29	0
751	29	0
779	29	0
807	29	1
833	29	1
858	29	1
886	29	1
914	29	1
940	29	1
967	29	1
995	29	0
1026	31	0
8	56	0
35	56	0
61	56	0
88	56	0
115	56	1
145	56	1
172	56	1
201	56	1
229	56	1
259	56	1
287	56	1
315	56	1
344	56	1
375	58	0
402	56	0
427	56	0
455	56	1
483	56	1
510	56	1
535	56	1
563	56	1
593	56	1
618	56	1
645	56	1
670	56	1
695	56	1
725	56	0
751	56	0
779	56	0
807	56	0
833	56	0
858	56	0
886	56	1
914	56	1
940	56	1
967	56	1
995	56	1
1023	56	1
8	80	0
35	80	0
59	80	0
88	80	0
113	79	0
146	79	0
171	79	0
201	80	1
229	80	1
259	80	1
287	80	1
315	80	1
344	80	1
373	80	1
402	80	1
427	80	1
455	80	0
483	80	0
510	80	0
534	84	0
563	80	0
593	80	1
618	80	1
645	80	1
670	80	1
695	80	1
725	80	1
751	80	1
782	79	0
809	79	1
833	80	0
858	80	0
886	80	0
914	80	0
940	80	1
967	80	1
995	80	1
1023	80	1
8	106	1
35	106	1
61	106	1
88	106	1
115	106	1
145	106	0
172	106	0
202	105	0
229	106	0
259	106	0
287	106	0
315	106	1
344	106	1
373	106	1
402	106	1
427	106	1
455	106	1
483	106	1
510	109	0
539	109	0
563	106	0
593	106	0
619	107	0
645	106	1
670	106	1
695	106	1
725	106	1
751	106	1
779	106	1
807	106	1
833	106	1
858	106	1
886	106	1
914	106	0
940	106	0
967	106	0
995	106	0
1023	106	1
8	130	1
35	130	1
61	130	1
88	130	1
115	130	1
145	130	1
172	130	1
201	130	1
232	129	0
259	130	0
287	130	0
315	130	0
346	129	0
373	130	1
402	130	1
427	130	1
455	130	1
483	130	1
510	130	1
535	130	1
563	130	0
590	129	0
618	129	0
645	130	0
670	130	0
695	130	0
725	130	1
751	130	1
779	130	1
807	130	1
833	130	1
858	130	1
886	130	1
914	130	1
940	130	1
967	130	1
995	130	0
1023	130	0
9	152	0
35	151	1
61	151	1
88	151	1
115	151	1
145	151	1
172	151	1
201	151	1
229	151	1
259	151	1
287	151	0
314	151	0
344	151	0
373	151	0
402	151	1
427	151	1
455	151	1
483	151	1
510	151	1
535	151	1
563	151	1
593	151	1
618	151	1
646	147	0
670	151	0
695	151	0
725	151	0
751	151	0
779	151	0
807	151	1
833	151	1
858	151	1
886	151	1
914	151	1
940	151	1
967	151	1
995	151	1
1023	151	1
8	178	0
35	179	0
61	179	0
88	179	0
113	174	1
143	174	1
172	179	1
201	179	1
229	179	1
259	179	1
287	179	1
315	179	1
344	179	1
369	180	0
403	179	0
426	178	0
455	179	0
483	179	0
510	179	1
535	179	1
563	179	1
593	179	1
618	179	1
645	179	1
670	179	1
695	179	1
725	179	1
751	179	1
779	179	0
807	179	0
833	179	0
858	179	1
886	179	1
914	179	1
940	179	1
967	179	1
995	179	1
1023	179	1
8	202	1
35	202	1
61	202	1
88	202	0
115	202	0
145	202	0
172	202	0
201	205	0
229	202	1
259	202	1
287	202	1
315	202	1
344	202	1
373	202	1
402	202	1
427	202	1
459	199	0
483	202	0
510	202	0
535	202	0
563	202	0
593	202	1
618	202	1
645	202	1
670	202	1
695	202	1
725	202	1
751	202	1
779	202	1
807	202	1
835	203	0
860	204	1
886	202	0
914	202	0
940	203	0
967	202	1
995	202	1
1023	202	1
8	223	1
35	223	1
61	223	1
88	223	1
115	223	1
145	223	0
172	223	0
201	223	0
229	223	0
260	225	0
287	223	1
315	223	1
344	223	1
373	223	1
402	223	1
427	223	1
455	223	1
483	223	1
510	223	1
535	223	1
563	223	0
593	223	0
618	223	0
645	223	1
670	223	1
695	223	1
725	223	1
751	223	1
779	223	1
807	223	1
833	223	1
858	223	1
886	223	1
914	223	0
940	223	0
967	223	0
995	223	0
1023	223	0
8	246	1
35	246	1
61	246	1
88	246	1
115	246	1
145	246	1
172	246	1
201	246	0
229	246	0
259	246	0
287	246	0
324	247	0
346	248	0
373	246	1
402	246	1
427	246	1
455	246	1
483	246	1
510	246	1
535	246	1
563	246	0
594	243	0
618	246	0
645	246	0
670	246	0
695	246	0
725	246	1
751	246	1
779	246	1
807	246	1
833	246	1
858	246	1
886	246	1
914	246	1
940	246	1
967	246	0
995	246	0
1023	246	0
8	265	0
35	265	1
61	265	1
88	265	1
115	265	1
145	265	1
172	265	1
201	265	1
229	265	1
259	265	1
287	265	0
316	266	0
344	265	0
373	265	1
402	265	1
427	265	1
455	265	1
483	265	1
510	265	1
535	265	1
563	265	1
593	265	1
618	265	1
645	265	1
672	265	0
695	265	0
725	265	1
751	265	1
779	265	1
807	265	1
833	265	1
858	265	1
886	265	1
914	265	1
940	265	1
967	265	1
995	265	1
1023	265	1
8	282	0
39	284	0
59	283	0
93	284	0
115	282	1
145	282	1
172	282	1
201	282	1
229	282	1
259	282	1
287	282	1
315	282	1
344	282	0
373	282	0
402	282	0
427	282	0
455	284	0
483	282	1
510	282	1
535	282	1
563	282	1
593	282	1
618	282	1
645	282	1
670	282	1
695	281	0
727	278	0
751	282	0
779	282	0
807	282	0
833	282	0
858	282	0
886	282	1
914	282	1
940	282	1
967	282	1
995	282	1
1023	282	1
8	301	1
35	301	1
61	301	0
88	301	0
115	301	0
145	301	0
172	301	1
201	301	1
229	301	1
259	301	1
287	301	1
315	301	1
344	301	1
373	301	1
402	301	0
427	301	0
455	301	0
483	301	0
510	301	1
535	301	1
563	301	1
593	301	1
618	301	1
645	301	1
670	301	1
695	301	1
725	301	1
752	303	0
781	301	0
807	301	0
833	301	0
858	301	0
886	301	0
914	301	0
940	301	1
967	301	1
995	301	1
1023	301	1
8	322	1
35	322	1
61	322	1
88	322	1
115	322	1
145	322	0
172	322	0
201	322	0
229	322	0
259	322	1
287	322	1
315	322	1
344	322	1
373	322	1
402	322	1
427	322	1
455	322	1
483	323	0
515	322	0
535	322	0
563	322	0
599	323	0
618	322	1
645	322	1
670	322	1
695	322	1
725	322	1
751	322	1
779	322	1
807	322	1
833	322	1
858	322	1
886	322	1
914	322	0
940	322	0
967	322	1
995	322	1
1023	322	1
8	351	1
35	351	1
61	351	1
88	351	1
115	351	1
145	351	1
172	351	0
201	351	0
229	351	0
259	351	0
287	351	0
315	351	0
344	352	0
373	351	1
402	351	1
427	351	1
455	351	1
483	351	1
510	351	1
535	351	1
567	351	0
594	349	0
618	351	0
645	351	0
670	351	0
695	351	0
725	351	1
751	351	1
779	351	1
807	351	1
833	351	1
858	351	1
886	351	1
914	351	1
940	351	1
967	351	0
995	351	0
1023	351	0
8	372	1
35	372	1
61	372	1
88	372	1
115	372	1
145	372	1
172	372	1
201	372	1
229	372	1
259	372	1
287	372	1
315	372	1
344	372	0
373	372	0
401	374	0
426	372	0
455	372	1
483	372	1
510	372	1
535	372	1
563	372	1
593	372	1
618	372	1
645	372	1
670	372	0
695	372	0
725	372	0
753	373	0
782	372	0
807	372	1
833	372	1
858	372	1
886	372	1
914	372	1
940	372	1
967	372	1
995	372	1
1023	372	0
3	392	0
35	395	0
61	395	0
87	397	0
116	398	0
144	396	0
172	395	1
201	395	1
229	395	1
259	395	1
287	395	1
315	395	1
344	395	1
373	395	0
402	395	0
427	395	0
455	395	0
483	395	0
510	395	1
535	395	1
563	395	1
593	395	1
618	395	1
645	395	1
670	395	0
694	396	0
725	395	0
751	395	0
779	395	0
807	395	0
833	395	1
858	395	1
886	395	1
914	395	1
940	395	1
967	395	1
995	395	1
1023	395	1
8	415	1
35	415	1
59	413	0
91	414	0
115	415	0
145	415	0
176	418	0
203	419	0
229	415	1
259	415	1
287	415	1
315	415	1
344	415	1
373	415	1
402	415	1
427	415	1
454	413	0
483	415	0
510	415	0
535	415	0
563	415	0
593	415	1
618	415	1
645	415	1
670	415	1
695	415	1
725	415	1
751	415	1
779	415	1
807	415	1
833	415	0
858	415	0
886	415	0
914	415	1
940	415	1
967	415	1
995	415	1
1023	415	1
8	441	1
35	441	1
61	441	1
88	441	1
115	441	1
145	441	1
172	441	0
201	441	0
230	444	0
259	441	0
287	443	0
315	441	1
344	441	1
373	441	1
402	441	1
427	441	1
455	441	1
485	439	0
512	439	0
535	441	0
563	441	0
593	441	0
618	441	0
645	441	1
670	441	1
695	441	1
725	441	1
751	441	1
779	441	1
807	441	1
836	443	0
858	440	0
886	441	0
914	441	0
940	441	0
967	441	1
995	441	1
1023	441	1
8	463	1
35	463	1
61	463	1
88	463	1
115	463	1
145	463	1
172	463	1
201	463	1
229	463	1
259	463	0
287	463	0
315	463	0
346	463	0
373	463	1
402	463	1
427	463	1
455	463	1
483	463	1
510	463	1
535	463	0
563	462	0
593	463	0
618	463	0
645	463	0
674	467	0
695	463	1
725	463	1
751	463	1
779	463	1
807	463	1
833	463	1
858	463	1
886	463	1
914	463	0
940	463	0
967	463	0
995	463	0
1023	463	1
8	484	1
35	484	0
62	488	0
88	484	1
115	484	1
145	484	1
172	484	1
201	484	1
229	484	1
259	484	1
287	484	0
315	484	0
344	484	0
373	484	0
402	484	0
427	484	0
455	484	1
483	484	1
510	484	1
535	484	1
563	484	1
593	484	0
618	484	0
645	484	0
670	484	0
695	484	0
725	484	0
751	484	0
779	484	1
807	484	1
833	484	1
858	484	1
886	484	1
914	484	1
940	484	1
967	484	0
995	484	0
1023	484	0
8	511	1
35	511	1
61	511	1
88	511	1
115	511	0
145	511	0
172	515	0
199	511	0
229	513	0
259	511	1
287	511	1
315	511	1
344	511	1
373	511	1
402	511	0
427	511	0
455	511	0
483	511	0
510	511	1
535	511	1
563	511	1
593	511	1
618	511	1
645	511	1
670	511	1
695	511	1
725	511	0
751	511	0
779	511	0
807	511	0
833	511	1
858	511	1
886	511	1
914	511	1
940	511	1
967	511	1
995	511	1
1023	511	1
8	535	1
35	535	1
61	535	1
88	535	1
115	535	1
145	535	0
172	535	0
201	535	0
229	535	0
259	535	0
287	535	0
315	535	0
344	535	1
373	535	1
402	535	1
427	535	1
455	535	0
483	535	0
510	535	0
535	535	0
563	535	0
593	535	1
618	535	1
645	535	1
670	535	1
695	535	1
725	535	1
751	535	0
779	535	0
807	535	0
833	535	0
858	535	0
883	534	0
914	535	1
940	535	1
967	535	1
995	535	1
1023	535	1
8	555	0
35	555	1
61	555	1
88	555	1
115	555	1
145	555	0
172	555	0
201	555	0
229	555	0
259	555	0
287	555	0
315	555	0
344	555	0
373	555	1
402	555	1
427	555	1
455	555	1
483	555	1
510	555	0
535	555	0
563	555	0
593	555	0
618	555	1
645	555	1
670	555	1
695	555	1
725	555	1
751	555	1
779	555	1
807	555	0
833	555	0
858	555	0
886	555	0
914	555	0
940	555	1
967	555	1
995	555	1
1023	555	1
8	579	0
35	579	0
61	579	0
88	579	0
115	579	1
145	579	1
172	579	0
201	579	0
229	579	0
259	579	0
287	579	0
315	579	1
344	579	1
377	584	0
402	579	1
427	579	1
455	579	1
483	579	1
510	579	0
535	579	0
563	579	0
593	579	0
618	579	0
645	579	0
670	579	0
695	579	1
725	579	1
751	579	1
779	579	1
807	579	1
833	579	1
858	579	1
886	579	0
914	579	0
940	579	0
967	579	0
992	582	0
1023	579	1
8	607	1
35	607	1
61	607	0
88	607	0
115	607	0
145	607	0
172	607	0
201	607	1
229	607	1
259	607	0
287	607	0
315	607	0
342	611	0
373	607	1
402	607	0
427	607	0
455	607	1
483	607	1
510	607	1
535	607	1
563	607	1
593	607	1
625	609	0
645	607	0
670	607	0
695	607	0
725	607	0
751	607	1
779	607	1
807	607	1
833	607	1
858	607	1
886	607	1
914	607	1
940	607	1
967	608	0
995	607	0
1027	611	0
8	637	1
35	637	0
61	637	0
97	632	1
119	636	0
145	637	0
172	637	0
201	637	0
229	637	0
253	644	1
287	637	1
315	637	0
344	637	0
377	639	0
402	637	0
427	637	0
455	637	0
483	637	0
510	637	1
535	637	1
563	637	1
593	637	1
618	637	1
645	637	1
670	637	0
695	637	0
724	638	0
751	637	0
779	637	0
808	637	0
833	637	1
858	637	1
886	637	1
914	637	1
940	637	1
967	637	1
995	637	1
1024	640	0
8	664	0
35	664	0
59	666	0
88	664	0
115	664	0
145	664	0
172	664	1
201	664	0
229	664	0
259	664	0
287	664	0
315	664	0
344	664	1
373	664	1
402	664	0
427	664	0
455	664	0
483	664	0
510	664	0
535	664	1
563	664	1
593	664	1
618	664	1
645	664	1
670	664	1
695	664	1
728	656	1
751	664	0
779	664	0
807	664	0
833	664	0
858	664	1
886	664	1
914	664	1
940	664	1
967	664	1
995	664	1
1023	664	1
8	688	0
35	688	0
63	682	1
88	688	0
115	688	0
145	688	0
172	688	0
201	688	0
229	688	0
259	688	0
287	688	0
315	688	0
344	688	0
373	688	0
402	688	1
427	688	0
455	688	1
483	688	0
510	688	0
535	688	0
563	688	0
593	688	0
618	688	1
645	688	1
670	688	1
695	688	1
725	688	1
751	688	1
779	688	1
807	688	0
833	688	0
858	688	0
886	688	0
914	688	0
940	688	1
967	688	1
995	688	1
1023	688	1
