11	4	0
33	4	0
56	4	1
78	4	1
102	4	1
126	4	0
150	4	1
174	4	1
197	4	1
223	4	1
246	4	1
269	4	1
293	4	1
316	4	1
337	4	1
361	4	0
386	4	0
411	4	0
433	4	0
457	4	0
483	4	0
506	4	0
529	4	0
553	4	0
576	4	0
599	4	0
623	4	1
647	4	1
670	4	1
693	4	1
715	4	1
734	4	1
754	4	1
777	4	1
801	4	0
824	4	0
845	4	0
866	4	0
890	4	0
913	4	0
937	4	0
961	4	0
986	4	0
1010	4	1
1031	4	1
11	25	1
33	25	1
56	25	1
78	25	0
102	25	0
126	25	0
150	25	0
178	25	0
197	25	0
223	25	0
246	25	1
269	25	1
293	25	1
316	25	1
337	25	1
361	25	1
386	25	1
411	25	0
433	25	0
457	25	0
483	25	0
506	25	0
529	25	0
553	25	0
576	25	0
599	25	0
623	25	0
647	25	0
670	25	1
693	25	1
715	25	1
734	25	1
754	25	1
777	25	1
801	25	1
824	25	0
845	25	0
866	24	0
890	25	0
913	25	0
937	25	0
961	25	0
986	25	0
1010	25	0
1031	25	0
11	53	1
33	53	1
56	53	1
78	53	1
102	53	1
126	53	1
150	53	1
174	53	0
197	53	0
223	53	0
246	53	0
269	53	0
293	53	0
316	53	1
337	53	1
361	53	0
386	53	1
411	53	1
433	53	1
457	53	1
483	53	0
506	51	0
529	53	0
553	53	0
576	53	0
599	53	0
623	53	0
647	53	0
670	53	0
693	53	0
715	53	0
734	53	1
754	53	1
777	53	1
801	53	1
824	53	1
845	53	1
866	53	1
890	53	1
913	53	1
937	53	1
961	53	0
986	53	0
1010	53	0
1031	53	0
11	71	1
33	71	1
56	71	1
78	71	1
102	71	1
126	71	1
150	71	1
174	71	0
197	69	0
223	71	0
246	71	0
269	71	0
293	71	0
316	71	0
337	71	0
361	71	0
386	71	1
411	71	1
433	71	1
457	71	1
483	71	1
506	71	1
529	71	1
553	71	1
576	71	1
599	71	1
623	71	0
647	71	0
670	71	0
693	71	0
715	71	0
734	71	0
754	71	0
777	71	0
801	71	1
824	71	1
848	70	1
866	71	1
890	71	1
913	71	1
937	71	1
961	71	1
986	71	1
1010	71	1
1031	71	0
11	89	1
33	89	1
56	89	1
78	89	1
102	89	1
126	89	1
150	89	1
174	89	1
197	89	1
223	89	1
246	89	1
269	89	1
293	89	0
316	89	0
337	89	0
361	89	0
386	89	0
411	89	0
433	89	0
457	89	1
483	89	1
506	89	0
529	89	1
553	89	1
576	89	1
599	89	1
623	89	1
647	89	1
670	89	1
693	89	0
715	89	0
734	89	0
754	89	0
777	89	0
801	89	0
824	89	0
845	89	0
866	89	1
890	89	0
913	89	0
937	89	1
961	89	1
986	89	1
1010	89	1
1031	89	1
11	107	1
33	107	1
56	107	1
78	107	1
102	107	1
126	107	1
150	107	1
174	107	1
197	107	1
223	107	1
246	107	1
269	107	1
293	107	0
317	107	0
337	107	0
361	107	0
386	107	0
411	107	0
433	107	0
457	107	0
483	107	0
506	107	0
529	107	1
553	107	0
576	107	1
599	107	1
623	107	1
647	107	1
670	107	1
693	107	1
715	107	1
734	107	0
754	107	0
777	107	0
801	107	0
824	107	0
845	107	0
866	107	0
890	107	0
913	107	0
940	107	0
961	107	0
986	107	1
1010	107	1
1031	107	1
10	125	0
33	129	1
56	129	1
78	129	1
102	129	1
126	129	1
150	129	1
174	129	1
197	129	1
223	129	1
246	129	1
269	129	1
293	129	1
316	129	1
337	129	1
361	129	1
386	129	1
411	129	1
433	129	0
457	129	0
483	129	0
506	129	0
529	129	0
553	129	0
576	129	0
599	129	0
623	129	0
647	129	1
670	129	1
693	129	1
715	129	1
734	129	1
754	129	1
777	129	1
801	129	1
824	129	0
845	129	0
866	129	0
890	129	0
913	129	0
937	129	0
961	129	0
986	129	1
1010	129	1
1031	129	0
9	143	0
33	143	1
56	143	1
78	143	0
100	143	0
129	143	0
150	143	0
174	143	0
197	143	0
223	143	1
246	143	1
269	143	1
293	143	1
316	143	1
337	143	1
361	143	1
386	143	1
411	143	1
433	143	1
457	143	1
483	143	0
506	143	0
529	143	0
553	143	0
576	143	0
599	143	0
623	143	0
647	143	1
670	143	1
693	143	1
715	143	1
734	143	1
754	143	1
777	143	1
801	143	1
824	143	1
845	143	1
866	143	1
890	143	0
913	143	0
937	143	0
961	143	0
986	143	0
1010	143	0
1031	143	0
11	164	1
33	164	1
56	164	1
78	164	1
102	164	1
126	164	0
150	164	0
174	164	0
197	164	0
223	164	0
246	164	0
269	164	1
293	164	1
316	164	1
337	164	1
361	164	1
386	164	1
411	164	1
433	164	1
457	164	1
483	164	1
506	164	0
529	164	0
553	164	0
576	164	0
599	164	0
623	164	0
647	164	0
670	164	0
693	164	0
715	164	1
734	164	1
754	164	1
777	164	1
801	164	1
824	164	1
845	164	1
866	164	1
890	164	1
913	164	1
937	164	0
961	164	0
984	161	0
1010	164	0
1031	164	0
11	184	1
33	184	1
56	184	1
78	184	1
102	184	1
126	184	1
150	184	1
174	183	0
197	184	0
223	184	0
246	184	0
269	184	0
293	184	0
316	184	0
337	184	1
361	184	1
386	184	1
411	184	0
433	184	1
457	184	1
483	184	1
506	184	1
529	184	1
553	184	1
576	184	1
599	184	0
623	184	0
647	184	0
670	184	0
693	184	0
715	184	0
734	184	0
754	184	0
777	184	1
801	184	1
824	184	0
845	184	1
866	184	1
890	184	1
913	184	1
937	184	1
961	184	1
986	184	1
1010	184	0
1031	184	0
11	200	1
33	200	1
56	200	1
78	200	1
102	200	1
126	200	1
150	200	1
174	200	1
197	200	1
224	199	0
246	200	0
269	200	0
293	200	0
316	200	0
339	202	0
361	200	0
386	200	0
411	200	0
433	200	1
457	200	1
483	200	1
506	200	1
529	200	1
553	200	1
576	200	1
599	200	0
623	200	1
647	200	1
670	200	0
693	200	0
715	200	0
734	200	0
754	200	0
777	200	0
801	200	0
824	200	0
845	200	1
866	200	1
890	200	1
913	200	1
937	200	1
961	200	1
986	200	1
1010	200	1
1031	200	1
11	222	0
33	222	1
56	222	1
78	222	1
102	222	1
126	222	1
150	222	1
174	222	1
197	222	1
223	222	1
246	222	1
269	222	1
293	222	1
316	222	0
337	222	0
361	222	0
386	222	0
411	222	0
433	222	0
457	222	0
483	222	0
506	222	1
529	222	1
553	222	1
576	222	1
599	222	1
623	222	1
647	222	1
670	222	1
693	222	1
715	222	1
734	222	0
754	222	0
777	222	0
801	222	0
824	222	0
845	222	0
866	222	0
890	222	0
913	222	1
937	222	1
961	222	1
986	222	1
1010	222	1
1031	222	1
11	237	0
33	237	1
56	237	1
78	237	0
102	237	1
126	237	1
150	237	1
174	237	1
197	237	1
223	237	1
246	237	1
269	237	1
293	237	1
316	237	1
337	237	1
361	237	0
386	237	0
411	237	0
433	237	0
457	237	0
483	237	0
506	237	1
529	237	0
553	237	0
576	237	1
599	237	1
623	237	1
647	237	1
670	237	1
693	237	1
715	237	1
734	237	1
754	237	1
777	237	1
801	237	0
824	237	0
845	237	0
866	237	0
890	237	0
913	237	0
937	237	0
961	237	0
986	237	1
1010	237	1
1031	237	1
11	256	0
33	256	0
55	253	0
78	256	0
102	256	0
126	256	0
150	256	0
174	256	1
197	256	1
223	256	1
246	256	1
269	256	1
293	256	1
316	256	1
337	256	1
361	256	1
386	256	1
411	256	0
433	256	0
457	256	0
483	256	0
506	256	0
529	256	0
553	256	0
576	256	0
599	256	0
623	256	0
647	256	1
670	256	0
693	256	1
715	256	1
734	256	1
754	256	1
777	256	1
801	256	1
824	256	0
845	256	1
866	256	0
890	256	0
913	256	0
937	256	0
961	256	0
986	256	0
1010	256	1
1031	256	1
11	275	0
33	275	1
56	275	1
78	275	1
102	275	1
126	275	1
150	275	0
174	275	0
197	275	0
223	275	0
246	275	0
269	275	1
293	275	1
316	275	1
337	275	1
361	275	1
386	275	1
411	275	1
433	275	1
457	275	1
483	275	1
506	275	1
529	275	0
553	275	0
576	275	0
599	275	0
623	275	0
647	275	0
670	275	0
693	275	1
715	275	1
734	275	1
754	275	1
777	275	1
801	275	1
824	275	1
845	275	1
866	275	1
890	275	1
913	275	1
937	275	0
961	275	0
986	275	0
1010	275	1
1031	275	0
11	295	0
33	295	1
56	295	1
78	295	1
102	295	1
126	295	1
150	295	1
174	295	1
197	295	1
223	295	0
246	295	0
269	295	0
293	295	0
316	295	1
337	295	1
361	295	1
386	295	1
411	295	1
433	295	1
457	295	1
483	295	1
506	295	1
529	295	1
553	295	0
576	295	0
599	295	0
623	295	0
647	295	0
670	295	0
693	295	0
715	295	0
734	295	0
754	295	1
777	295	1
801	295	1
824	295	1
845	295	1
866	295	1
890	295	1
913	295	1
937	295	1
961	295	1
986	295	1
1010	295	0
1031	295	0
11	323	0
33	323	1
56	323	1
78	323	1
102	323	1
126	323	1
150	323	1
174	323	1
197	323	1
223	323	1
246	323	1
269	323	1
293	323	0
316	323	0
337	323	0
361	323	0
386	323	0
414	326	0
433	323	0
457	323	1
483	323	1
506	323	1
529	323	1
553	323	1
576	323	1
599	323	1
623	323	1
647	323	0
670	323	0
693	323	0
715	323	0
734	323	0
754	323	0
777	323	0
801	323	0
824	323	0
845	323	0
866	323	0
890	323	0
913	323	1
937	323	1
961	323	1
986	323	1
1010	323	1
1031	323	1
11	347	0
33	347	0
56	347	1
78	347	1
102	347	1
126	347	1
150	347	1
174	347	1
197	347	1
223	347	1
246	347	1
269	347	1
293	347	1
316	347	1
337	347	0
361	344	0
386	347	0
411	347	0
433	347	0
457	347	0
483	347	0
506	347	0
529	347	0
553	347	1
576	347	0
599	347	0
623	347	1
647	347	1
670	347	1
693	347	1
715	347	1
734	347	0
751	346	0
777	347	0
801	347	0
824	347	0
845	347	0
866	347	0
890	347	0
913	347	1
937	347	1
961	347	1
986	347	1
1010	347	1
1031	347	1
11	365	1
33	365	1
56	365	1
78	365	0
102	365	0
126	365	0
150	365	1
174	365	1
197	365	1
223	365	1
246	365	1
269	365	1
293	365	1
316	365	1
337	365	1
361	365	1
386	365	0
411	365	0
433	365	0
457	365	0
483	365	0
506	365	0
529	365	0
553	365	0
576	365	0
599	365	0
623	365	1
647	365	1
670	365	1
693	365	1
715	365	1
734	365	1
754	365	1
777	365	0
801	365	0
824	365	1
845	365	0
866	365	0
890	365	0
913	365	0
937	365	0
961	365	0
986	365	0
1010	365	0
1031	365	1
11	391	1
33	391	1
56	391	1
78	391	1
102	391	1
126	391	0
150	391	0
174	391	0
197	391	0
223	391	0
247	395	0
273	395	0
293	391	0
316	391	1
337	391	1
361	391	1
386	391	1
411	391	1
433	391	1
457	391	1
483	391	0
506	391	0
529	391	0
553	391	0
576	391	0
599	391	0
623	391	0
647	391	0
670	391	1
693	391	1
715	391	1
734	388	1
754	391	1
777	391	1
801	391	1
824	391	1
845	391	1
866	391	1
890	391	1
913	391	1
937	391	0
961	391	0
986	391	0
1010	391	0
1031	391	0
11	415	0
33	415	1
56	415	1
78	415	1
102	415	1
126	415	1
150	415	1
174	415	1
197	415	0
223	415	0
246	415	0
269	415	0
293	415	0
316	419	0
337	418	0
361	415	0
386	415	1
411	415	1
433	415	1
457	415	1
483	415	1
506	415	1
529	415	1
553	415	1
576	415	0
599	415	0
623	415	0
647	415	0
670	415	0
693	415	0
715	415	0
734	415	1
754	415	1
777	415	0
801	415	0
824	415	1
845	415	1
866	415	1
890	415	1
913	415	1
937	415	1
961	415	1
986	415	0
1010	415	0
1031	415	0
11	436	0
33	436	1
56	436	1
78	436	1
102	436	1
126	436	1
150	436	1
174	436	1
197	436	1
223	436	1
246	436	1
269	436	0
293	436	0
316	436	0
337	436	0
361	436	0
390	440	0
411	436	0
433	436	1
457	436	1
483	436	1
506	436	1
529	436	1
553	436	1
576	436	1
599	436	1
623	436	0
647	436	0
670	436	0
693	436	0
715	436	0
734	436	0
754	436	0
777	436	0
801	436	0
824	436	0
845	436	0
866	436	1
890	436	1
913	436	1
937	436	1
961	436	1
986	436	1
1010	436	1
1031	436	1
11	462	0
33	462	0
56	462	1
78	462	1
102	462	1
126	462	1
150	462	1
174	462	1
197	462	1
223	462	1
246	462	1
269	462	1
293	462	1
316	462	0
337	462	0
361	462	0
386	462	0
411	462	0
433	462	0
457	462	0
483	462	0
506	462	1
529	462	1
553	462	1
576	462	1
599	462	1
623	462	1
647	462	1
670	462	1
693	462	0
715	462	0
733	461	0
754	462	0
777	462	0
801	462	0
824	462	0
845	462	0
866	462	0
890	462	0
913	462	1
937	462	1
961	462	1
986	462	1
1010	462	1
1031	462	1
11	486	1
33	486	1
56	486	0
78	486	0
102	486	0
126	487	0
152	491	0
174	486	0
198	487	0
223	486	1
246	486	1
269	486	1
293	486	1
316	486	1
337	486	1
361	486	1
385	487	0
411	486	0
433	486	0
457	486	0
483	486	0
506	486	0
529	486	0
553	486	0
576	486	0
601	490	0
623	486	0
647	486	0
670	486	1
693	486	1
715	486	1
734	486	1
754	486	1
775	483	0
797	483	0
824	486	0
845	486	0
866	486	0
890	486	0
913	486	0
937	486	0
961	486	0
986	486	1
1010	486	1
1031	486	1
11	511	1
33	511	1
56	511	1
78	511	1
102	511	1
129	511	0
150	511	0
174	511	0
197	511	0
223	511	0
246	511	0
269	511	0
293	511	1
316	511	1
337	511	1
361	511	1
386	511	1
411	511	1
433	511	1
457	511	1
483	511	1
506	511	0
529	511	0
553	511	0
576	511	0
599	511	0
623	511	0
647	511	0
670	511	0
693	511	0
715	511	0
734	511	1
754	511	1
777	511	1
801	511	1
824	511	1
845	511	1
866	511	1
890	511	1
913	511	0
937	511	0
961	511	0
986	511	0
1010	511	0
1031	511	0
11	529	1
33	529	1
56	529	1
78	529	1
102	529	1
126	529	1
150	529	1
174	529	1
197	529	0
223	529	0
246	529	0
269	529	0
293	529	0
314	528	0
337	529	0
361	529	1
386	529	1
411	529	1
433	529	1
457	529	1
483	529	1
506	529	1
529	529	1
553	529	0
576	529	0
599	529	0
623	529	0
647	529	0
670	529	0
693	529	0
715	529	0
734	529	0
754	529	1
777	529	1
801	529	1
824	529	1
845	529	1
866	529	1
890	529	1
913	529	1
937	529	1
961	529	1
986	529	0
1010	529	0
1031	529	0
11	546	1
33	546	1
56	546	1
78	546	1
102	546	1
126	546	1
150	546	1
174	546	1
197	546	1
223	546	0
246	546	0
269	546	0
293	546	0
316	546	0
337	546	0
361	546	1
386	546	1
411	546	1
433	546	1
457	546	1
483	546	1
506	546	1
529	546	1
553	546	1
576	546	1
599	546	1
623	546	0
647	546	0
670	546	0
693	546	0
715	546	0
734	546	0
754	546	1
777	546	1
801	546	1
824	546	1
845	546	1
866	546	1
890	546	1
913	546	1
937	546	1
961	546	1
986	546	1
1010	546	1
1031	546	0
11	563	0
33	563	1
56	563	1
78	563	1
102	563	1
126	563	1
150	563	1
174	563	1
197	563	1
223	563	0
247	560	0
269	563	0
293	563	0
316	563	0
337	563	0
361	563	0
386	563	0
411	563	1
433	563	1
457	563	1
483	563	1
506	563	1
529	563	1
553	563	1
576	563	1
599	563	1
623	563	1
647	563	1
670	563	0
693	563	0
715	563	0
734	563	0
754	563	0
777	563	0
801	563	0
824	563	0
845	563	1
866	563	1
890	563	1
913	563	1
937	563	1
961	563	1
986	563	1
1010	563	1
1031	563	0
11	587	0
36	588	1
56	587	1
78	587	1
102	587	1
126	587	1
150	587	1
174	587	1
197	587	1
223	587	1
246	587	1
269	587	1
293	587	1
316	587	1
337	587	1
361	587	0
386	587	0
411	587	0
433	587	0
457	587	0
483	587	1
506	587	1
529	587	0
553	587	1
576	587	1
599	587	1
623	587	1
647	587	1
670	591	1
693	587	1
715	587	1
734	587	1
754	587	0
777	587	0
801	587	0
824	587	0
845	587	0
866	587	0
890	587	0
913	587	1
937	587	1
961	587	1
986	587	1
1010	587	1
1031	587	1
11	606	1
33	606	0
56	606	0
78	606	0
102	606	1
126	606	1
150	606	1
174	606	1
197	606	1
223	606	1
246	606	1
269	606	1
293	606	1
316	606	1
337	606	1
361	606	1
387	605	0
411	606	0
433	606	0
457	606	0
483	606	0
506	606	0
529	606	0
553	606	1
576	606	1
599	606	1
623	606	1
647	606	1
670	606	1
693	606	1
715	606	1
734	606	1
754	606	0
777	606	0
801	606	0
824	606	0
845	606	0
866	606	0
890	606	0
913	606	0
937	606	0
961	606	0
986	606	1
1010	606	1
1031	606	1
11	631	1
37	628	0
53	628	0
77	624	0
105	633	0
126	631	0
150	631	0
174	631	1
197	631	1
223	631	1
246	631	0
269	631	1
293	631	1
316	631	1
337	631	1
361	631	1
386	631	1
411	631	1
433	631	1
457	631	1
483	631	1
506	631	0
529	631	0
553	631	0
576	631	0
599	631	0
623	631	0
646	633	0
670	631	0
693	631	0
715	631	1
734	631	1
754	631	1
777	631	1
801	631	1
824	631	1
845	631	1
866	631	1
890	631	0
913	631	0
937	631	0
961	631	0
986	631	0
1010	631	0
1031	631	0
11	646	1
33	646	1
56	646	1
78	646	1
102	646	1
126	646	1
150	646	1
174	646	1
197	646	0
223	646	0
246	646	0
269	646	1
293	646	1
316	646	1
337	646	1
361	646	1
386	646	1
411	646	1
433	646	1
457	646	1
483	646	1
508	646	0
529	646	0
553	646	0
576	646	0
599	646	0
623	646	0
647	646	0
670	646	0
693	646	0
715	646	1
734	646	1
757	647	1
777	646	1
801	646	1
824	646	1
845	646	1
866	646	1
890	646	1
913	646	1
937	646	0
961	646	0
986	646	0
1010	646	0
1031	646	0
11	666	1
33	666	1
56	666	1
78	666	1
102	666	1
126	666	1
150	666	1
174	666	1
197	666	0
223	666	0
246	666	0
269	666	0
293	666	0
316	666	0
337	666	1
361	666	1
386	666	0
411	666	1
433	666	1
457	666	1
483	666	1
506	666	1
529	666	1
553	666	1
576	666	0
599	666	0
623	666	0
647	666	0
670	666	0
693	666	0
715	666	0
734	666	0
754	666	1
777	666	1
801	666	0
824	666	0
845	666	1
866	666	1
890	666	1
913	666	1
937	666	1
961	666	1
986	666	1
1010	666	0
1031	666	0
11	684	0
33	684	1
56	684	1
78	684	1
102	684	1
126	684	1
150	684	1
174	684	1
197	684	1
223	684	0
246	684	1
269	684	0
293	684	0
316	684	0
337	684	0
361	684	0
386	684	0
411	684	1
433	684	1
457	684	1
483	684	1
506	684	1
529	684	1
553	684	1
576	684	1
599	684	0
623	684	0
647	684	0
670	684	0
693	684	0
715	684	0
734	684	0
754	684	0
777	684	0
801	684	0
824	684	0
845	684	1
866	684	0
889	683	0
913	684	1
937	684	1
961	684	1
986	684	1
1010	684	0
1031	684	0
