7	8	1
31	8	0
57	8	1
82	8	1
9	6	0
131	8	1
157	8	1
182	8	1
208	8	1
233	8	1
259	8	1
284	8	1
310	8	1
335	8	1
359	7	0
385	8	0
411	8	0
435	8	0
461	8	0
487	8	1
514	8	1
539	8	1
564	8	1
589	8	1
617	8	1
644	8	1
671	8	1
697	8	1
724	8	1
752	8	0
778	8	0
807	8	1
835	8	1
861	8	1
887	8	1
913	8	1
935	8	1
962	8	1
984	8	1
1010	8	0
1026	8	0
7	29	1
31	29	1
57	29	1
82	29	1
107	29	0
131	29	0
155	34	0
182	35	0
204	37	0
233	29	1
259	29	1
284	29	1
310	29	1
335	29	1
360	29	1
385	29	1
411	29	1
435	29	1
461	29	0
485	33	0
514	29	1
539	29	1
564	29	1
589	29	1
617	29	1
644	29	1
671	29	1
697	29	1
724	29	1
752	29	1
778	29	1
807	29	0
835	29	0
861	29	1
887	29	1
913	29	1
935	29	1
962	29	1
984	29	1
1007	29	1
1026	29	1
7	61	1
31	61	1
57	61	1
82	61	1
107	61	1
131	61	1
157	61	0
182	61	0
208	61	0
233	61	0
258	62	0
284	61	1
310	61	1
335	61	1
360	61	1
385	61	1
411	61	1
435	61	1
461	61	1
487	61	1
516	62	0
540	59	0
570	63	0
593	66	0
613	66	0
644	61	1
671	61	1
697	61	1
724	61	1
752	61	1
778	61	1
807	61	1
835	61	1
861	61	0
887	61	0
913	61	1
935	61	1
962	61	1
984	61	1
1007	61	1
1026	61	1
7	85	1
31	85	1
57	85	1
82	85	1
107	85	1
131	85	1
157	85	1
182	85	1
208	85	1
230	87	0
258	84	0
284	85	0
310	85	0
335	85	1
360	85	1
385	85	1
411	85	1
435	85	1
461	85	1
487	85	1
514	85	1
539	85	1
564	85	1
591	86	0
619	85	0
644	85	0
673	84	0
697	85	1
724	85	1
752	85	1
778	85	1
807	85	1
835	85	1
861	85	1
887	85	1
913	85	1
935	85	0
960	87	0
984	85	1
1007	85	1
1026	85	1
7	107	0
31	107	1
57	107	1
82	107	1
107	107	1
131	107	1
157	107	1
182	107	1
208	107	1
233	107	1
259	107	1
284	107	1
310	107	0
335	107	0
360	107	1
385	107	1
411	107	1
435	107	1
461	107	1
487	107	1
514	107	1
539	107	1
564	107	1
589	107	1
617	107	1
644	107	0
671	107	0
699	107	0
724	107	1
752	107	1
778	107	1
807	107	1
835	107	1
861	107	1
887	107	1
913	107	1
935	107	1
962	107	1
984	107	1
1007	107	0
1026	107	0
7	130	0
31	130	0
57	130	0
82	130	1
107	130	1
131	130	1
157	130	1
182	130	1
208	130	1
233	130	1
259	130	1
284	130	1
310	130	1
335	130	1
360	130	0
385	130	0
411	130	1
435	130	1
461	130	1
487	130	1
514	130	1
539	130	1
564	130	1
589	130	1
617	130	1
644	130	1
671	130	1
697	130	1
724	130	0
753	131	0
778	130	1
807	130	1
835	130	1
861	130	1
887	130	1
913	130	1
935	130	1
962	130	1
984	130	1
1007	130	0
1026	130	0
7	155	1
31	155	1
55	154	0
86	154	0
107	155	0
131	155	0
157	155	1
182	155	1
208	155	1
233	155	1
259	155	1
284	155	1
310	155	1
335	155	1
360	155	1
385	155	1
415	149	0
431	148	0
459	151	0
487	155	1
514	155	1
539	155	1
564	155	1
589	155	1
617	155	1
644	155	1
671	155	1
697	155	1
724	155	1
752	155	1
779	153	0
803	154	0
832	154	0
861	155	1
887	155	1
913	155	1
935	155	1
962	155	1
984	155	1
1007	155	1
1026	155	1
7	179	1
31	179	1
57	179	1
82	179	1
107	179	1
135	178	0
157	179	0
182	179	0
208	179	1
233	179	1
259	179	1
284	179	1
310	179	1
335	179	1
360	179	1
385	179	1
411	179	1
435	179	1
461	179	1
487	179	0
512	180	0
539	179	0
564	179	0
589	179	0
617	179	1
644	179	1
671	179	1
697	179	1
724	179	1
752	179	1
778	179	1
807	179	1
835	179	1
861	179	0
887	179	1
913	179	1
935	179	1
962	179	1
984	179	1
1007	179	1
1026	179	1
7	207	1
31	207	1
57	207	1
82	207	1
107	207	1
131	207	1
157	207	1
182	207	1
207	202	0
229	202	0
259	207	1
284	207	1
310	207	1
335	207	1
360	207	1
385	207	1
411	207	1
435	207	1
461	207	1
487	207	1
514	207	1
539	207	1
564	207	1
589	207	1
617	207	0
644	207	0
671	207	0
697	207	1
724	207	1
752	207	1
778	207	1
807	207	1
835	207	1
861	207	1
887	207	1
913	207	0
935	207	0
962	207	1
984	207	1
1007	207	1
1026	207	1
8	229	0
31	227	1
57	227	1
82	227	1
107	227	1
131	227	1
157	227	1
182	227	1
208	227	1
233	227	1
259	227	1
284	227	0
310	227	0
339	234	0
364	233	0
385	227	1
411	227	1
435	227	1
461	227	1
487	227	1
514	227	1
539	227	1
564	227	1
589	227	1
617	227	1
644	227	0
671	227	0
702	228	0
724	227	0
752	227	1
778	227	1
807	227	1
835	227	1
861	227	1
887	227	1
913	227	1
935	227	1
962	227	0
984	227	0
1007	227	0
1026	227	1
8	247	0
28	251	0
57	251	1
82	251	1
107	251	1
131	251	1
157	251	1
182	251	1
208	251	1
233	251	1
259	251	1
284	251	1
310	251	1
341	248	0
363	245	0
385	251	1
415	257	0
436	254	0
455	252	0
487	251	1
514	251	1
539	251	1
564	251	1
589	251	1
617	251	1
644	251	1
671	251	1
699	242	0
721	244	0
752	251	1
780	257	0
807	251	1
835	251	1
861	251	1
887	251	1
913	251	1
935	251	1
962	251	1
985	246	0
1005	248	0
1026	251	0
7	273	1
31	273	1
57	273	0
81	275	0
107	273	1
131	273	1
157	273	1
182	273	1
208	273	1
233	273	1
259	273	1
284	273	1
310	273	1
335	273	1
360	273	1
385	273	1
413	270	0
441	273	0
461	273	0
487	273	0
514	273	0
539	273	1
564	273	1
589	273	1
617	273	1
644	273	1
671	273	1
697	273	1
724	273	1
752	273	1
778	273	0
802	275	0
835	273	1
861	273	1
887	273	1
913	273	1
935	273	1
962	273	1
984	273	1
1007	273	1
1026	273	1
7	301	1
31	301	1
57	301	1
82	301	1
107	301	1
131	298	0
150	298	0
182	301	1
208	301	1
233	301	1
259	301	1
284	301	1
310	301	1
335	301	1
360	301	1
385	301	1
411	301	1
435	301	1
461	301	1
490	298	0
512	299	0
539	301	0
564	301	0
593	303	0
617	301	1
644	301	1
671	301	1
697	301	1
724	301	1
752	301	1
778	301	1
807	301	1
835	301	0
861	301	0
887	301	1
913	301	1
935	301	1
962	301	1
984	301	1
1007	301	1
1026	301	1
7	330	1
31	330	1
57	330	1
82	330	1
107	330	1
131	330	1
157	330	1
187	327	0
207	327	0
234	328	0
262	331	0
279	331	0
310	330	1
335	330	1
360	330	1
385	330	1
411	330	1
435	330	1
461	330	1
487	330	1
514	330	1
539	330	1
562	330	0
595	330	0
619	333	0
644	330	0
671	330	1
697	330	1
724	330	1
752	330	1
778	330	1
807	330	1
835	330	1
861	330	1
887	330	0
913	330	0
935	330	1
962	330	1
984	330	1
1007	330	1
1026	330	1
7	355	0
31	355	1
57	355	1
82	355	1
107	355	1
131	355	1
157	355	1
182	355	1
208	355	1
233	355	1
260	356	0
285	352	0
310	355	0
338	356	0
359	356	0
385	355	1
411	355	1
435	355	1
461	355	1
487	355	1
514	355	1
539	355	1
564	355	1
589	355	1
613	353	0
642	352	0
676	353	0
697	355	0
724	355	1
752	355	1
778	355	1
807	355	1
835	355	1
861	355	1
887	355	1
913	355	1
935	355	1
962	355	0
984	355	0
1007	355	0
1026	355	1
8	386	1
34	382	0
57	378	0
82	378	1
107	378	1
131	378	1
157	378	1
182	378	1
208	378	1
233	378	1
259	378	1
284	378	1
316	378	0
337	377	0
359	377	0
391	385	0
411	385	0
434	383	0
461	378	1
487	378	1
514	378	1
539	378	1
564	378	1
589	378	1
617	378	1
644	378	1
671	378	1
697	378	0
724	378	1
751	381	0
785	383	0
807	378	1
835	378	1
861	378	1
887	378	1
913	378	1
935	378	1
962	378	1
986	372	0
1007	378	0
1026	378	0
7	411	1
31	411	1
57	411	1
82	411	1
107	411	0
131	411	0
157	411	0
182	411	1
208	411	1
233	411	1
259	411	1
284	411	1
310	411	1
335	411	1
360	411	1
385	411	1
411	411	1
435	411	1
461	411	0
487	411	0
514	411	1
539	411	1
564	411	1
589	411	1
617	411	1
644	411	1
671	411	1
697	411	1
724	411	1
755	407	0
777	406	0
807	411	0
835	411	0
861	411	1
887	411	1
913	411	1
935	411	1
962	411	1
984	411	1
1007	411	1
1026	411	1
7	440	1
31	440	1
57	440	1
82	440	1
107	440	1
131	440	1
157	440	1
180	440	0
205	439	0
235	439	0
259	440	0
284	440	1
310	440	1
335	440	1
360	440	1
385	440	1
411	440	1
435	440	1
461	440	1
487	440	1
514	440	1
539	440	1
564	440	0
589	440	1
617	440	1
644	440	1
671	440	1
697	440	1
724	440	1
752	440	1
778	440	1
807	440	1
835	440	1
861	440	1
887	440	0
911	443	0
935	440	1
962	440	1
984	440	1
1007	440	1
1026	440	1
7	470	0
31	470	1
57	470	1
82	470	1
107	470	1
131	470	1
157	470	1
182	470	1
208	470	1
233	470	1
259	470	1
284	470	1
312	466	0
335	470	0
360	470	0
385	470	1
411	470	1
435	470	1
461	470	1
487	470	1
514	470	1
539	470	1
564	470	1
591	455	0
615	458	0
644	462	0
671	470	0
693	470	0
724	470	1
752	470	1
778	470	1
807	470	1
835	470	1
861	470	1
887	470	1
913	470	1
939	466	0
960	462	0
984	470	0
1007	470	1
1026	470	1
7	491	0
31	491	0
57	491	0
82	491	1
107	491	1
131	491	1
157	491	1
182	491	1
208	491	1
233	491	1
259	491	1
284	491	1
310	491	0
335	491	0
359	489	0
386	493	0
411	491	0
435	491	1
461	491	1
487	491	1
514	491	1
539	491	1
564	491	1
589	491	1
617	491	1
644	491	1
668	490	0
697	491	0
724	491	0
750	493	0
778	491	1
807	491	1
835	491	1
861	491	1
887	491	1
913	491	1
935	491	1
961	487	0
984	491	0
1007	491	0
1026	491	0
7	518	0
31	519	0
57	519	0
82	519	0
107	519	0
131	519	0
157	519	1
182	519	1
208	519	1
233	519	1
259	519	1
284	519	1
310	519	1
335	519	1
360	519	1
386	515	0
409	517	0
435	519	0
461	519	0
487	519	1
514	519	1
539	519	1
564	519	1
589	519	1
617	519	1
644	519	1
671	519	1
697	519	1
724	519	0
752	519	0
778	519	1
807	519	1
835	519	1
861	519	1
887	519	1
913	519	1
935	519	1
962	519	1
983	513	0
1009	511	0
1029	512	0
7	547	1
31	547	1
55	543	1
72	539	1
100	543	0
124	543	0
149	543	0
182	547	0
208	547	1
233	547	1
259	547	1
284	547	1
310	547	1
335	547	1
360	547	1
385	547	1
411	547	1
439	546	0
464	544	0
485	543	0
514	547	0
539	547	0
564	547	0
589	547	1
617	547	1
644	547	1
671	547	1
697	547	1
724	547	1
752	547	1
778	547	1
803	543	0
835	547	0
864	551	0
887	547	1
913	547	1
935	547	1
962	547	1
988	543	1
1009	541	1
1029	538	1
7	571	1
31	571	1
57	571	1
82	571	1
107	571	1
131	571	1
159	570	0
181	569	0
208	571	1
234	574	0
259	571	0
284	571	1
310	571	1
335	571	1
360	571	1
385	571	1
411	571	1
435	571	1
461	571	1
487	571	1
514	570	0
540	567	0
564	571	0
589	571	0
617	571	1
644	571	1
671	571	1
697	571	1
724	571	1
752	571	1
778	571	1
807	571	1
835	571	1
861	571	0
887	571	0
913	571	0
929	575	0
962	571	1
984	571	1
1007	571	1
1026	571	1
7	592	1
31	592	1
57	592	1
82	592	1
107	592	1
131	592	1
157	592	1
182	592	1
208	592	1
233	592	0
259	592	0
284	592	0
310	592	0
335	592	1
360	592	1
385	592	1
411	592	1
435	592	1
461	592	1
487	592	1
514	592	1
539	592	1
564	592	1
591	594	0
620	589	0
644	592	0
671	592	1
697	592	1
724	592	1
752	592	1
778	592	1
807	592	1
835	592	1
861	592	1
887	592	1
913	592	0
935	592	0
962	592	0
984	592	0
1007	592	1
1026	592	1
7	614	1
31	614	1
57	614	1
82	614	1
107	614	1
131	614	1
157	614	1
182	614	1
208	614	1
233	614	1
259	614	1
284	614	0
310	614	0
335	614	1
360	614	1
385	614	1
411	614	1
435	614	1
461	614	1
487	614	1
514	614	1
539	614	1
564	614	1
589	614	1
617	614	1
643	612	0
676	612	0
697	614	0
724	614	1
752	614	1
778	614	1
807	614	1
835	614	1
861	614	1
887	614	1
913	614	1
935	614	1
962	614	0
984	614	0
1007	614	0
1026	614	0
7	638	0
31	638	0
57	638	0
83	638	1
107	638	1
131	638	1
157	638	1
182	638	1
208	638	1
233	638	1
259	638	1
284	638	1
310	638	1
335	638	1
360	638	0
384	639	0
411	638	0
435	638	0
461	638	0
487	638	1
514	638	1
539	638	1
564	638	1
589	638	1
617	638	1
644	638	1
671	638	1
700	639	0
724	638	0
752	640	0
778	638	1
807	638	1
835	638	1
861	638	1
887	638	1
913	638	1
935	638	1
966	635	0
988	634	0
1007	633	0
1026	638	0
7	667	1
31	667	1
55	663	1
80	660	0
103	657	0
131	667	0
157	667	0
182	667	0
208	667	1
233	667	1
259	667	1
284	667	1
310	667	1
335	667	1
360	667	1
385	667	1
411	667	1
435	663	0
459	662	0
487	667	0
514	667	0
539	667	1
564	667	1
589	667	1
617	667	1
644	667	1
671	667	1
697	667	1
724	667	1
752	667	1
787	663	0
806	662	0
835	667	1
861	667	1
887	667	1
913	667	1
935	667	1
964	659	1
988	662	1
1005	656	1
1026	667	0
7	684	1
31	684	1
57	684	1
82	684	1
107	684	1
131	684	1
157	684	0
182	684	0
208	684	0
233	684	1
259	684	1
284	684	1
310	684	1
335	684	1
360	684	1
385	684	1
411	684	1
435	684	1
461	684	1
487	684	0
514	684	0
541	683	0
564	684	1
589	684	1
617	684	1
644	684	1
671	684	1
697	684	1
724	684	1
752	684	1
778	684	1
807	684	1
835	684	0
861	684	0
887	684	0
913	684	1
935	684	1
962	684	1
984	684	1
1007	684	1
1026	684	1
