8	5	1
30	5	1
55	5	1
80	5	1
102	5	1
123	5	1
147	5	1
169	5	1
193	5	1
216	5	1
242	5	1
266	5	1
290	5	1
313	5	1
336	5	0
361	5	0
384	5	0
407	5	0
435	5	0
459	5	0
485	5	0
508	5	0
529	5	0
556	5	0
580	5	0
604	5	0
628	5	0
649	12	1
671	15	1
696	15	1
724	5	0
748	5	0
772	5	0
796	5	0
819	5	0
843	5	0
867	5	0
895	5	0
920	5	0
946	5	0
971	5	0
998	5	0
1020	5	0
8	43	0
30	40	0
55	40	0
80	40	0
102	40	0
123	40	0
147	40	0
169	40	1
193	40	1
216	40	1
242	40	1
266	40	1
290	40	1
313	40	1
336	40	1
361	40	1
384	40	1
407	40	1
435	40	1
459	40	1
485	40	0
508	40	0
529	40	0
556	38	0
580	40	0
604	40	0
628	40	0
652	40	0
675	40	0
699	40	0
724	40	0
751	40	0
790	56	1
807	50	1
816	35	0
843	40	0
867	40	0
895	40	0
920	40	0
946	40	0
971	40	0
998	40	0
1020	40	0
8	76	1
30	76	1
55	76	1
80	76	1
102	76	1
123	76	1
147	76	1
169	76	1
193	76	1
224	78	0
247	75	0
266	76	0
286	73	0
307	74	0
337	73	0
361	76	1
384	76	1
407	76	1
435	76	1
459	76	1
485	76	1
508	76	1
529	76	1
556	76	1
580	76	1
604	76	0
628	76	0
652	76	0
675	76	0
699	76	1
723	72	1
742	69	1
769	65	1
796	76	1
819	76	1
843	76	1
867	76	1
895	76	1
922	70	1
946	76	0
971	76	0
995	74	0
1023	73	0
8	99	0
30	99	0
55	99	1
80	99	1
102	99	1
123	99	1
147	99	1
169	99	1
193	99	1
216	99	1
242	99	1
266	99	1
290	99	1
313	99	1
336	99	1
361	99	1
384	99	1
407	99	1
430	99	0
461	101	0
483	100	0
507	99	0
529	103	0
560	102	0
578	99	0
604	99	0
628	99	0
652	99	0
675	99	0
699	99	0
724	99	0
748	99	0
772	99	0
793	105	0
816	103	0
843	106	0
871	103	0
895	99	1
920	99	1
946	99	1
971	99	1
998	99	1
1020	99	1
8	134	1
30	134	1
55	134	1
80	134	1
102	134	1
123	134	0
147	134	0
169	134	0
193	134	0
216	134	0
242	135	0
266	134	1
290	134	1
313	134	1
336	134	1
361	134	1
384	134	1
407	134	1
435	134	1
459	134	1
485	134	1
508	134	1
529	134	1
556	134	0
580	134	0
604	134	0
628	134	0
652	134	0
675	134	0
699	134	0
724	134	0
748	134	0
772	134	0
796	134	0
819	134	0
843	134	0
867	134	0
895	134	0
920	134	0
946	134	0
971	134	0
1006	135	1
1028	130	1
8	168	1
30	168	1
55	168	1
80	168	1
102	168	1
123	168	1
147	168	1
169	168	1
193	168	1
216	168	1
242	168	1
266	168	1
290	168	1
313	168	0
336	168	0
361	168	0
384	168	0
407	168	0
435	168	0
459	168	0
485	168	0
508	168	1
529	168	1
556	168	1
580	168	1
604	168	1
628	168	1
652	168	1
675	168	0
699	168	0
724	168	0
748	168	0
772	168	0
796	168	0
819	168	0
843	168	0
867	168	0
895	168	0
920	168	0
946	168	0
971	168	0
998	168	0
1020	168	0
8	203	0
30	203	0
55	203	0
80	203	0
102	203	0
123	203	0
147	203	1
169	203	1
193	203	1
216	203	1
242	203	1
266	203	1
290	203	1
313	203	1
336	203	1
361	203	1
384	203	1
407	203	1
435	203	1
459	203	1
485	203	0
508	203	0
529	203	0
556	203	0
580	203	0
604	203	0
628	203	0
652	203	1
675	203	1
699	203	1
724	203	1
747	198	1
770	195	1
795	193	0
823	189	0
840	215	1
868	212	1
890	206	1
920	203	0
946	203	0
971	203	0
998	203	0
1020	203	0
8	240	1
30	240	1
55	240	1
80	240	1
102	240	1
123	240	1
147	240	1
169	240	1
193	240	1
216	240	0
242	240	0
266	240	0
290	240	0
313	240	0
338	239	0
361	240	1
384	240	1
407	240	1
435	240	1
459	240	1
485	240	1
508	240	1
529	240	1
556	240	1
580	240	1
604	240	0
628	240	0
652	240	0
675	240	0
699	240	0
724	240	0
746	231	1
767	227	1
797	227	1
817	222	1
843	240	1
867	240	1
895	240	1
920	240	1
946	240	1
971	240	1
998	240	1
1020	240	1
7	273	0
31	273	1
55	272	1
80	272	1
102	272	1
123	272	1
147	272	1
169	272	1
193	272	1
216	272	1
242	272	1
266	272	1
290	272	1
313	272	1
336	272	1
361	272	1
384	272	1
406	271	0
434	269	0
459	270	0
485	267	0
506	270	0
531	270	0
556	272	0
580	272	0
604	272	0
628	272	0
647	272	0
682	270	0
699	272	0
724	272	0
748	272	0
772	272	0
796	272	0
819	272	0
843	272	0
867	272	0
895	272	0
920	272	0
946	272	0
971	272	1
998	272	1
1020	272	1
8	297	1
30	297	1
55	297	1
80	297	1
102	297	1
123	297	0
147	297	0
169	297	0
193	297	0
216	297	0
242	297	1
266	297	1
290	297	1
313	297	1
336	297	1
361	297	1
384	297	1
407	297	1
435	297	1
459	297	1
485	297	1
508	297	1
529	297	1
556	297	1
580	297	1
604	297	1
628	297	1
652	297	1
675	297	1
699	297	0
724	297	0
748	297	0
772	297	0
796	297	0
819	297	0
843	297	0
867	297	0
895	297	0
920	297	0
946	297	0
971	297	0
998	297	0
1020	297	0
8	326	1
30	326	1
55	326	1
80	326	1
102	326	1
123	326	1
147	326	1
169	326	1
193	326	1
216	326	1
242	326	1
266	326	1
290	326	1
311	327	0
338	329	0
363	329	0
381	327	0
407	326	0
435	326	0
459	326	0
485	326	1
508	326	1
529	326	1
556	326	1
580	326	1
604	326	1
628	326	1
652	326	1
680	343	1
700	341	1
724	326	0
748	326	0
772	326	0
796	326	0
819	326	0
843	326	0
867	326	0
895	326	0
920	326	0
946	326	0
971	326	0
998	326	0
1020	326	0
8	359	0
30	359	0
55	359	0
80	359	0
102	359	1
123	359	1
147	359	1
169	359	1
193	359	1
216	359	1
242	359	1
266	359	1
290	359	1
313	359	1
336	359	1
361	359	1
384	359	1
407	359	1
435	359	1
459	359	1
485	359	0
508	359	0
535	357	0
556	359	0
580	359	0
604	359	0
628	359	0
652	359	0
677	368	1
696	371	1
721	369	1
748	359	1
772	359	1
796	359	1
819	359	1
843	359	1
867	359	0
895	359	0
916	356	0
950	353	0
975	354	0
993	354	0
1013	354	0
8	395	1
30	395	1
55	395	1
80	395	1
102	395	1
123	395	1
147	395	1
169	395	1
193	395	1
219	395	0
242	395	0
271	395	0
293	395	0
312	394	0
336	395	1
361	395	1
384	395	1
407	395	1
435	395	1
459	395	1
485	395	1
508	395	1
529	395	1
556	395	1
580	395	1
604	395	0
628	395	0
650	395	0
678	395	0
699	395	0
724	395	0
748	395	0
772	395	0
796	395	1
819	395	1
843	387	1
866	385	1
895	383	1
924	380	1
945	376	1
982	403	1
1003	400	1
1020	395	1
8	425	1
30	425	1
55	425	1
80	425	1
102	425	1
123	425	1
147	425	1
169	425	1
193	425	1
216	425	1
242	425	1
266	425	1
290	425	1
313	425	1
336	425	1
361	425	1
384	425	0
408	426	0
435	429	0
459	425	0
485	425	0
508	425	0
529	425	0
556	425	0
580	425	0
604	425	0
632	433	1
658	430	1
677	430	1
699	425	0
724	425	0
748	425	0
772	425	0
796	425	0
819	425	0
843	425	0
867	425	0
892	433	0
920	420	1
944	417	1
969	410	1
1000	438	1
1017	438	1
8	465	1
30	465	1
60	463	0
79	465	0
102	465	0
122	464	0
147	463	0
162	464	0
188	463	0
216	465	1
242	465	1
266	465	1
290	465	1
313	465	1
336	465	1
361	465	1
384	465	1
407	465	1
435	465	1
459	465	1
485	465	1
508	465	1
529	465	0
556	465	0
580	465	1
604	465	1
628	465	1
652	465	1
675	465	1
699	465	0
724	465	0
747	464	0
772	465	0
796	465	0
819	465	0
843	465	0
867	465	0
895	465	0
920	465	0
946	465	0
971	465	0
998	465	0
1020	465	0
8	485	1
30	485	1
55	485	1
80	485	1
102	485	1
123	485	1
147	485	1
169	485	1
193	485	1
216	485	1
242	485	1
265	491	0
288	490	0
315	489	0
343	489	0
361	489	0
387	488	0
412	489	0
435	485	1
459	485	1
485	485	1
508	485	1
529	485	1
556	485	1
580	485	1
604	485	1
628	485	1
652	485	1
674	499	1
703	499	1
723	493	1
748	485	1
772	485	1
796	485	0
819	485	0
843	485	0
867	485	0
895	485	0
920	485	0
946	485	0
971	485	0
998	485	0
1020	485	0
8	519	0
30	519	0
55	519	0
74	519	0
102	519	1
123	519	1
147	519	1
169	519	1
193	519	1
216	519	1
242	519	1
266	519	1
290	519	1
313	519	1
336	519	1
361	519	1
384	519	1
407	519	1
435	519	1
461	520	0
485	519	0
510	518	0
526	518	0
559	516	0
580	519	0
604	519	0
628	519	0
652	519	0
679	523	0
699	523	0
724	519	0
748	519	0
772	519	1
796	519	1
819	519	1
843	519	1
867	519	1
895	519	1
918	513	1
942	517	0
966	514	0
998	511	0
1027	506	0
8	556	1
30	556	1
55	556	1
80	556	1
102	556	1
123	556	1
147	556	1
171	555	0
187	557	0
215	555	0
242	556	0
266	556	0
290	556	0
313	556	1
336	556	1
361	556	1
384	556	1
407	556	1
435	556	1
459	556	1
485	556	1
508	556	1
528	549	1
555	548	1
580	556	0
609	572	1
628	567	1
652	565	1
675	556	1
699	556	0
724	556	0
748	556	0
772	556	0
796	556	0
819	556	0
842	558	0
867	556	1
895	556	1
920	556	1
946	556	1
973	547	1
1001	543	1
1023	534	1
8	587	1
30	587	1
55	587	1
80	587	1
102	587	1
123	587	1
147	587	1
169	587	1
193	587	1
216	587	1
242	587	1
266	587	1
290	587	1
313	587	1
336	587	1
359	591	0
379	590	0
404	591	0
429	591	0
452	591	0
487	590	0
514	587	0
529	587	0
556	587	0
580	587	0
603	595	0
628	592	0
656	591	0
675	587	0
699	587	0
724	587	0
748	587	0
772	587	0
796	587	0
819	587	0
843	587	0
867	587	0
895	587	0
920	587	0
946	587	0
978	589	1
1005	585	1
1029	579	1
8	628	1
30	628	1
59	627	0
83	628	0
102	626	0
123	628	0
147	628	0
169	628	0
186	630	0
216	628	1
242	628	1
266	628	1
290	628	1
313	628	1
336	628	1
361	628	1
384	628	1
407	628	1
435	628	1
459	628	1
485	628	1
508	628	1
529	628	0
556	628	0
580	628	0
604	628	0
628	628	0
652	628	0
676	642	1
700	641	1
722	639	1
748	628	0
772	628	0
796	628	0
819	628	0
843	628	0
867	628	0
895	628	0
920	628	0
946	628	0
971	628	0
998	628	0
1020	628	0
8	665	1
30	665	1
55	665	1
80	665	1
102	665	1
123	665	1
147	665	1
169	665	1
193	665	1
216	665	1
242	665	1
266	665	1
290	665	0
313	665	0
336	665	0
361	665	0
384	665	0
407	665	1
435	665	1
459	665	1
485	665	1
508	665	1
529	665	1
556	665	1
580	665	1
604	665	1
628	665	0
652	665	0
675	665	1
699	665	1
724	665	1
748	665	1
772	665	1
796	665	1
819	665	1
843	665	1
867	665	1
895	665	0
920	665	0
946	667	0
973	662	0
998	665	0
1020	665	0
8	685	1
30	685	1
55	685	1
80	685	1
102	685	1
123	685	1
147	685	1
169	685	1
193	685	1
216	685	1
242	685	1
266	685	1
290	685	1
313	685	1
336	685	1
361	685	1
384	685	1
407	685	1
435	685	0
459	685	0
486	687	0
508	685	0
534	686	0
552	686	0
580	687	0
604	685	0
628	685	0
652	685	0
675	685	0
699	685	0
724	685	1
748	685	1
772	685	1
796	685	1
819	685	1
843	685	1
867	685	1
895	685	1
920	685	1
946	685	1
971	685	1
1001	682	0
1020	685	0
