4	8	0
27	8	0
49	8	0
71	8	0
95	8	0
119	8	0
141	8	1
165	8	1
190	8	1
215	8	1
240	8	1
264	8	1
290	8	1
316	8	0
339	8	0
364	8	0
389	8	0
413	8	0
439	8	1
464	8	1
489	8	1
514	8	1
538	8	1
563	8	1
588	8	1
616	8	1
641	8	1
666	8	1
690	8	1
713	7	0
738	8	0
761	7	0
785	6	0
810	5	0
832	6	0
860	8	0
884	8	0
909	8	0
932	8	0
956	8	0
981	8	0
1006	8	0
1030	8	0
4	32	0
27	32	1
49	32	1
71	32	0
95	32	0
119	32	0
141	32	0
165	32	1
190	32	1
215	32	1
240	32	1
264	32	1
290	32	1
314	32	1
339	32	1
362	39	1
389	45	1
412	46	1
436	47	1
461	47	1
484	48	1
513	43	0
536	41	0
564	38	0
590	34	0
616	32	0
641	32	1
666	32	1
690	32	1
714	32	1
738	26	1
760	26	1
782	26	1
804	21	1
828	19	1
857	24	0
882	24	0
906	22	0
928	26	0
953	26	0
974	26	1
1002	29	1
1027	30	0
4	69	0
27	69	0
49	69	1
71	69	1
95	69	1
119	69	1
141	69	1
165	69	1
190	69	0
215	69	0
240	69	0
264	69	0
290	69	0
314	69	0
341	78	1
367	81	1
392	84	1
413	83	1
438	80	1
464	78	1
488	79	1
510	79	1
539	77	1
561	77	1
585	77	1
612	70	1
641	69	1
666	69	1
690	69	0
714	69	0
738	69	0
762	69	0
788	64	0
812	58	0
836	52	1
858	51	1
883	48	1
906	48	1
927	51	0
952	51	0
976	50	0
1000	52	0
1024	48	0
4	112	1
27	112	0
49	112	0
71	112	0
95	112	0
114	104	1
141	104	1
164	104	1
188	104	1
213	106	1
241	107	1
264	107	1
290	112	1
314	112	1
339	112	1
364	112	1
389	112	0
413	112	0
439	112	0
464	112	0
489	112	0
514	112	0
538	112	1
563	112	1
588	112	1
616	112	1
641	112	1
666	112	1
690	112	1
714	112	1
739	108	1
762	112	0
786	112	0
810	112	1
834	112	1
863	106	1
887	106	0
910	100	0
929	97	0
952	91	1
978	87	0
1006	87	1
1030	80	1
4	131	1
28	128	0
52	126	0
74	129	0
96	126	0
123	126	0
142	131	0
166	135	0
190	139	0
212	138	0
235	138	0
263	144	1
288	145	1
310	146	1
337	145	1
362	150	1
387	150	1
413	156	1
439	156	1
464	156	1
489	156	1
514	156	1
542	161	1
566	161	1
591	163	1
617	166	0
643	163	0
663	155	0
690	156	0
714	156	0
734	157	0
755	155	1
786	156	0
810	156	0
834	156	0
860	156	0
877	156	1
901	150	1
932	156	0
956	156	0
981	156	0
1006	156	0
1030	156	0
4	154	1
32	153	0
52	151	1
74	151	1
92	154	1
117	154	1
140	156	1
164	159	1
189	164	1
216	171	1
242	174	1
266	173	1
287	172	0
313	172	0
339	174	0
360	174	0
386	176	0
408	179	0
432	186	1
464	190	1
489	190	1
514	190	1
538	190	1
563	190	1
588	190	1
616	190	1
641	190	1
668	196	1
696	200	1
716	202	1
739	203	1
757	186	1
785	183	1
808	182	1
831	185	0
854	184	0
880	185	0
898	178	0
921	174	0
943	171	0
971	171	0
992	170	0
1024	168	0
6	168	0
32	168	0
56	171	1
76	175	1
93	176	0
116	184	0
135	186	0
165	193	1
188	197	1
216	197	1
240	199	1
267	204	1
291	206	1
316	203	1
343	203	1
365	204	1
390	206	1
412	210	1
439	213	1
462	216	1
489	218	1
514	222	0
538	222	0
563	222	0
588	222	0
616	222	1
640	227	1
664	230	1
690	228	1
717	231	1
740	229	1
762	229	1
786	222	1
810	222	1
834	222	1
860	222	1
884	211	1
905	209	1
935	198	1
964	186	0
983	184	0
1001	182	0
1025	181	0
8	197	1
27	204	1
44	206	1
68	205	1
93	212	1
116	215	1
143	222	1
172	222	0
192	226	0
214	229	0
238	232	0
271	235	0
296	238	0
315	239	1
338	242	1
361	239	1
391	242	1
415	242	1
440	242	1
466	243	1
489	249	1
514	249	1
538	249	1
563	249	1
588	249	1
616	249	1
641	249	1
666	250	0
691	250	0
714	249	0
738	249	0
762	249	0
786	249	0
810	249	0
834	249	0
860	249	0
886	243	0
906	243	0
926	242	0
951	230	1
974	220	1
996	212	1
1024	210	0
9	242	0
25	247	0
48	254	0
68	257	0
96	262	1
117	261	1
139	259	1
167	259	1
190	262	1
212	268	1
236	269	1
260	273	1
290	278	1
314	278	1
339	278	1
364	278	0
389	278	0
413	278	0
439	278	0
464	278	0
489	278	1
514	278	1
538	278	1
563	278	1
588	278	1
616	278	1
641	278	1
666	278	1
690	278	1
714	278	1
738	278	1
762	278	1
786	278	1
809	274	0
835	274	0
860	270	0
884	269	0
907	269	0
929	266	0
954	266	0
980	265	0
1007	258	0
1028	251	0
5	280	1
24	282	1
48	286	0
68	291	0
91	295	0
118	294	0
141	297	0
164	298	0
191	300	0
212	302	0
240	300	1
265	303	1
291	306	1
314	314	1
339	314	1
364	314	1
389	314	1
413	314	1
439	314	1
464	314	1
489	314	1
514	314	1
538	314	1
563	314	1
588	314	0
616	314	0
641	314	0
666	314	0
690	314	0
714	314	1
738	314	1
762	314	1
785	307	1
808	302	1
831	301	1
852	299	1
874	295	0
904	292	0
927	290	0
953	286	0
977	287	0
1003	282	0
1026	286	0
9	337	1
30	338	1
50	337	1
72	334	1
95	333	1
117	330	1
139	332	1
164	334	1
192	333	1
215	338	1
240	340	1
266	338	0
292	336	0
316	338	0
341	341	0
362	342	0
387	342	0
411	343	1
439	347	1
464	353	1
489	353	1
514	353	1
538	353	1
563	353	1
588	353	1
616	353	1
641	353	1
666	353	1
690	353	1
714	353	1
738	353	0
762	353	0
786	353	0
805	346	0
830	342	0
850	334	1
876	326	1
903	321	1
928	317	0
949	310	0
974	308	0
996	306	0
1022	303	0
11	358	0
33	358	0
53	352	0
74	354	0
97	358	0
120	362	0
143	358	1
171	363	1
196	363	1
219	369	1
240	372	1
264	374	1
290	373	1
314	370	1
339	372	1
360	373	1
383	375	1
408	377	1
436	380	1
465	386	0
489	386	0
514	386	0
538	386	0
563	386	0
588	386	1
616	386	1
641	386	1
666	386	1
690	386	1
714	386	1
738	386	1
762	386	1
786	386	1
810	386	1
834	386	1
860	386	0
888	383	1
906	375	1
929	372	1
952	362	1
972	356	1
995	350	1
1018	346	1
9	378	0
30	376	1
52	376	1
78	380	1
97	385	1
121	398	1
152	401	0
170	401	0
192	404	0
215	405	0
240	404	0
262	407	0
289	408	1
313	409	1
338	409	1
362	409	1
389	415	1
413	415	1
439	415	1
464	415	1
489	415	1
514	415	1
538	415	1
563	415	1
588	415	1
616	415	1
641	415	0
666	415	0
690	415	0
715	413	0
740	412	0
765	412	0
786	415	0
810	415	0
834	415	0
860	415	0
884	415	0
909	415	0
932	415	0
955	405	0
973	398	0
995	383	1
1025	377	1
4	442	1
27	442	1
49	442	0
71	442	1
95	442	1
119	442	1
141	442	1
165	442	1
190	442	1
215	442	1
240	442	1
264	442	1
290	442	1
314	442	1
339	442	1
365	439	0
386	443	0
409	439	0
439	442	0
464	442	0
489	442	1
514	442	1
538	442	1
563	442	1
588	442	1
616	442	1
641	442	1
666	442	1
690	442	1
713	435	1
735	430	1
761	427	1
786	426	0
814	426	0
835	426	0
857	427	0
880	426	0
909	430	0
934	425	0
955	422	0
982	417	0
1001	416	0
1024	410	0
4	470	0
24	466	0
49	470	0
71	470	0
98	470	0
117	472	0
139	469	0
165	469	0
194	466	0
215	470	1
240	470	1
264	470	1
290	470	1
314	470	1
339	470	1
364	470	1
389	470	1
413	470	1
439	470	1
464	470	1
489	470	1
514	470	1
538	470	1
563	470	1
588	470	0
616	470	0
641	470	0
666	470	0
690	470	1
712	466	1
737	460	1
761	455	1
784	451	1
809	448	1
832	447	1
860	443	0
880	442	0
906	442	0
930	444	0
955	442	0
971	439	0
998	437	0
1024	436	0
4	499	0
27	499	1
49	499	1
71	499	1
95	499	1
119	499	1
141	499	1
165	499	1
190	499	1
215	499	1
240	499	0
264	499	0
290	497	0
314	499	0
339	499	0
364	499	0
389	507	1
417	504	1
439	502	1
464	499	1
489	499	1
514	499	1
538	499	1
563	499	1
589	502	1
616	499	1
641	499	1
666	499	1
690	499	1
714	499	0
738	499	0
762	499	0
786	499	0
810	499	0
837	508	1
860	499	1
884	495	1
909	489	1
933	482	1
956	478	1
977	471	1
998	464	0
1024	459	0
5	518	0
28	516	0
48	523	0
71	527	0
94	532	0
124	533	1
141	541	1
165	541	1
190	541	1
215	541	1
240	541	1
264	541	1
290	541	1
314	541	1
339	541	1
364	541	1
389	541	1
413	541	1
439	541	0
464	541	0
489	541	0
514	541	0
538	541	0
563	541	1
588	541	1
616	541	1
641	541	1
666	541	1
690	541	1
714	541	1
738	541	1
762	541	1
786	541	1
810	541	1
834	541	1
860	541	0
884	541	0
909	541	0
932	541	0
956	541	0
975	526	1
998	510	1
1025	502	1
6	549	1
27	549	1
51	554	1
74	556	1
95	565	0
119	565	0
141	565	0
165	565	0
190	565	0
215	565	0
240	565	0
264	565	0
290	565	1
314	565	1
339	565	1
364	565	1
389	565	1
413	565	1
439	565	1
464	565	1
489	565	1
514	565	1
538	565	1
563	565	1
588	565	1
616	565	1
641	565	1
666	565	1
690	565	1
714	565	1
738	565	1
762	565	1
786	565	1
810	565	1
834	565	1
860	565	0
884	565	0
909	565	0
932	565	0
956	565	0
981	565	0
1006	565	0
1030	565	0
8	583	0
28	588	0
48	587	0
70	588	1
94	589	1
120	590	1
141	595	1
165	599	1
190	599	1
215	599	1
240	599	1
264	599	1
290	599	1
314	599	1
338	598	0
364	598	0
389	599	0
413	599	0
439	599	0
468	606	1
491	606	1
514	599	1
538	599	1
563	599	1
588	599	1
616	599	1
641	599	1
668	594	1
691	593	1
712	590	1
739	591	1
764	588	0
789	582	0
811	575	0
846	576	0
868	579	0
888	580	0
910	582	0
934	583	0
956	586	0
981	586	0
1006	587	0
1029	586	0
8	609	0
28	614	0
51	616	0
68	615	0
92	616	0
112	618	0
139	616	1
164	620	1
185	625	1
214	631	1
237	633	1
264	639	1
290	639	1
314	639	1
339	639	1
364	639	1
389	639	1
413	639	1
439	639	1
464	639	1
489	639	1
514	639	1
538	639	1
563	639	0
588	639	0
618	636	0
641	639	0
665	632	1
690	628	1
711	623	1
736	619	1
757	615	1
781	603	1
808	599	1
828	593	1
859	591	0
876	588	0
904	591	0
925	595	0
952	598	0
975	598	0
1000	598	0
1020	599	0
10	648	1
30	651	1
49	653	1
73	650	1
100	652	1
121	654	1
138	656	1
165	662	1
190	662	1
218	663	0
240	662	0
264	662	0
290	662	0
314	662	0
339	662	0
364	662	1
389	662	1
413	662	1
439	662	1
464	662	1
489	662	1
514	662	1
538	662	1
563	662	1
588	662	1
616	662	1
641	662	1
666	662	1
690	662	1
710	653	0
737	648	0
759	642	0
784	637	0
805	630	0
828	627	0
852	625	1
872	619	1
897	615	1
925	614	0
948	612	0
970	612	0
990	614	0
1015	611	0
4	684	0
27	684	0
49	684	0
71	684	0
95	684	0
119	684	1
141	684	1
165	684	1
190	684	1
215	684	1
240	684	1
264	684	1
290	684	1
314	684	1
339	684	1
364	684	1
388	684	0
416	684	0
439	684	1
464	684	1
489	684	1
514	684	1
538	684	1
563	684	1
588	684	1
616	684	1
641	684	1
666	684	1
690	684	1
714	684	1
740	677	1
764	674	1
785	673	1
802	672	1
828	665	0
856	662	0
882	662	0
907	653	1
930	650	1
950	645	1
977	642	1
1004	640	1
1026	639	1
