8	14	1
31	14	1
53	14	1
77	14	1
102	10	0
126	14	1
151	14	1
175	14	1
201	14	1
222	8	0
249	14	1
275	14	1
300	14	1
325	14	1
350	14	1
375	14	1
396	11	0
425	14	1
452	14	1
478	14	1
504	14	1
529	14	1
555	14	0
581	14	0
607	14	0
633	14	0
659	14	0
683	14	0
708	14	0
733	14	0
756	14	0
782	14	0
808	14	0
831	14	1
854	14	1
879	14	1
907	14	1
931	14	1
955	14	1
980	14	1
1007	14	1
1030	14	1
8	46	1
31	46	1
53	46	1
77	46	1
101	46	1
126	46	1
151	46	1
168	41	0
201	46	1
225	46	1
249	46	1
275	46	1
300	46	1
325	46	1
348	45	0
375	46	1
400	46	1
425	46	1
452	46	0
478	46	1
504	46	1
529	46	1
555	46	1
581	46	1
607	46	1
633	46	1
659	46	0
683	46	0
708	46	0
733	46	0
756	46	0
782	46	0
808	46	0
831	46	0
854	46	0
879	46	0
907	46	0
931	46	0
955	46	1
980	46	1
1007	46	1
1030	46	1
8	74	1
31	74	1
53	74	1
77	74	1
101	74	1
123	83	0
151	74	1
175	74	1
201	74	1
225	74	1
241	69	0
275	74	1
300	74	1
325	74	1
350	74	1
375	74	1
400	74	1
428	79	0
452	74	1
478	74	1
504	74	0
529	74	0
555	74	0
581	74	0
607	74	1
633	74	1
659	74	1
683	74	1
708	74	1
733	74	1
756	74	0
782	74	0
808	74	0
831	74	0
854	74	0
879	74	0
907	74	0
931	74	0
955	74	0
980	74	0
1007	74	0
1030	74	0
8	111	1
31	111	1
53	111	1
78	123	0
101	111	1
126	111	1
151	111	1
174	110	0
196	110	0
225	111	1
249	111	1
275	111	1
300	111	1
325	111	1
350	111	1
375	111	1
400	111	1
425	111	1
452	111	1
478	111	1
504	111	0
529	111	0
555	111	0
581	111	0
607	111	0
633	111	0
659	111	0
683	111	1
708	111	1
733	111	1
756	111	1
782	111	1
808	111	1
831	111	1
854	111	1
879	111	0
907	111	0
931	111	0
955	111	0
980	111	0
1007	111	0
1030	111	0
8	141	1
31	141	1
53	141	1
77	141	1
101	141	1
126	141	1
149	150	0
175	141	1
201	141	1
225	141	1
252	134	0
275	141	1
300	141	1
325	141	1
350	141	1
375	141	1
400	141	1
425	141	1
452	141	1
478	141	1
504	141	0
529	141	0
555	141	0
581	141	0
607	141	0
633	141	0
659	141	0
683	141	0
708	141	0
733	141	0
756	141	0
782	141	0
808	141	1
831	141	1
854	141	1
879	141	1
907	141	1
931	141	1
955	141	1
980	141	1
1007	141	0
1030	141	0
8	173	1
37	171	0
53	173	1
77	173	1
101	173	1
126	173	1
151	173	1
175	173	1
203	176	0
225	173	0
249	173	1
275	173	1
300	173	1
327	163	0
350	173	1
375	173	1
400	173	1
425	173	1
452	173	1
478	173	1
504	173	1
529	173	1
555	173	1
581	173	1
607	173	0
633	173	0
659	173	0
683	173	0
708	173	0
733	173	0
756	173	0
782	173	0
808	173	0
831	173	0
854	173	0
879	173	0
907	173	1
931	173	1
955	173	1
980	173	1
1007	173	1
1030	173	1
8	207	1
31	207	1
53	207	1
77	207	1
101	207	1
126	207	1
151	207	1
170	213	0
201	207	1
225	207	1
249	207	1
277	209	0
300	207	1
325	207	1
350	207	1
375	207	1
396	199	0
425	207	1
452	207	1
478	207	0
504	207	0
529	207	1
555	207	1
581	207	1
607	207	1
633	207	1
659	207	1
683	207	1
708	207	0
733	207	0
756	207	0
782	207	0
808	207	0
831	207	0
854	207	0
879	207	0
907	207	0
931	207	0
955	207	0
980	207	0
1007	207	0
1030	207	1
8	237	1
31	237	1
53	237	0
77	237	1
101	237	1
126	237	1
151	237	1
175	237	1
201	237	1
225	237	1
250	243	0
275	237	1
300	237	1
325	237	1
350	237	0
375	237	1
400	237	1
425	237	1
452	237	1
478	237	0
504	237	0
529	237	0
555	237	0
581	237	0
607	237	0
633	237	0
659	237	1
683	237	1
708	237	1
733	237	1
756	237	1
782	237	1
808	237	1
831	237	0
854	237	0
879	237	0
907	237	0
931	237	0
955	237	0
987	245	1
1010	244	0
1030	237	0
8	270	0
30	266	1
53	266	1
73	267	1
101	264	0
125	265	0
151	270	1
175	270	1
201	270	1
225	270	1
249	270	1
275	270	1
300	270	0
325	270	1
350	270	1
375	270	1
400	270	1
425	270	1
452	270	1
478	270	1
504	270	0
529	270	0
555	270	0
581	270	0
607	270	0
633	270	0
659	270	0
683	270	0
708	270	0
733	270	0
756	270	1
782	270	1
808	270	1
831	270	1
854	270	1
879	270	1
907	270	1
931	270	1
952	268	0
984	270	0
1007	270	0
1030	270	0
8	302	1
31	302	1
53	302	1
74	300	0
101	302	1
126	302	1
151	302	1
177	296	0
201	302	1
225	302	1
249	302	1
275	302	1
300	302	1
325	302	1
350	302	1
369	300	0
400	302	1
425	302	1
452	302	1
478	302	1
504	302	1
529	302	1
555	302	1
581	302	1
607	302	0
633	302	0
659	302	0
683	302	0
708	302	0
733	302	0
756	302	0
782	302	0
808	302	0
831	302	0
854	302	1
879	302	1
907	302	1
931	302	1
955	302	1
980	302	1
1007	302	1
1030	302	1
8	339	1
31	339	0
53	339	1
77	339	1
101	339	1
126	339	1
151	339	1
175	339	1
201	339	1
223	352	0
249	339	1
275	339	1
300	339	1
325	339	0
350	339	1
375	339	1
400	339	1
425	339	1
449	335	0
478	339	1
504	339	1
529	339	1
555	339	1
581	339	1
607	339	1
633	339	1
659	339	0
683	339	0
708	339	0
733	339	0
756	339	0
782	339	0
808	339	0
831	339	0
854	339	0
879	339	0
907	339	0
931	339	0
955	339	1
980	339	1
1007	339	1
1030	339	1
8	371	1
31	371	1
53	371	1
77	371	1
99	367	0
126	371	1
151	371	1
175	371	1
201	371	1
225	371	1
249	371	1
273	382	0
297	383	0
325	371	1
350	371	1
375	371	1
399	367	0
425	371	1
452	371	1
478	371	1
504	371	0
529	371	0
555	371	0
581	371	0
607	371	1
633	371	1
659	371	1
683	371	1
708	371	1
733	371	1
756	371	1
782	371	0
808	371	0
831	371	0
854	371	0
879	371	0
907	371	0
931	371	0
955	371	0
980	371	0
1007	371	0
1030	371	0
8	401	1
31	401	1
46	409	0
77	401	1
101	401	1
126	401	1
151	401	1
175	401	0
201	401	1
225	401	1
249	401	1
275	401	1
300	401	1
325	401	1
352	413	0
375	401	1
400	401	1
425	401	1
452	401	1
478	401	0
504	401	0
529	401	0
555	401	0
581	401	0
607	401	0
633	401	0
659	401	0
683	401	0
708	401	0
733	401	1
756	401	1
782	401	1
808	401	1
831	401	1
854	401	1
879	401	1
907	401	0
931	401	0
955	401	0
980	401	0
1007	401	0
1030	401	0
8	440	1
31	440	1
53	440	1
77	440	1
101	440	1
126	440	0
151	440	1
175	440	1
201	440	1
226	431	1
249	440	1
275	440	1
302	451	0
325	440	1
350	440	1
375	440	1
400	440	1
424	438	0
452	440	1
478	440	1
504	440	1
529	440	0
555	440	0
581	440	0
607	440	0
633	440	0
659	440	0
683	440	0
708	440	0
733	440	0
756	440	0
782	440	0
808	440	1
831	440	1
854	440	1
879	440	1
907	440	1
931	440	1
955	440	1
980	440	1
1007	440	0
1030	440	0
8	469	1
31	469	1
53	469	1
75	478	0
101	469	1
126	469	1
151	469	1
180	468	0
202	466	0
225	469	1
249	469	1
275	469	1
300	469	1
325	469	1
350	469	1
377	480	0
400	469	1
425	469	1
452	469	1
478	469	1
504	469	1
529	469	1
555	469	1
581	469	1
607	469	1
633	469	0
659	469	0
683	469	0
708	469	0
733	469	0
756	469	0
782	469	0
808	469	0
831	469	0
854	469	0
879	469	0
907	469	0
931	469	1
955	469	1
980	469	1
1007	469	1
1030	469	1
8	507	1
31	507	1
53	507	1
77	507	1
101	507	1
126	507	1
151	507	0
175	507	1
201	507	1
225	507	1
255	495	0
275	507	1
300	507	1
325	515	0
350	507	1
375	507	1
400	507	1
425	507	1
452	507	0
478	507	0
504	507	0
529	507	0
555	507	1
581	507	1
607	507	1
633	507	1
659	507	1
683	507	1
708	507	1
733	507	1
756	507	0
782	507	0
808	507	0
831	507	0
854	507	0
879	507	0
907	507	0
931	507	0
955	507	0
980	507	0
1007	507	1
1030	507	1
8	541	1
29	529	0
53	541	1
77	541	1
101	548	0
126	541	1
151	541	1
175	541	1
201	541	0
225	541	0
249	541	1
275	541	1
300	541	1
325	541	1
350	541	1
376	547	0
401	549	0
425	541	1
452	541	1
478	541	0
504	541	0
529	541	0
555	541	0
581	541	0
607	541	0
633	541	0
659	541	1
683	541	1
708	541	1
733	541	1
756	541	1
782	541	1
808	541	1
831	541	1
854	541	0
879	541	0
907	541	0
931	541	0
955	541	0
980	541	0
1007	541	0
1030	541	0
8	587	1
31	591	0
52	594	0
77	587	1
101	587	1
126	587	1
151	587	1
173	585	0
201	587	1
225	587	1
249	587	1
275	587	1
300	587	1
325	587	1
350	587	0
375	587	1
400	587	1
425	587	1
452	587	1
478	587	1
504	587	1
529	587	1
555	587	1
581	587	0
607	587	0
633	587	0
659	587	0
683	587	0
708	587	0
733	587	0
756	587	0
782	587	1
808	587	1
831	587	1
854	587	1
879	587	1
907	587	1
931	587	1
955	587	0
980	587	0
1007	587	0
1030	587	0
8	627	1
31	627	1
53	627	1
77	627	1
101	627	0
126	627	0
151	627	1
175	627	1
201	627	1
225	627	1
249	627	1
275	627	1
301	631	0
325	627	1
350	627	1
375	627	1
400	627	1
425	627	1
452	627	1
478	627	0
504	627	1
529	627	1
555	627	1
581	627	1
607	627	1
633	627	1
659	627	1
683	627	0
708	627	0
733	627	0
756	627	0
782	627	0
808	627	0
831	627	0
854	627	0
879	627	1
907	627	1
931	627	1
955	627	1
980	627	1
1007	627	1
1030	627	1
8	672	1
31	672	1
53	672	1
77	669	0
101	672	1
126	672	1
151	672	1
175	672	1
201	672	1
225	672	1
249	672	0
275	672	1
300	672	1
325	672	1
350	672	1
375	672	1
400	672	1
425	672	1
452	672	1
478	672	0
504	672	0
529	672	0
555	672	0
581	672	0
607	672	1
633	672	1
659	672	1
683	672	1
708	672	1
733	672	1
756	672	1
782	672	1
808	672	0
831	672	0
854	672	0
879	672	0
907	672	0
931	672	0
955	672	0
980	672	0
1007	672	0
1030	672	0
