9	14	1
31	14	1
55	14	1
78	14	1
101	14	0
125	14	0
148	14	0
172	14	0
196	14	0
219	14	0
241	14	0
265	14	0
289	14	1
314	14	1
339	14	1
364	14	1
389	14	1
412	14	1
436	14	1
459	14	1
483	14	1
506	14	1
530	14	1
553	14	1
577	14	1
601	14	1
624	14	0
647	14	0
669	14	0
691	14	0
713	14	0
736	14	0
761	14	0
785	14	0
804	14	0
829	14	0
853	14	0
878	14	0
902	14	0
927	14	0
952	14	0
977	14	0
1001	14	0
1022	14	0
9	37	1
31	37	1
55	37	1
78	37	1
101	37	1
125	37	1
148	37	1
172	37	1
196	37	0
219	37	0
241	37	0
265	37	0
289	37	0
314	37	0
339	37	0
364	39	0
387	40	0
412	37	0
436	37	1
459	37	1
483	37	1
506	37	1
530	37	1
553	37	1
577	37	1
601	37	1
624	37	0
647	37	0
669	37	0
689	36	0
713	37	0
736	37	0
761	37	0
785	37	0
804	37	0
829	37	0
853	37	0
878	37	0
902	37	0
927	37	0
952	37	0
977	37	0
1001	37	0
1022	37	0
9	64	1
29	61	1
56	59	1
75	59	1
101	59	1
124	59	1
144	56	1
171	56	1
190	55	1
214	57	0
241	58	0
264	58	0
289	58	0
311	59	0
339	64	0
364	64	0
389	64	0
412	64	0
436	64	0
459	64	0
483	64	0
506	64	0
530	64	0
553	64	0
577	64	0
601	64	0
624	64	0
647	64	1
669	64	1
691	64	1
713	64	1
736	64	0
761	64	0
785	64	0
804	64	0
829	64	0
853	64	0
878	64	0
902	64	0
927	64	0
952	64	0
977	64	0
1001	64	0
1022	64	0
9	97	0
31	97	0
55	97	0
78	97	0
98	89	1
125	89	1
150	89	1
172	87	1
195	85	1
221	85	1
241	83	1
263	85	1
287	83	1
316	83	0
341	85	0
366	82	0
388	85	0
414	84	0
438	90	0
461	93	0
483	97	0
506	97	0
530	97	0
553	97	0
577	97	0
601	97	0
624	97	0
647	97	0
669	97	0
691	97	0
713	97	0
736	97	0
761	97	1
785	97	1
804	97	1
829	97	0
853	97	0
878	97	0
902	98	0
925	97	0
953	95	0
977	97	0
1001	97	0
1022	97	0
9	115	0
31	115	0
55	115	0
78	115	0
101	115	0
125	115	0
148	115	0
172	115	0
196	115	1
219	115	1
241	115	1
265	115	1
289	115	1
314	115	1
339	115	1
364	115	1
389	115	1
412	115	1
436	115	1
459	115	1
483	115	0
506	115	0
530	115	0
553	115	0
577	115	0
601	115	0
624	115	0
647	115	0
669	115	0
691	115	0
713	115	0
736	115	0
761	115	0
785	115	0
804	115	0
829	115	0
853	115	0
878	115	0
899	123	1
925	117	1
952	115	1
977	115	0
1001	115	0
1022	115	0
9	150	1
31	150	0
55	150	0
78	150	0
101	150	0
125	150	0
148	150	0
172	150	0
196	150	0
219	150	0
241	150	0
265	150	0
289	146	0
314	150	1
339	150	1
364	150	1
389	150	1
412	150	1
436	150	1
459	150	1
483	150	1
506	150	1
530	150	0
553	150	0
577	150	0
601	150	0
624	150	0
647	150	0
669	150	0
691	150	0
713	150	0
736	150	0
761	150	0
785	150	0
804	150	0
829	150	0
853	150	0
878	150	0
902	150	0
927	150	0
953	148	0
977	150	0
1005	146	1
1028	142	1
9	181	0
31	181	0
55	177	0
80	177	0
104	179	0
129	175	0
148	181	0
172	181	0
196	181	0
219	181	0
241	181	0
265	181	0
289	181	0
314	181	0
339	181	0
364	181	0
389	181	0
412	181	1
436	181	1
459	181	1
483	181	1
506	181	1
530	181	1
553	181	1
577	181	0
601	181	0
624	181	0
648	179	0
669	179	0
691	181	0
713	181	0
736	181	0
761	181	0
785	181	0
804	181	0
829	181	0
853	181	0
878	181	0
902	181	0
927	181	0
952	181	0
977	181	0
1001	181	0
1022	181	0
9	202	1
31	202	1
55	202	1
78	202	1
101	202	1
125	202	1
147	203	0
175	201	0
196	202	0
219	202	0
241	202	0
265	202	0
289	202	0
314	202	0
339	202	0
364	202	0
389	202	0
412	202	0
436	202	0
459	202	0
483	202	0
505	203	0
530	202	0
553	202	0
577	202	0
601	202	0
624	202	1
647	202	1
669	202	1
691	202	1
713	202	0
736	202	0
761	202	0
785	202	0
804	202	0
829	202	0
853	202	0
878	202	0
902	202	0
927	202	0
952	202	0
977	202	0
1001	202	0
1022	202	0
8	238	1
34	231	0
55	232	0
82	231	1
101	226	1
125	226	1
148	226	1
172	226	1
196	226	1
219	226	1
241	226	1
265	226	1
292	227	0
314	226	0
340	227	0
364	226	0
389	226	0
412	226	0
436	226	0
459	226	0
483	226	0
506	226	0
530	226	0
553	226	0
577	226	0
601	226	0
624	226	0
647	226	0
669	226	0
691	226	0
713	226	0
736	226	1
761	226	1
785	226	1
804	226	1
829	226	0
853	226	0
878	226	0
900	225	0
927	226	0
952	226	0
977	226	0
1001	226	0
1022	226	0
9	260	1
29	263	1
55	260	0
78	260	0
101	260	0
125	260	0
148	260	0
172	260	0
196	260	1
219	260	1
241	260	1
265	260	1
289	260	1
314	260	1
339	260	1
364	260	0
389	260	0
412	260	0
436	260	0
459	260	0
483	260	0
506	260	0
530	260	0
553	260	0
577	260	0
601	260	0
624	260	0
647	260	0
669	260	0
691	260	0
713	260	0
736	260	0
761	260	0
785	260	0
804	260	0
829	260	0
853	260	0
873	262	1
900	260	1
920	259	1
952	260	0
975	256	0
1002	253	0
1023	250	0
9	295	1
31	295	1
55	295	0
78	295	1
101	295	0
125	295	0
148	295	0
172	295	0
196	295	0
219	295	0
241	295	0
265	295	1
289	295	1
314	295	1
339	295	1
364	295	1
389	295	1
412	295	1
436	295	1
459	295	0
483	295	0
506	295	0
530	295	0
553	295	0
577	295	0
601	295	0
624	295	0
647	295	0
669	295	0
691	295	0
713	295	0
736	295	0
761	295	0
785	295	0
804	295	0
829	295	0
853	295	0
878	295	0
902	295	0
927	295	0
952	295	0
977	295	1
1001	290	1
1023	289	1
9	318	1
31	318	1
55	318	1
78	318	1
101	318	0
125	318	0
148	318	0
172	318	0
196	318	0
219	318	0
241	318	0
265	318	0
289	318	0
314	318	0
339	318	0
364	318	0
389	318	0
412	318	0
436	318	0
459	318	0
483	318	1
506	318	1
530	318	1
553	318	0
577	318	0
601	318	0
624	318	0
647	318	0
669	318	0
691	318	0
713	318	0
736	318	0
761	318	0
785	318	0
804	318	0
829	318	0
853	318	0
878	318	0
902	318	0
927	318	0
952	318	0
977	318	0
999	320	0
1022	318	0
9	348	1
31	348	1
55	348	1
78	348	1
101	348	1
125	348	1
148	348	0
172	348	0
196	348	0
219	348	0
241	348	0
265	348	0
289	348	0
314	348	0
339	348	0
364	348	0
389	348	0
412	348	0
436	348	0
459	348	0
483	348	0
506	348	0
530	348	0
553	348	0
577	348	0
601	348	1
624	348	1
647	348	0
669	348	0
691	348	0
713	348	0
736	348	0
760	347	0
785	348	0
804	348	0
829	348	0
853	348	0
878	348	0
902	348	0
927	348	0
952	348	0
977	348	0
1001	348	0
1022	348	0
9	374	1
31	374	0
55	371	0
77	374	0
101	374	0
125	373	0
150	371	0
173	371	0
188	373	0
221	370	0
245	371	0
263	369	0
287	369	0
314	374	0
339	374	0
364	374	0
389	374	0
412	374	0
436	374	0
459	374	0
483	374	0
506	374	0
530	374	0
553	374	0
577	374	0
601	374	0
624	374	0
647	374	0
669	374	0
691	374	0
713	374	1
736	374	1
761	374	1
785	374	1
804	374	0
829	374	0
853	374	0
879	374	0
902	374	0
927	374	0
952	374	0
977	374	0
1001	374	0
1022	374	0
9	398	1
31	398	1
55	398	1
78	398	1
101	398	1
125	398	1
148	398	1
172	398	1
196	398	1
219	398	1
241	398	1
265	398	1
289	398	1
314	398	1
339	398	0
364	398	0
389	398	0
412	398	0
436	398	0
459	398	0
483	398	0
506	398	0
530	398	0
553	398	0
577	398	0
601	398	0
624	398	0
647	398	0
669	398	0
691	398	0
713	398	0
736	398	0
761	398	0
785	398	0
804	398	0
829	398	1
853	398	1
878	398	1
902	398	0
927	398	0
950	398	0
976	399	0
1003	397	0
1022	398	0
9	434	1
31	434	1
55	434	1
78	434	1
101	434	1
125	434	1
148	434	1
172	434	0
196	434	0
219	434	0
241	434	0
265	434	0
289	434	1
314	434	1
339	434	1
364	434	1
389	434	0
412	434	0
436	434	0
459	434	0
483	434	0
506	430	0
530	434	0
553	434	0
577	434	0
601	434	0
624	434	0
647	434	0
669	434	0
691	434	0
713	434	0
736	434	0
761	434	0
785	434	0
804	434	0
829	434	0
853	434	0
878	434	0
902	434	0
927	434	0
952	434	1
977	434	1
1001	434	1
1022	434	0
9	470	1
31	470	1
55	470	1
78	470	1
101	470	1
125	470	1
148	470	0
172	470	0
196	470	0
219	470	0
241	470	0
265	470	0
289	470	0
314	470	0
339	470	0
364	470	0
389	470	0
412	470	0
436	470	1
461	465	1
484	459	1
505	455	1
533	456	0
556	459	0
577	459	0
601	461	0
625	461	0
645	461	0
669	470	0
691	470	0
713	470	0
736	470	0
761	470	0
785	470	0
804	470	0
829	470	0
853	470	0
878	470	0
902	470	0
927	470	0
952	470	0
977	470	0
1001	470	0
1022	470	0
9	495	1
31	495	1
55	495	1
78	495	1
101	495	1
125	495	1
148	495	1
172	495	1
196	495	0
219	495	0
241	495	0
265	495	0
289	495	0
314	495	0
339	495	0
364	495	0
389	495	0
412	495	0
436	495	0
459	495	0
483	495	0
506	495	0
530	495	0
561	496	1
577	495	1
602	490	1
627	484	1
650	486	0
666	488	0
688	489	0
710	491	0
731	488	0
761	495	0
785	495	0
804	495	0
829	495	0
853	495	0
878	495	0
902	495	0
927	495	0
952	495	0
977	495	0
1001	495	0
1022	495	0
9	520	1
31	520	1
55	520	1
78	520	1
101	520	1
125	520	1
148	520	1
172	520	1
196	520	1
219	520	0
241	520	0
265	520	0
289	520	0
314	520	0
339	520	0
364	520	0
389	520	0
412	520	0
436	520	0
459	520	0
483	520	0
506	520	0
530	520	0
553	520	0
577	520	0
601	520	0
624	520	0
647	520	0
669	520	0
691	520	1
713	520	1
736	520	1
761	520	0
785	520	0
804	520	0
825	516	0
846	515	0
878	520	0
902	520	0
927	520	0
952	520	0
977	520	0
1001	520	0
1022	520	0
9	539	1
30	542	0
60	545	0
78	539	1
101	539	1
125	539	1
148	539	1
172	539	1
196	539	1
219	539	0
241	539	0
265	539	0
289	539	0
314	539	0
339	539	0
364	539	0
389	539	0
412	539	0
436	539	0
459	539	0
483	539	0
506	539	0
530	539	0
553	539	0
577	539	0
601	539	0
624	539	0
647	539	0
669	539	0
691	539	0
713	539	0
736	539	0
761	539	0
785	539	0
804	539	1
829	539	1
853	539	1
878	539	0
902	539	0
927	539	0
952	539	0
977	539	0
1001	539	0
1022	539	0
10	579	1
32	576	1
57	575	1
77	575	1
103	578	1
125	577	1
144	574	1
173	567	0
197	571	0
219	568	0
241	568	0
265	568	0
289	568	1
314	568	1
339	568	1
364	568	0
389	568	0
412	568	0
436	568	0
459	568	0
483	568	0
506	568	0
530	568	0
553	568	0
577	568	0
601	568	0
624	568	0
647	568	0
669	568	0
691	568	0
713	568	0
736	568	0
761	568	0
785	568	0
804	568	0
829	568	0
853	568	0
878	568	0
902	568	0
920	567	1
949	567	1
977	568	0
1001	568	0
1022	568	0
9	610	1
31	610	1
55	610	1
78	610	1
101	610	1
125	610	1
148	610	1
172	610	1
196	610	1
219	610	0
241	610	0
265	610	0
289	610	0
314	610	0
339	610	0
364	610	0
389	610	0
412	616	1
433	616	1
458	615	1
479	610	1
506	610	0
530	610	0
553	610	0
577	610	0
601	610	0
624	610	0
647	610	0
669	610	0
691	610	0
713	610	0
736	610	0
761	610	0
785	610	0
804	610	0
829	610	0
853	610	0
878	610	0
902	610	0
925	606	1
955	604	1
977	610	0
1001	610	0
1022	610	0
9	642	1
31	642	1
55	642	1
78	642	1
101	642	1
125	642	1
148	642	1
172	642	0
196	642	0
219	642	0
241	642	0
265	642	0
289	642	0
314	642	0
339	642	0
364	642	0
389	642	0
412	642	0
436	642	0
459	642	0
483	642	0
506	642	0
530	642	1
553	642	1
577	642	1
601	642	1
624	642	0
647	642	0
669	642	0
691	642	0
713	642	0
736	642	0
761	642	0
785	642	0
804	642	0
829	642	0
853	642	0
878	642	0
902	642	0
927	642	0
952	642	0
977	642	0
1001	642	0
1022	642	0
9	676	1
31	676	1
55	676	1
78	676	1
105	673	1
129	668	1
153	671	1
172	676	1
196	676	0
219	676	0
241	676	0
265	676	0
289	676	0
314	676	0
339	676	0
364	676	0
389	676	0
412	676	0
436	676	0
459	676	0
483	676	0
506	676	0
530	676	0
553	676	0
577	676	0
601	676	0
624	676	0
647	676	1
669	676	1
691	676	1
711	670	1
736	676	0
761	676	0
785	676	1
804	676	1
829	676	1
853	676	0
878	676	0
902	676	0
927	676	0
952	676	0
977	676	0
1001	676	0
1022	676	0
