6	6	0
26	6	0
48	6	0
69	6	0
89	6	0
112	6	0
133	6	0
155	6	0
176	6	0
198	6	0
218	7	0
241	6	1
263	6	1
285	6	1
308	6	1
329	6	1
351	6	1
373	6	1
395	6	1
417	6	1
438	6	1
461	6	1
484	6	1
506	6	1
529	6	1
551	6	1
574	6	1
597	6	1
619	6	1
641	6	0
661	6	0
680	6	0
704	6	0
725	7	0
747	6	0
764	7	0
789	6	0
812	6	0
833	6	0
855	6	0
877	6	0
897	6	0
919	6	0
941	6	0
963	6	0
985	6	0
1007	6	0
1029	6	0
6	31	0
26	31	0
48	31	0
69	31	0
89	31	0
112	31	0
133	31	0
155	31	0
176	31	0
198	31	0
220	31	0
241	31	0
263	31	0
285	31	0
308	31	0
329	31	0
351	31	0
373	31	0
395	31	0
417	31	0
438	31	1
461	31	1
484	31	1
506	31	1
529	31	1
551	31	1
574	31	1
597	31	1
619	31	1
641	31	1
661	31	1
680	31	1
704	31	1
722	31	1
743	31	1
767	31	1
789	34	1
812	31	1
833	31	1
855	31	1
877	31	1
897	31	0
919	31	0
941	31	0
963	31	0
985	31	0
1007	31	0
1029	31	0
6	57	1
26	57	0
48	57	0
69	57	0
89	57	0
112	57	0
133	57	0
155	57	0
176	57	0
198	57	0
220	57	0
241	57	0
263	57	0
285	57	0
308	57	0
329	57	0
351	57	0
373	57	0
395	57	0
417	57	0
438	57	0
461	57	0
484	57	0
506	57	0
529	56	0
549	59	0
574	57	1
597	57	1
619	57	1
641	57	1
661	57	1
680	57	1
704	57	1
722	57	1
743	57	1
767	57	1
789	57	1
812	57	1
833	57	1
855	57	1
877	57	1
897	57	1
919	57	1
941	57	1
963	57	1
985	57	1
1007	57	1
1029	57	1
6	79	1
26	79	1
48	79	1
69	79	1
89	79	1
112	79	1
133	79	1
155	79	0
176	79	0
198	79	0
220	79	0
241	79	0
263	79	0
285	79	0
308	79	0
329	79	0
351	79	0
373	79	0
395	79	0
417	79	0
438	79	0
461	79	0
484	79	0
506	79	0
529	79	0
551	79	0
574	79	0
597	79	0
619	79	0
641	79	0
661	79	1
680	79	1
704	79	1
722	79	1
743	79	1
767	79	1
789	79	1
812	79	1
833	79	1
855	79	1
877	79	1
897	79	1
919	79	1
941	79	1
963	79	1
985	79	1
1007	79	1
1029	79	1
6	102	1
26	102	1
48	102	1
69	102	1
89	102	1
112	102	1
133	102	1
155	102	1
176	102	1
198	102	1
220	102	1
241	102	1
263	102	0
285	102	0
305	100	0
329	103	0
351	102	0
373	102	0
395	102	0
417	102	0
438	102	0
461	102	0
484	102	0
506	102	0
529	102	0
551	102	0
574	102	0
597	102	0
619	102	0
641	102	0
661	102	0
680	102	0
704	102	0
722	102	0
743	102	0
767	102	0
788	103	0
812	102	0
833	102	0
855	102	0
877	102	0
897	102	1
919	102	1
941	102	1
963	102	1
985	102	1
1007	102	1
1029	102	1
6	129	0
26	129	0
48	129	0
69	129	0
89	129	1
112	129	1
133	129	1
155	129	1
176	129	1
198	129	1
220	129	1
241	129	1
263	129	1
285	129	1
308	129	1
329	129	1
351	129	1
373	129	1
395	129	1
417	129	1
438	129	1
461	129	1
484	129	0
506	129	0
529	129	0
551	129	0
574	129	0
597	129	0
619	129	0
641	129	0
661	129	0
680	129	0
704	129	0
722	129	0
743	129	0
767	129	0
789	129	0
812	129	0
833	129	0
855	129	0
877	129	0
897	129	0
919	129	0
941	129	0
963	129	0
985	129	0
1007	129	0
1029	129	0
6	164	0
26	164	0
48	164	0
69	164	0
89	164	0
112	164	0
133	164	0
155	164	0
176	164	0
198	164	0
220	164	0
241	164	0
263	164	0
285	164	0
308	164	1
329	164	1
351	164	1
373	164	1
395	164	1
417	164	1
438	164	1
461	164	1
484	164	1
506	164	1
529	164	1
551	164	1
574	164	1
596	166	1
619	164	1
641	164	1
661	164	1
680	164	1
704	164	0
722	164	0
743	164	0
767	164	0
789	164	1
812	164	1
833	164	0
855	164	0
877	164	0
897	163	0
918	163	0
944	162	0
963	164	0
985	164	0
1007	164	0
1029	164	0
6	193	0
26	193	0
48	193	0
69	193	0
89	193	0
112	193	0
133	193	0
155	193	0
176	193	0
198	193	0
220	193	0
241	193	0
263	193	0
285	193	0
308	193	0
329	193	0
351	193	0
373	193	0
395	193	0
417	198	0
436	195	0
465	196	0
483	196	0
506	193	1
529	193	1
551	193	1
574	193	1
597	193	1
619	193	1
641	193	1
661	193	1
680	193	1
704	193	1
722	193	1
743	193	1
767	193	1
789	193	1
812	193	1
833	193	1
855	193	1
877	193	1
897	193	1
919	193	1
941	193	1
963	193	1
985	193	1
1007	193	1
1029	193	1
6	230	1
26	230	1
48	230	1
69	230	1
89	230	1
112	230	1
133	230	1
155	230	1
176	230	1
198	230	1
220	230	0
241	230	0
263	230	0
285	230	0
308	230	0
329	230	0
351	230	0
373	230	0
395	230	0
417	230	0
438	230	0
461	230	0
484	230	0
506	230	0
529	230	0
551	230	0
574	230	0
597	230	0
619	230	0
641	230	0
661	230	0
680	230	0
704	230	0
722	230	0
742	232	0
769	231	0
789	230	0
812	230	0
833	230	1
855	230	1
877	230	1
897	230	1
919	230	1
941	230	1
963	230	1
985	230	1
1007	230	1
1029	230	1
5	249	0
26	250	0
48	250	1
69	250	1
89	250	1
112	250	1
133	250	1
155	250	1
176	250	1
198	250	1
220	250	1
241	250	1
263	250	1
285	250	1
308	250	1
330	247	0
351	250	0
373	249	0
395	250	0
413	248	0
438	250	0
461	250	0
484	250	0
506	250	0
529	250	0
551	250	0
574	250	0
597	250	0
619	250	0
641	250	0
661	250	0
680	250	0
704	250	0
722	250	0
743	250	0
767	250	0
789	250	0
812	250	0
833	250	0
855	250	0
877	250	0
897	250	0
919	250	0
941	250	1
963	250	1
985	250	1
1007	250	1
1029	250	1
6	277	0
26	277	0
47	280	0
69	277	0
89	277	0
112	277	0
133	277	0
155	277	1
176	277	1
198	277	1
220	277	1
241	277	1
263	277	1
285	277	1
308	277	1
329	277	1
351	277	1
373	277	1
395	277	1
417	277	1
438	277	1
461	277	1
484	277	1
506	277	1
529	277	1
551	277	0
574	277	0
597	276	0
618	276	0
637	276	0
661	277	0
680	277	0
704	277	0
717	275	0
744	276	0
769	275	0
789	277	0
812	277	0
833	277	0
855	277	0
877	277	0
897	277	0
919	277	0
941	277	0
963	277	0
985	277	0
1007	277	0
1029	277	0
6	299	0
26	299	0
48	299	0
69	299	0
89	299	0
112	299	0
133	299	0
155	299	0
176	299	0
198	299	0
220	299	0
241	299	0
263	299	1
285	299	1
308	299	1
329	299	1
351	299	1
373	299	1
395	299	1
417	299	1
438	299	1
461	299	1
484	299	1
506	299	1
529	299	1
551	299	1
574	299	1
597	299	1
619	299	1
641	299	1
661	299	1
680	299	1
704	299	1
722	299	1
743	299	1
767	299	1
789	299	1
812	299	1
833	299	1
855	299	1
877	299	0
897	299	0
919	299	0
943	297	0
961	296	0
991	297	0
1007	299	0
1029	299	0
6	325	0
26	325	0
48	325	0
69	325	0
89	325	0
112	325	0
133	325	0
155	325	0
176	325	0
198	325	0
220	325	0
241	325	0
263	325	0
285	325	0
308	325	0
329	325	0
351	325	0
373	327	0
394	327	0
417	325	0
438	325	0
461	325	0
484	325	1
506	325	1
529	325	1
551	325	1
574	325	1
597	325	1
619	325	1
641	325	1
661	325	1
680	325	1
704	325	1
722	325	1
743	325	1
767	325	1
789	325	1
812	325	1
833	325	1
855	325	1
877	325	1
897	325	1
919	325	1
941	325	1
963	325	1
985	325	1
1010	325	0
1029	325	0
6	351	1
26	351	1
48	351	0
69	351	0
89	351	0
112	351	0
133	351	0
155	351	0
176	351	0
198	351	0
220	351	0
241	351	0
263	351	0
285	351	0
308	351	0
329	351	0
351	351	0
373	351	0
395	351	0
417	351	0
438	351	0
461	351	0
484	351	0
506	351	0
529	351	0
551	351	0
574	351	0
597	354	0
617	352	0
641	351	0
661	351	0
680	351	0
704	351	0
722	351	0
743	351	0
767	351	0
789	351	1
812	351	1
833	351	1
855	351	1
877	351	1
897	351	1
919	351	1
941	351	1
963	351	1
985	351	1
1007	351	1
1029	351	1
6	378	1
26	378	1
48	378	1
69	378	1
89	378	1
112	378	1
133	378	1
155	378	1
176	378	0
198	378	0
220	378	0
241	377	0
263	377	0
285	378	0
308	378	0
329	378	0
350	378	0
374	378	0
395	378	0
417	378	0
438	378	0
461	378	0
484	378	0
506	378	0
529	378	0
551	378	0
574	378	0
597	378	0
619	378	0
641	378	0
661	378	0
680	378	0
704	378	0
722	378	0
743	378	0
767	378	0
789	378	0
812	378	0
833	378	0
855	378	0
877	378	1
897	378	1
919	378	0
941	378	0
965	376	0
989	376	0
1007	378	0
1029	378	0
6	406	1
26	406	1
48	406	1
69	406	1
89	406	1
112	406	1
133	406	1
155	406	1
176	406	1
198	406	1
220	406	1
241	406	1
263	406	1
285	406	1
308	406	1
329	406	1
351	406	1
373	406	1
395	406	1
417	406	1
438	406	1
461	406	1
484	406	1
506	406	1
529	406	1
551	406	1
574	406	1
597	406	1
619	406	0
641	406	0
661	406	1
680	406	1
704	406	1
722	406	0
743	406	0
767	406	0
789	406	0
813	407	0
829	406	0
853	405	0
877	406	0
897	406	0
919	406	1
941	406	1
963	406	1
985	406	1
1007	406	1
1029	406	1
6	433	0
26	433	0
48	433	0
69	433	0
89	433	1
112	433	1
133	433	1
155	433	0
176	433	0
198	433	1
220	433	1
241	433	1
263	433	1
285	433	1
308	433	1
329	433	1
351	433	1
373	433	1
395	433	1
417	433	1
438	433	1
461	433	1
484	433	1
506	433	1
529	433	1
551	433	1
574	433	1
597	433	1
619	433	1
641	433	1
661	433	1
680	433	1
704	433	1
722	433	1
743	433	1
767	433	1
789	433	1
812	433	1
833	433	1
855	433	1
877	433	1
897	433	0
919	433	0
941	433	0
963	433	0
985	433	1
1007	433	1
1029	433	1
6	459	0
26	459	0
48	459	0
69	459	0
89	459	0
112	459	0
133	459	0
155	459	0
176	459	0
198	459	0
220	459	0
241	459	0
263	459	0
285	459	0
308	459	0
329	459	0
350	459	0
373	459	0
395	459	0
417	459	0
438	459	0
461	463	0
480	460	0
504	463	0
530	461	0
551	459	1
574	459	1
597	459	1
619	459	1
641	459	0
661	459	1
680	459	1
704	459	1
722	459	1
743	459	1
767	459	1
789	459	1
812	459	1
833	459	1
855	459	1
877	459	1
897	459	1
919	459	1
941	459	1
963	459	0
985	459	0
1007	459	1
1029	459	1
6	488	0
26	488	0
48	488	0
69	488	0
89	488	0
112	488	0
133	488	0
155	488	0
176	488	0
198	488	0
220	488	0
241	488	0
263	488	0
285	488	0
308	488	0
329	488	0
351	488	0
373	488	0
395	488	0
417	488	0
438	488	0
461	488	0
484	488	0
506	488	0
529	488	0
551	488	0
574	488	0
597	488	0
619	488	0
641	488	0
661	488	0
680	488	0
704	488	0
722	488	0
743	488	0
767	488	1
789	488	1
812	488	1
831	485	0
856	482	0
877	487	0
896	489	0
921	490	0
941	488	0
963	488	0
985	488	0
1007	488	0
1029	488	0
6	516	1
26	516	1
48	516	1
69	516	1
89	516	1
112	516	1
133	516	0
155	516	0
176	516	0
198	516	0
220	516	0
241	516	0
263	516	0
285	516	0
308	516	0
329	516	0
351	516	0
373	516	0
395	516	0
417	516	0
438	516	0
461	516	0
484	516	0
506	516	0
529	516	0
551	516	0
574	516	0
597	516	0
619	516	0
641	516	0
661	516	0
680	516	0
704	516	0
722	516	0
743	516	1
767	516	1
789	516	0
812	516	1
833	516	1
855	516	1
877	516	1
897	516	1
919	516	1
941	516	1
963	516	1
985	516	1
1007	516	0
1026	515	0
6	543	1
26	543	1
48	543	1
69	543	1
89	543	1
112	543	1
133	543	1
155	543	1
176	543	1
198	543	1
220	543	1
241	543	1
263	543	1
285	543	1
308	543	1
329	543	1
351	543	0
373	543	0
395	543	0
417	543	1
438	543	1
461	543	0
484	543	0
506	543	0
529	543	1
551	543	1
574	543	0
597	543	0
619	543	0
641	543	0
661	543	0
680	543	0
704	543	0
722	543	0
743	543	1
767	543	1
789	543	1
812	543	1
833	543	1
855	543	1
877	543	0
897	545	0
919	543	1
941	543	1
963	543	1
985	543	1
1007	543	1
1029	543	1
6	565	1
26	565	1
48	565	1
69	565	1
89	565	1
112	565	1
133	565	1
155	565	1
176	565	1
198	565	1
220	565	1
241	565	1
263	565	1
285	565	1
308	565	1
329	565	1
351	565	1
373	565	1
395	565	1
417	565	1
438	565	1
461	565	1
484	565	1
506	565	1
529	565	1
551	565	1
574	565	1
597	565	1
619	565	1
641	565	1
661	565	0
680	565	0
704	565	0
722	565	0
743	565	0
767	565	1
789	565	1
812	565	1
833	565	1
855	565	1
877	565	0
897	565	0
919	565	1
941	565	1
963	565	1
985	565	1
1007	565	1
1029	565	1
6	590	0
26	590	0
48	590	0
69	590	0
89	590	0
112	590	0
133	590	0
155	590	0
176	590	1
198	590	1
220	590	1
241	590	1
263	590	1
285	590	1
308	590	1
329	590	1
351	590	1
373	590	1
395	590	1
417	590	1
438	590	1
461	590	1
484	590	1
506	590	1
529	590	1
551	590	1
574	590	1
597	590	1
619	590	1
641	590	1
661	590	1
680	590	1
704	590	1
722	590	1
743	590	0
765	587	0
789	587	0
812	590	0
833	590	1
855	590	1
877	590	1
897	590	0
919	590	0
941	590	0
963	590	0
985	590	1
1007	590	1
1029	590	1
6	616	0
26	616	0
48	616	0
69	616	0
89	616	0
112	616	0
133	616	0
155	616	0
176	616	0
198	616	0
220	616	0
241	616	0
263	616	0
285	616	0
308	616	0
329	616	0
351	616	0
373	616	0
395	616	0
417	616	0
438	616	0
461	616	0
484	616	0
506	616	0
529	616	0
551	616	0
574	616	0
597	616	0
619	616	1
641	616	1
661	616	1
680	616	1
704	616	1
722	616	1
743	616	1
767	616	1
789	616	1
812	616	1
833	616	1
855	616	1
877	616	1
897	616	1
919	616	1
941	616	1
963	616	0
985	616	1
1007	616	1
1029	616	1
6	635	0
26	635	0
48	635	0
69	635	0
89	635	0
112	635	0
133	635	0
155	635	0
176	635	0
198	635	0
220	635	0
241	635	0
263	635	0
285	635	0
308	635	0
329	635	0
351	635	0
373	635	0
395	635	0
417	635	0
438	635	0
461	635	0
484	635	0
506	635	0
529	635	0
551	635	0
574	635	0
597	635	0
619	635	0
641	638	0
662	638	0
680	635	0
704	635	0
722	635	1
743	635	1
767	635	1
789	635	1
812	635	1
833	635	1
855	635	1
877	635	1
897	635	1
919	635	1
941	635	1
963	635	1
985	635	1
1007	635	1
1029	635	1
6	657	1
26	657	1
48	657	1
69	657	1
91	657	0
113	658	0
135	659	0
156	656	0
176	656	0
198	657	0
220	657	0
241	657	0
263	657	0
285	657	0
308	657	0
329	657	0
351	657	0
373	657	0
397	655	0
417	657	0
438	657	0
461	657	0
484	657	0
506	657	0
529	657	0
551	657	0
574	657	0
597	657	0
619	657	0
641	657	0
661	657	0
680	657	0
704	657	0
722	657	0
743	657	0
767	657	1
789	657	1
812	657	0
833	657	0
855	658	0
877	657	0
893	659	0
918	659	0
941	657	1
963	657	1
985	657	1
1007	657	1
1029	657	1
6	685	1
26	685	1
48	685	1
69	685	1
89	685	1
112	685	1
133	685	1
155	685	1
176	685	1
198	685	1
220	685	1
241	685	1
263	685	1
285	685	1
308	685	1
329	685	1
351	685	1
373	685	1
395	685	1
417	685	1
438	685	1
461	685	1
484	685	1
506	685	1
529	685	0
551	685	0
574	685	0
597	685	1
619	685	1
641	685	0
661	685	0
680	685	0
704	685	0
722	685	0
743	685	0
767	685	0
789	685	0
812	685	1
833	685	1
855	685	0
877	685	0
897	685	1
919	685	1
941	685	1
963	685	1
985	685	1
1007	685	1
1029	685	1
