5	12	1
30	12	1
46	12	1
67	12	1
92	12	1
117	12	1
145	12	1
166	12	1
184	12	1
201	12	1
228	12	1
251	12	1
276	12	1
294	12	1
317	12	1
333	12	1
359	12	0
382	12	0
406	12	0
427	12	0
456	12	0
482	12	0
506	12	0
529	12	0
553	12	0
574	12	0
600	12	0
626	12	1
649	12	1
671	12	1
699	12	1
723	12	1
745	12	1
767	12	1
789	12	1
815	12	1
838	12	1
864	12	1
889	12	1
910	12	1
931	11	1
961	12	0
986	12	0
1007	12	0
1031	8	0
5	29	1
30	29	1
46	29	1
67	29	1
92	29	0
117	29	1
145	29	1
166	29	1
184	29	1
201	29	1
228	29	1
251	29	1
276	29	1
294	29	1
317	29	1
333	29	1
359	30	0
382	29	0
404	29	0
427	29	0
456	29	0
482	29	0
506	29	0
529	29	0
553	29	0
574	29	0
600	29	0
626	29	0
649	29	0
671	29	0
699	29	1
723	29	1
745	29	1
767	29	1
789	29	1
815	29	1
838	29	1
864	29	1
889	29	1
910	29	1
936	29	1
961	29	1
986	29	1
1007	29	1
1029	29	1
5	53	0
30	53	0
46	53	0
67	53	0
92	53	0
118	62	0
142	59	0
166	53	0
184	53	0
201	53	0
228	53	1
251	53	1
276	53	1
294	53	1
317	53	1
333	53	1
359	53	1
382	53	1
406	53	1
427	53	1
456	53	0
482	53	0
506	53	0
529	53	0
553	53	0
574	53	0
600	53	0
626	53	0
649	53	0
671	53	0
699	53	0
723	53	0
745	53	0
767	53	0
789	53	0
815	53	1
838	53	1
864	53	1
889	53	1
910	53	1
936	53	1
961	53	1
986	53	1
1007	53	1
1029	53	1
5	83	0
30	83	0
46	83	0
67	83	0
92	83	0
117	83	0
145	83	0
166	83	0
184	83	0
200	90	0
227	88	0
247	90	0
273	88	0
297	92	0
312	95	0
331	94	1
357	94	1
383	92	1
407	91	1
428	87	1
457	89	1
482	83	1
506	83	1
529	83	1
553	83	1
574	83	0
600	83	0
626	83	0
649	83	0
671	83	0
699	83	0
723	83	0
745	83	0
767	83	0
789	83	0
815	83	0
838	83	0
864	83	0
889	83	0
910	83	1
936	83	1
961	83	1
990	78	1
1011	74	1
1031	72	1
5	125	1
30	125	1
46	125	1
67	125	1
92	125	0
117	125	0
145	125	0
166	125	0
184	125	0
201	125	0
228	125	0
251	125	0
276	125	0
294	125	0
317	125	0
333	125	0
359	125	0
382	125	0
406	125	0
427	125	1
456	125	1
482	125	1
506	125	1
529	125	1
553	125	1
574	125	1
600	125	1
626	125	1
649	125	1
671	125	1
699	125	0
723	125	0
745	125	0
767	125	0
789	125	0
815	125	0
838	125	0
864	125	0
889	125	0
910	125	0
936	125	0
961	125	0
986	125	0
1007	109	1
1031	109	1
5	170	1
30	170	1
46	170	1
67	170	1
92	170	1
117	170	1
145	170	1
166	170	1
184	170	1
201	170	0
228	170	0
251	170	0
276	170	0
294	170	0
317	170	0
333	170	0
359	170	0
382	170	0
406	170	0
427	170	0
456	170	0
482	170	0
506	170	0
529	170	0
553	170	1
574	170	1
600	164	1
625	160	1
649	162	1
671	163	1
699	163	1
724	159	1
745	157	1
770	155	1
793	152	0
815	149	0
845	153	0
865	150	0
891	158	0
912	158	0
939	163	0
964	163	0
988	157	0
1005	161	0
1027	161	0
5	196	0
30	196	0
46	196	0
67	196	1
92	196	1
117	196	1
145	196	1
166	196	1
184	196	1
201	196	1
228	196	1
251	196	1
276	196	1
294	196	1
317	196	0
333	196	0
359	196	0
382	196	0
406	196	0
427	196	0
456	196	0
482	196	0
506	196	0
529	196	0
553	196	0
574	196	0
600	196	0
626	196	0
649	196	1
671	196	1
699	196	1
723	196	1
745	196	1
767	196	1
793	187	1
820	187	1
845	183	1
869	181	1
898	182	1
914	203	1
936	196	1
961	196	1
986	196	1
1007	196	1
1029	196	1
5	223	0
30	223	0
46	223	0
67	223	0
92	223	0
117	228	0
145	223	0
166	223	0
184	223	1
201	223	1
228	223	1
251	223	1
276	223	1
294	223	1
317	223	1
333	223	1
359	223	1
382	223	1
406	223	1
427	223	1
456	223	0
482	223	0
506	223	0
529	223	0
553	223	0
574	223	0
600	223	0
626	223	0
649	223	0
671	223	0
699	223	0
723	223	0
745	223	0
767	223	0
788	215	1
816	213	1
838	213	1
866	208	1
892	206	1
901	226	1
936	223	1
961	223	1
986	223	1
1007	223	1
1029	223	1
5	249	0
30	249	0
46	249	0
67	249	0
92	249	0
117	249	0
145	249	0
166	249	0
184	249	0
201	249	0
228	249	0
251	249	0
276	249	0
294	249	1
317	249	1
333	249	1
359	249	1
382	249	1
406	249	1
427	249	1
456	249	1
482	249	1
506	249	1
529	249	1
553	249	0
574	249	0
600	249	0
626	249	0
649	249	0
671	249	0
699	249	0
723	249	0
745	249	0
767	249	0
789	249	0
815	249	0
838	249	0
864	249	0
889	249	0
910	249	0
936	249	0
961	249	0
986	249	0
1007	249	0
1029	249	0
5	277	1
30	277	1
46	277	1
67	277	0
92	277	0
117	277	0
145	277	0
166	277	0
184	277	0
201	277	0
228	277	0
251	277	0
276	277	0
294	277	0
317	277	0
333	277	0
359	277	0
382	277	0
406	277	1
427	277	1
456	277	1
482	277	1
506	277	1
529	277	1
553	277	1
574	277	1
600	277	1
626	277	1
649	277	1
671	277	0
699	277	0
723	277	0
745	277	0
767	277	0
789	277	0
815	277	0
838	277	0
864	277	0
889	277	0
910	277	0
936	277	0
961	277	0
986	277	0
1007	277	0
1029	277	0
5	308	1
30	308	1
46	308	1
67	308	1
92	308	1
117	308	1
145	308	1
166	308	0
184	308	0
201	308	0
228	308	0
251	308	0
276	308	0
294	308	0
317	308	0
333	308	0
359	308	0
382	308	0
406	308	0
427	308	0
456	308	0
482	308	0
506	308	0
529	308	1
553	308	1
574	308	1
600	308	1
626	308	1
649	308	1
671	308	1
699	308	1
723	308	1
745	308	1
767	308	1
789	308	0
815	308	0
838	308	0
864	308	0
889	308	0
910	308	0
936	308	0
961	308	0
986	308	0
1007	308	0
1029	308	0
5	347	0
34	349	0
55	348	1
75	349	1
96	348	1
120	347	1
147	346	1
168	343	1
184	343	1
201	336	1
228	336	1
251	336	1
276	336	1
294	336	0
317	336	0
333	336	0
359	336	0
382	336	0
406	336	0
427	336	0
456	336	0
482	336	0
506	336	0
529	336	0
553	336	0
574	336	0
600	336	0
626	336	1
649	336	1
671	336	1
699	336	1
723	336	1
745	336	1
767	336	1
789	336	1
815	336	1
838	336	1
864	336	1
889	336	0
908	332	0
939	331	0
961	336	0
986	336	0
1007	336	0
1029	336	0
8	377	0
35	378	0
51	378	0
73	376	0
95	376	0
119	375	0
148	375	1
167	376	1
185	376	1
211	373	1
228	367	1
251	367	1
276	367	1
294	367	1
317	367	1
333	367	1
359	367	1
382	367	1
406	367	1
427	367	0
456	367	0
482	367	0
506	367	0
529	367	0
553	367	0
574	367	0
600	367	0
626	367	0
649	367	0
671	367	0
699	367	0
723	367	0
745	367	1
767	367	1
789	367	1
815	367	1
838	367	1
864	367	1
889	367	1
911	359	1
938	359	1
963	356	0
983	359	0
1004	355	0
1027	355	0
5	401	0
30	401	0
46	401	0
67	401	0
92	401	0
117	401	0
145	401	0
166	401	0
184	401	0
201	401	0
228	401	0
251	401	0
276	401	1
294	401	1
317	401	1
333	401	1
359	401	1
382	401	1
406	401	1
427	401	1
456	401	1
482	401	1
510	403	0
529	401	0
553	401	0
574	401	0
600	401	0
626	401	0
649	401	0
671	401	0
699	401	0
723	401	0
745	401	0
767	401	0
789	401	0
815	401	0
838	401	0
864	401	0
889	401	0
910	401	0
938	398	1
961	392	1
990	391	1
1007	401	0
1029	401	0
5	428	1
30	428	0
46	428	0
67	428	0
92	428	0
117	428	0
145	428	0
166	428	0
184	428	0
201	428	0
228	428	0
251	428	0
276	428	0
294	428	0
319	432	0
333	428	0
359	428	0
382	428	0
406	428	1
427	428	1
456	428	1
482	428	1
506	428	1
529	428	1
553	428	1
574	428	1
600	428	1
626	428	1
649	428	0
671	428	0
699	428	0
723	428	0
745	428	0
767	428	0
789	428	0
815	428	0
838	428	0
864	428	0
889	428	0
910	428	0
936	428	0
961	428	0
986	428	0
1007	428	0
1029	428	0
5	456	1
30	456	1
46	456	1
67	456	1
92	456	1
117	456	1
145	456	0
166	456	0
184	456	0
201	456	0
228	456	0
251	456	0
276	456	0
294	456	0
317	456	0
333	456	0
359	456	0
382	456	0
406	456	0
427	456	0
456	456	0
482	456	0
506	456	1
529	456	1
553	456	1
574	456	1
600	456	1
626	456	1
649	456	1
671	456	1
699	456	1
723	456	1
745	456	1
767	456	0
789	456	0
815	456	0
838	456	0
864	456	0
889	456	0
910	456	0
936	456	0
961	456	0
986	456	0
1007	456	0
1029	456	0
3	494	0
27	495	1
46	495	1
67	491	1
94	490	1
119	490	1
146	488	1
166	481	1
184	481	1
201	481	1
228	481	1
251	481	0
276	481	0
294	481	0
317	481	0
333	481	0
359	481	0
382	481	0
406	481	0
427	481	0
456	481	0
482	481	0
506	481	0
529	481	0
553	481	0
574	481	0
600	481	1
626	481	1
649	481	1
671	481	1
699	481	1
723	481	1
745	481	1
767	481	1
789	481	1
815	479	0
838	481	0
864	481	0
889	481	0
910	481	0
936	481	0
961	481	0
986	481	0
1007	481	0
1029	481	0
5	520	0
30	520	0
46	520	0
67	521	0
92	520	0
117	520	0
145	520	1
166	520	1
184	520	1
201	520	1
228	520	1
251	520	1
276	520	1
294	520	1
317	515	1
335	514	1
356	513	1
382	520	0
406	520	0
427	520	0
456	520	0
482	520	0
506	520	0
529	520	0
553	520	0
574	520	0
600	520	0
626	520	0
649	520	0
671	520	0
699	520	0
723	515	1
743	514	1
767	511	1
790	511	1
815	508	1
839	504	1
870	507	1
889	520	0
910	520	0
937	530	1
960	530	1
986	520	1
1007	520	1
1029	520	0
5	546	0
30	546	0
46	546	0
67	546	0
92	546	0
117	546	0
145	546	0
166	546	0
184	546	0
201	546	0
228	546	0
251	546	1
276	546	1
294	546	1
317	546	1
333	546	1
359	546	1
382	546	1
406	546	1
427	546	1
456	546	1
482	546	0
506	546	0
529	546	0
553	546	0
574	546	0
600	546	0
626	546	0
649	546	0
671	546	0
699	546	0
723	546	0
745	546	0
767	546	0
789	546	0
815	546	0
838	546	0
864	546	0
889	546	0
910	546	0
936	546	0
961	546	0
986	546	0
1007	546	0
1029	546	0
5	571	0
30	571	0
46	571	0
67	571	0
92	571	0
117	571	0
145	571	0
166	571	0
184	571	0
201	571	0
228	571	0
251	571	0
276	571	0
294	571	0
317	571	0
333	571	0
359	571	1
382	571	1
406	571	1
427	571	1
456	571	1
482	571	1
506	571	1
529	571	1
553	571	1
574	571	1
600	571	1
626	571	0
649	571	0
671	571	0
699	571	0
723	571	0
745	571	0
767	571	0
789	571	0
815	571	0
838	571	0
864	571	0
889	571	0
910	571	0
936	571	0
961	571	0
986	571	0
1007	571	0
1029	571	0
5	597	1
30	597	1
46	597	1
67	597	1
92	597	1
117	597	0
145	597	0
166	597	0
184	597	0
201	597	0
228	597	0
251	597	0
276	597	0
294	597	0
317	597	0
333	597	0
359	597	0
382	597	0
406	597	0
427	597	0
456	597	0
482	597	1
506	597	1
529	597	1
553	597	1
574	597	1
600	597	1
626	597	1
649	597	1
671	597	1
699	597	0
723	597	0
745	597	0
767	597	0
789	597	0
815	597	0
838	597	0
864	597	0
889	597	0
910	597	0
936	597	0
961	597	0
986	597	0
1007	597	0
1029	597	0
5	624	1
30	624	1
46	624	1
67	624	1
92	624	1
117	624	1
145	624	1
166	624	1
184	624	1
201	624	1
228	624	1
251	624	0
274	626	0
291	626	0
317	624	0
333	624	0
359	624	0
382	624	0
406	624	0
427	624	0
456	624	0
482	624	0
506	624	0
529	624	0
553	624	1
574	624	1
600	624	1
626	624	1
649	624	1
671	624	1
699	624	1
723	624	1
745	624	1
767	624	0
789	624	0
815	624	0
838	624	0
864	624	0
889	624	0
910	624	0
936	624	0
961	624	0
986	624	0
1007	624	0
1029	624	0
5	655	0
30	655	0
46	655	0
67	655	0
92	655	0
117	655	1
145	655	1
166	655	1
184	655	1
201	655	1
228	655	1
251	655	1
276	655	1
294	655	1
317	655	1
333	655	1
359	655	0
382	655	0
406	655	0
427	655	0
456	655	0
482	655	0
506	655	0
529	655	0
553	655	0
574	655	0
600	655	0
626	655	0
649	655	0
671	655	0
699	655	0
723	655	0
745	655	0
767	655	0
789	655	1
816	649	1
841	647	1
864	655	0
889	655	0
910	655	1
936	655	1
961	655	1
986	655	0
1007	655	0
1029	655	0
5	680	1
30	680	1
46	680	1
67	680	1
92	680	0
117	680	0
145	683	0
165	683	0
188	682	0
203	683	0
228	680	1
251	680	1
276	680	1
294	680	1
317	680	1
333	680	1
359	680	1
382	680	1
406	680	1
427	680	1
463	684	0
482	682	0
507	684	0
529	684	0
553	680	0
574	680	0
600	680	0
626	680	0
649	680	0
671	680	0
699	680	0
723	680	0
745	680	0
767	680	0
789	680	0
815	680	0
838	680	0
864	680	0
889	680	0
910	680	1
936	680	1
961	680	1
986	680	0
1007	680	0
1027	683	0
