8	11	1
38	11	1
60	11	0
87	11	1
112	11	0
144	11	0
172	11	1
193	11	1
220	11	0
251	11	1
284	11	0
320	11	0
350	11	1
384	11	1
420	11	1
445	11	1
470	11	0
502	11	1
532	11	1
555	11	0
582	11	0
610	11	1
636	11	1
664	11	1
690	11	1
715	11	1
738	11	0
766	11	0
796	11	0
819	11	0
844	11	1
870	11	1
893	11	1
917	11	1
941	11	1
969	11	1
991	7	0
1006	9	0
1029	11	0
8	31	0
38	31	0
60	31	1
87	31	1
112	31	0
144	31	1
172	31	1
193	31	0
220	31	0
251	31	0
284	31	0
320	31	0
350	31	0
384	31	0
420	31	0
445	31	1
470	31	1
502	31	1
532	31	1
555	31	1
582	31	0
610	31	0
638	35	0
664	31	0
690	31	0
715	31	1
738	31	1
766	31	1
796	31	1
819	31	1
844	31	0
870	31	0
893	31	0
917	31	0
941	31	1
969	31	1
994	31	1
1014	31	1
1029	31	1
8	57	0
38	57	1
60	57	1
87	57	0
112	57	0
144	57	0
172	57	0
193	57	0
220	57	1
251	57	0
284	57	0
320	57	0
350	57	0
384	57	1
420	57	0
445	57	0
470	57	0
502	57	0
532	57	1
555	57	1
582	57	1
610	57	1
636	57	1
664	57	1
690	57	0
715	57	0
738	57	0
766	57	0
796	57	1
819	57	1
844	57	1
870	57	1
893	57	1
917	57	1
941	57	0
969	57	0
994	57	0
1014	57	0
1029	57	0
8	82	1
38	82	1
60	82	1
84	78	0
116	78	0
144	82	0
172	82	0
193	82	0
220	82	1
251	82	0
284	82	1
320	82	0
350	82	0
384	82	0
420	82	1
445	82	1
470	82	1
502	82	1
536	82	0
555	82	0
582	82	0
611	79	0
636	82	0
664	82	1
690	82	1
715	82	1
738	82	1
766	82	1
796	82	0
819	82	0
844	82	0
870	82	0
891	84	0
917	82	1
941	82	1
969	82	1
994	82	1
1014	82	1
1029	82	1
8	108	0
38	108	0
60	108	0
80	101	1
113	98	1
144	108	0
171	106	0
195	106	0
220	108	0
251	108	0
284	108	0
320	108	0
350	108	1
384	108	0
420	108	1
447	110	0
470	108	0
502	108	0
532	108	1
555	108	1
582	108	1
610	108	1
636	108	0
664	108	0
690	108	0
715	108	0
738	108	0
766	108	1
796	108	1
819	108	1
844	108	1
870	108	1
893	108	1
917	108	0
941	108	0
969	108	0
994	108	0
1014	108	1
1029	108	1
8	125	0
38	125	1
60	125	1
87	125	1
112	125	0
151	126	1
172	125	1
193	125	1
220	125	0
251	125	0
284	125	0
320	125	0
350	125	0
384	125	0
418	132	0
445	125	0
470	125	0
501	125	0
532	124	0
556	122	0
584	122	0
610	125	0
636	125	1
664	125	1
690	125	1
715	125	1
738	125	1
766	125	0
789	126	0
820	123	0
847	123	0
870	125	1
893	125	1
917	125	1
941	125	1
969	125	1
994	125	1
1016	125	0
1026	126	0
8	148	1
38	148	1
60	148	0
87	148	0
112	148	0
144	148	0
172	148	0
193	148	0
220	148	0
251	148	1
284	148	0
320	148	1
350	148	0
384	148	0
420	148	0
445	148	0
470	148	1
502	148	1
532	148	1
555	148	1
582	148	1
610	148	0
636	148	0
664	148	0
690	148	0
715	148	0
738	148	1
766	148	1
796	148	1
819	148	1
844	148	1
870	148	0
893	148	0
917	148	0
941	148	0
969	148	1
994	148	1
1014	148	1
1029	148	1
8	176	1
38	176	1
60	176	0
91	170	0
114	172	0
144	176	0
172	176	0
193	176	0
220	176	0
251	176	0
284	176	0
320	176	1
350	176	0
384	176	1
420	176	0
444	175	0
470	176	0
505	175	0
532	176	0
555	176	0
582	176	1
610	176	1
636	176	1
664	176	1
690	176	1
715	176	0
738	176	0
766	176	0
796	176	0
819	176	1
844	176	1
870	176	1
893	176	1
917	176	1
941	176	1
969	174	0
994	176	0
1014	176	0
1029	176	0
8	197	1
38	197	0
60	197	0
87	197	1
119	190	1
144	197	0
172	197	0
193	197	0
208	204	1
242	202	1
284	197	0
320	197	0
350	197	0
384	197	0
420	197	1
445	197	1
470	197	1
502	197	1
532	197	0
555	197	0
582	197	1
610	197	1
636	197	1
664	197	1
690	197	1
715	197	1
738	197	1
766	197	1
796	197	1
820	198	0
844	197	0
872	198	0
892	199	0
913	200	0
937	197	0
969	197	1
994	197	1
1014	197	1
1029	197	1
8	221	1
38	221	0
61	221	0
87	221	0
112	221	0
144	221	0
172	221	0
193	221	0
220	220	0
251	221	0
284	221	0
320	221	1
350	221	1
384	221	0
420	221	0
445	221	0
470	221	0
502	221	1
532	221	0
555	221	0
582	221	0
607	223	0
636	220	0
666	221	0
690	221	0
715	221	0
738	221	0
766	221	0
796	221	0
819	221	1
844	221	1
870	221	1
893	221	1
917	221	1
943	222	0
969	221	0
994	221	0
1014	221	0
1029	221	0
8	247	0
38	247	0
60	247	1
87	247	0
112	247	0
144	247	0
172	247	1
193	247	1
220	247	1
251	247	0
284	247	0
320	247	1
350	247	0
384	247	0
420	247	0
445	247	0
470	247	1
502	247	0
532	247	0
555	247	0
582	247	1
610	247	0
636	247	0
664	247	1
690	247	1
715	247	1
738	247	1
766	247	1
796	247	0
820	247	0
842	248	0
872	248	0
893	247	1
917	247	1
941	247	1
969	247	1
994	247	1
1014	247	1
1029	247	1
8	272	0
38	272	1
60	272	0
87	272	0
112	272	0
144	272	0
172	272	0
193	272	0
220	272	0
251	272	0
284	272	1
320	272	1
350	272	0
384	272	0
420	272	0
445	272	0
470	272	1
502	272	0
532	272	0
555	272	0
582	272	1
610	272	0
636	272	0
664	272	0
690	272	0
716	273	0
738	272	1
766	272	1
796	272	1
819	272	1
844	272	1
870	272	1
893	272	1
917	272	0
941	272	0
969	272	0
994	272	1
1014	272	1
1029	272	1
8	297	0
38	297	1
60	297	0
87	297	0
112	297	0
144	297	1
172	297	0
193	297	0
220	297	0
251	297	1
284	297	1
320	297	0
355	302	1
384	303	1
420	297	1
445	297	1
470	297	0
502	297	0
532	297	0
557	295	0
582	297	0
610	297	0
636	297	1
664	297	1
690	297	1
715	297	1
739	296	0
769	297	0
796	298	0
823	298	0
841	296	0
870	297	1
893	297	1
917	297	1
941	297	1
969	297	1
994	297	1
1013	298	0
1030	299	0
8	317	0
38	317	0
60	317	0
87	317	0
112	317	0
143	316	0
172	317	0
193	317	0
220	317	0
251	317	1
284	317	1
320	317	0
350	317	0
384	318	0
420	319	0
445	317	0
470	317	0
502	317	1
532	317	1
555	317	1
582	317	0
610	317	0
635	318	0
661	315	0
690	317	0
715	317	0
738	317	1
766	317	1
796	317	1
819	317	1
844	318	0
870	317	0
893	317	0
917	317	0
941	317	0
969	317	1
994	317	1
1014	317	1
1029	317	1
8	342	0
38	342	1
60	342	0
87	342	0
112	342	1
144	342	0
172	342	0
193	342	0
220	342	0
251	342	0
284	342	0
320	342	0
350	342	1
384	342	1
420	342	0
445	342	0
470	342	0
497	342	0
531	343	0
555	342	0
582	342	1
610	342	1
636	342	1
664	342	1
690	342	1
715	342	0
738	342	0
763	342	0
792	342	0
819	342	1
844	342	1
870	342	1
893	342	1
917	342	1
941	342	1
969	342	0
994	342	0
1014	342	0
1029	342	0
8	369	1
38	369	1
60	369	1
87	369	1
112	369	1
144	369	0
172	369	0
193	369	0
220	369	1
251	369	0
284	369	0
320	369	1
350	369	1
384	369	0
420	369	1
445	369	1
470	369	1
502	369	1
532	369	0
559	368	0
584	370	0
610	368	0
636	369	0
664	369	0
690	369	1
715	369	1
738	369	1
766	369	1
796	369	1
817	370	0
850	370	0
872	368	0
896	368	0
917	369	1
941	369	1
969	369	1
994	369	1
1014	369	1
1029	369	1
8	391	1
38	391	0
60	391	1
87	391	1
112	391	1
144	391	0
172	391	0
193	391	0
220	391	0
251	391	0
284	391	0
320	391	1
350	391	1
384	391	0
420	391	0
443	392	0
470	392	0
502	391	0
532	391	1
555	391	1
582	391	1
610	391	1
636	391	0
664	391	0
690	394	0
712	393	0
738	391	0
766	391	0
796	391	1
819	391	1
844	391	1
870	391	1
893	391	1
917	391	1
939	392	0
967	391	0
994	391	0
1014	391	0
1029	391	0
8	414	1
38	414	1
60	414	1
87	414	1
112	414	0
144	414	1
172	414	1
193	414	1
220	414	0
251	414	0
284	414	0
320	414	0
350	414	0
384	414	1
420	414	1
445	414	1
470	414	1
502	414	0
532	414	0
555	412	0
580	415	0
610	414	0
636	414	0
664	414	1
690	414	1
715	414	1
738	414	1
766	414	0
796	414	0
817	413	0
840	413	0
867	412	0
893	414	1
917	414	1
941	414	1
969	414	1
994	414	1
1014	414	1
1027	413	0
8	443	0
38	443	1
60	443	1
87	443	1
112	443	1
144	443	1
172	443	1
193	443	0
220	443	0
251	443	0
284	443	1
320	443	0
350	443	0
384	443	0
420	443	0
445	443	0
470	443	0
502	443	0
532	443	1
555	443	1
582	443	1
610	443	0
636	443	0
666	438	0
691	438	0
715	443	0
738	443	0
766	443	1
796	443	1
819	443	1
844	443	1
870	443	1
888	441	0
912	437	0
942	434	0
969	443	1
994	443	1
1014	443	1
1029	443	1
8	463	0
38	463	1
60	463	1
87	463	1
112	463	1
144	463	1
172	463	1
193	463	1
220	463	1
251	463	0
284	463	0
320	463	0
350	463	0
384	463	1
420	463	1
445	463	0
470	463	0
502	463	0
531	466	0
555	463	0
582	463	0
610	463	1
636	463	1
664	463	1
690	463	1
715	463	0
738	463	0
766	463	0
796	463	0
819	463	0
844	463	1
870	463	1
893	463	1
917	463	1
941	463	1
969	463	1
988	464	0
1012	462	0
1026	462	0
8	483	1
38	483	1
60	483	1
87	483	0
112	483	0
144	483	1
172	483	1
193	483	1
220	483	1
251	483	0
284	483	0
320	483	0
350	483	0
384	483	1
420	483	0
445	483	0
470	483	1
502	483	1
532	483	1
555	483	0
582	483	0
610	483	0
640	484	0
664	483	0
690	483	0
715	483	1
738	483	1
766	483	1
796	483	1
819	483	1
844	483	0
870	483	0
893	483	0
917	483	1
941	483	1
969	483	1
994	483	1
1014	483	1
1029	483	1
8	510	0
38	510	1
60	510	1
87	510	1
112	510	1
150	506	0
171	507	0
193	510	0
220	510	0
251	510	1
284	510	0
320	510	1
350	510	1
384	510	1
420	510	0
445	510	0
468	508	0
502	510	0
532	510	0
555	510	0
582	510	1
610	510	1
636	510	1
664	510	0
690	510	0
715	510	0
737	510	0
768	511	0
796	510	1
819	510	1
844	510	1
870	510	1
893	510	1
917	510	1
941	510	1
969	510	1
994	510	1
1014	510	0
1029	510	0
8	534	1
43	535	0
60	534	0
87	534	0
112	534	1
144	534	1
172	534	1
193	534	1
220	534	0
251	534	0
284	534	0
320	534	0
350	534	0
384	534	0
420	534	0
445	534	1
470	534	1
502	534	1
532	534	0
559	531	0
584	530	0
614	530	0
636	534	0
664	534	1
690	534	1
715	534	1
738	534	1
766	534	1
800	531	0
820	531	0
845	534	0
864	532	0
893	534	1
917	534	1
941	534	1
969	534	1
994	534	1
1014	534	0
1029	534	0
8	554	1
38	554	1
60	554	1
87	554	1
112	554	0
144	554	0
172	554	1
193	554	1
220	554	1
251	554	0
284	554	1
320	554	1
350	554	1
384	554	0
420	554	0
447	557	0
472	557	0
502	554	0
532	554	0
555	554	1
582	554	1
610	554	1
636	554	0
664	554	0
695	556	0
715	553	0
736	553	0
764	557	0
796	554	1
819	554	1
844	554	1
870	554	1
893	554	1
918	552	0
941	554	0
969	554	0
994	554	0
1014	554	0
1029	554	0
8	574	1
38	574	1
60	574	1
87	574	1
112	574	1
144	574	1
172	574	1
193	574	1
220	574	1
251	574	0
284	574	1
320	574	1
350	574	1
379	571	0
408	577	1
445	574	1
470	574	0
502	574	0
536	573	0
557	572	0
581	570	0
603	572	0
636	574	1
664	574	1
690	574	1
715	574	1
738	574	1
766	574	0
796	574	1
819	574	1
844	574	0
870	574	1
893	574	1
917	574	1
941	574	1
969	574	1
994	574	0
1014	574	0
1030	574	0
8	600	1
38	600	1
61	602	0
86	602	0
113	606	0
144	600	1
172	600	1
193	600	0
220	600	0
246	593	0
296	594	0
320	600	0
350	600	0
379	598	0
420	600	0
445	600	0
470	600	1
502	600	1
532	600	1
555	600	1
582	600	0
608	599	0
635	600	0
666	598	0
690	600	0
715	600	0
738	600	1
766	600	1
796	600	1
819	600	1
844	600	1
872	600	0
893	600	0
914	599	0
948	598	0
969	600	0
994	600	0
1014	600	1
1029	600	1
8	626	1
38	626	1
60	626	0
86	620	0
115	621	0
144	626	1
172	626	1
193	626	0
220	626	0
251	626	1
284	626	1
320	626	0
350	626	1
384	626	1
420	626	1
445	626	0
473	629	0
496	627	0
532	626	0
555	626	0
582	626	0
610	626	1
636	626	1
664	626	1
690	626	0
715	626	0
736	629	0
766	626	0
796	626	0
819	626	1
844	626	1
870	626	1
893	626	1
917	626	1
941	626	1
969	626	0
994	626	0
1015	623	0
1029	626	0
8	648	0
38	648	1
60	648	1
87	648	1
112	648	1
147	646	0
169	646	0
192	646	0
216	645	0
252	642	0
284	648	0
320	648	0
350	648	1
384	648	0
420	648	0
445	648	1
470	648	1
502	648	1
534	646	0
555	648	0
582	648	0
608	643	0
640	648	0
664	648	0
690	648	1
715	648	1
738	648	1
766	648	1
796	648	1
819	648	1
844	648	0
870	648	0
892	647	0
916	647	0
941	648	1
969	648	1
994	648	1
1014	648	1
1029	648	1
8	672	1
38	672	0
60	672	0
87	672	0
112	672	1
144	672	1
172	672	1
196	668	1
226	667	1
253	661	1
284	672	1
320	672	1
350	672	1
384	672	0
424	674	0
451	674	0
476	670	0
502	672	0
532	672	0
555	672	1
582	672	1
610	672	1
636	672	1
664	672	0
690	672	0
710	671	0
739	670	0
770	670	0
789	670	0
819	672	1
844	672	1
870	672	1
893	672	1
917	672	1
944	670	0
968	669	0
989	669	0
1012	670	0
1029	672	0
