7	6	1
26	6	0
48	6	0
72	6	0
96	6	1
119	6	0
142	6	0
169	6	1
192	6	1
216	6	0
240	6	0
261	6	0
287	6	0
314	6	0
339	6	0
363	6	0
391	6	0
418	6	0
442	6	1
467	6	0
491	6	0
519	6	0
547	12	1
568	9	0
592	6	0
612	6	0
636	6	0
667	6	0
694	6	0
725	6	1
752	6	1
778	6	0
801	6	1
822	6	0
845	6	0
865	6	0
887	6	0
907	6	0
932	6	0
956	6	1
982	6	1
1005	5	0
1027	6	0
7	26	1
30	24	0
48	26	0
72	26	0
96	26	0
119	26	0
142	26	0
169	26	1
192	26	1
215	25	0
240	26	1
261	26	1
287	26	0
314	26	0
339	26	0
363	26	0
391	26	0
418	26	1
442	26	1
467	26	0
491	26	0
519	26	0
546	32	0
567	26	0
591	25	0
612	26	1
636	26	0
667	26	0
694	26	0
725	26	0
752	26	0
778	26	0
801	26	1
822	26	0
845	26	0
865	26	1
887	26	0
907	26	0
932	26	0
956	26	1
982	26	1
1004	26	1
1027	26	1
7	45	0
26	45	0
48	45	0
72	45	0
96	45	0
119	45	0
142	45	1
169	45	1
192	45	0
216	45	1
240	45	1
261	45	1
287	45	0
314	45	1
339	45	1
363	45	0
391	45	0
418	47	0
442	45	0
467	45	0
491	45	0
519	45	0
545	45	0
567	45	0
592	45	0
612	45	1
636	45	0
667	45	1
694	45	1
725	45	0
752	45	0
778	45	0
801	45	1
822	45	0
845	45	1
865	45	1
887	45	0
907	45	0
932	45	1
956	45	0
982	45	0
1004	45	1
1027	45	1
7	65	0
26	65	0
48	65	0
72	65	0
96	65	0
119	65	0
142	65	1
169	65	1
192	65	1
216	65	1
240	65	0
261	65	0
287	65	0
314	65	1
339	65	1
363	65	0
391	65	1
418	65	0
442	65	0
467	65	0
491	65	0
519	65	0
545	65	0
567	65	0
592	65	0
612	65	0
636	65	0
667	65	1
694	65	1
725	65	0
747	67	1
778	65	0
801	65	0
822	65	0
845	65	0
865	65	0
887	65	0
907	65	0
932	65	1
956	65	0
982	65	0
1005	63	0
1029	66	0
7	87	0
26	87	0
48	87	0
72	87	0
96	87	0
119	87	0
142	87	0
169	87	1
192	87	1
216	87	1
240	87	0
261	87	0
287	87	0
314	87	0
339	87	0
363	87	0
391	87	1
418	87	0
442	87	0
467	87	0
491	87	0
519	87	0
545	87	0
567	87	0
592	87	0
612	87	0
636	87	0
667	87	0
694	87	0
725	87	0
752	87	0
778	87	0
801	87	0
822	87	1
845	87	0
865	87	0
887	87	0
907	87	0
932	87	0
956	87	0
976	88	1
998	85	1
1022	84	1
7	115	0
27	113	0
48	114	1
72	114	1
96	114	1
119	114	0
142	114	0
169	114	0
192	114	0
216	114	0
240	114	1
261	114	1
287	114	1
314	114	0
339	114	0
363	114	0
391	114	1
418	114	0
442	114	1
467	114	1
491	114	0
519	114	0
545	114	0
567	114	0
592	114	0
619	106	1
636	114	0
667	114	0
692	112	0
727	112	0
752	114	0
778	114	0
803	114	0
822	114	1
845	114	0
865	114	0
877	114	1
907	114	0
932	114	0
956	116	0
987	112	0
1004	114	0
1027	114	0
7	138	1
26	138	1
48	138	1
72	138	1
96	138	0
119	138	1
142	138	1
169	138	1
192	138	0
216	138	0
240	138	1
265	140	0
287	138	0
314	138	0
336	138	1
363	138	0
391	138	0
418	138	0
442	138	0
467	138	0
491	138	0
519	138	1
545	138	0
567	138	0
591	138	0
612	138	0
636	138	0
667	138	0
693	132	1
720	132	1
752	138	0
778	138	0
801	138	0
822	138	0
845	138	0
865	138	0
887	138	0
907	138	0
932	138	0
956	138	1
982	138	1
1004	138	0
1027	138	0
7	162	0
26	162	0
48	162	0
72	162	0
96	162	0
119	162	0
142	162	0
169	162	0
192	162	0
216	162	1
240	162	1
261	162	1
287	162	0
314	162	0
339	162	0
363	162	0
390	163	0
418	162	1
445	159	0
469	159	0
491	162	0
519	162	0
545	162	0
567	162	0
592	162	1
615	163	0
636	162	0
668	163	0
694	162	0
725	162	0
752	162	0
775	160	1
801	162	0
822	161	0
845	162	1
865	162	0
887	162	0
907	162	0
932	162	0
956	162	0
982	162	1
1004	162	1
1027	162	1
7	183	0
26	183	0
48	183	0
72	183	0
96	183	1
119	183	1
142	183	0
169	183	0
192	183	0
216	183	0
240	183	0
260	182	0
284	186	1
314	183	0
339	183	0
363	183	0
391	183	0
418	183	0
442	183	1
467	183	1
491	183	1
519	183	0
545	183	0
567	183	0
592	183	0
612	183	0
636	183	0
667	183	1
694	183	0
725	183	0
752	183	0
778	183	0
801	183	0
822	183	0
845	183	1
865	183	0
887	183	0
907	183	1
932	183	1
956	183	0
982	183	1
1004	183	1
1030	184	0
7	207	0
26	207	0
48	207	0
72	207	1
96	207	1
119	207	1
142	207	0
169	207	1
192	207	1
216	207	0
240	207	0
261	207	0
287	208	0
314	207	0
339	207	0
359	211	1
391	207	0
418	207	0
442	207	1
467	207	1
491	207	1
519	207	0
546	207	1
567	207	0
592	207	0
612	207	0
636	207	0
666	207	0
694	207	0
725	207	1
753	204	0
778	207	0
801	207	0
822	207	0
845	207	0
865	207	0
887	207	0
905	209	0
932	207	0
956	207	1
982	207	1
999	205	1
1027	207	0
7	236	0
26	236	0
48	236	0
72	236	1
96	236	1
119	236	0
142	236	0
169	236	0
192	236	0
216	236	1
240	236	1
266	236	1
287	236	0
314	236	0
339	236	0
363	236	0
391	236	0
418	236	1
442	236	1
467	236	0
491	236	0
519	236	0
545	236	0
567	236	0
592	236	0
612	236	1
636	236	1
667	236	0
694	233	0
725	236	0
752	236	0
778	236	0
798	229	1
822	236	0
845	236	1
865	236	1
887	236	0
907	236	0
932	236	0
956	236	0
982	236	0
1004	236	0
1027	236	1
7	265	1
26	265	0
48	265	0
72	265	0
96	265	0
119	265	1
142	265	1
169	265	0
192	265	0
216	265	0
238	267	0
261	265	0
287	265	0
314	265	1
342	265	0
363	265	0
391	265	0
418	265	0
442	265	0
467	265	0
491	265	1
519	265	1
545	265	0
567	265	0
592	265	0
612	265	0
636	265	0
663	265	0
693	262	1
725	265	0
752	263	0
778	265	0
801	265	0
822	265	0
845	265	1
865	265	1
887	265	0
907	265	0
932	265	1
956	265	0
982	265	0
1004	265	0
1027	265	1
7	292	1
26	292	0
50	289	0
72	292	0
96	292	0
119	292	1
142	292	1
169	292	0
191	293	0
216	292	1
240	292	0
261	292	0
287	292	0
314	292	1
342	292	0
363	292	0
391	292	1
418	292	0
442	292	0
467	292	0
491	292	0
519	292	1
545	292	0
565	298	1
592	292	0
612	292	0
636	292	0
667	292	0
694	292	0
725	292	0
752	292	1
778	292	0
801	292	0
822	292	0
845	292	0
865	292	0
887	292	0
907	292	0
932	292	1
959	292	0
980	290	0
1004	292	1
1027	292	0
7	319	1
26	319	1
47	317	1
68	317	1
96	319	0
119	319	0
142	319	0
169	319	0
192	319	0
216	319	1
240	319	0
261	319	0
287	319	0
314	319	0
339	319	0
363	319	0
391	319	1
418	319	0
442	319	0
467	319	0
491	319	0
519	319	0
545	319	0
567	319	0
592	319	0
612	319	0
636	319	1
667	319	0
694	319	0
725	319	0
752	319	0
778	319	0
801	319	0
822	319	1
845	319	0
865	319	0
887	319	1
907	319	1
932	318	0
956	319	0
982	319	1
1004	319	1
1027	319	0
7	337	1
26	337	1
48	337	1
72	337	1
96	337	1
119	337	0
142	337	0
167	333	0
192	337	0
216	337	0
240	337	0
258	336	0
283	336	1
314	337	0
340	336	0
363	337	0
391	337	0
421	339	1
442	337	1
467	337	1
491	337	0
519	337	0
545	337	0
567	337	0
592	337	0
612	337	0
636	337	1
667	337	0
694	337	1
725	337	1
752	337	0
778	337	0
801	337	0
824	337	0
845	337	0
865	337	0
887	337	1
907	337	1
936	333	0
957	333	0
983	336	0
1004	337	0
1027	337	0
7	362	1
28	355	0
47	356	0
72	362	0
96	362	0
119	362	0
142	362	0
160	361	1
182	359	1
210	359	0
240	361	0
261	362	0
287	362	0
314	362	0
345	356	1
364	364	0
391	362	0
418	362	1
447	360	0
467	362	0
491	362	0
520	355	1
545	362	0
567	362	0
592	362	1
614	364	0
636	362	0
667	362	0
694	362	0
725	362	0
752	362	0
778	362	0
801	362	0
822	362	0
845	362	1
865	362	0
887	362	0
907	362	0
932	362	1
956	362	1
982	362	1
1004	362	1
1027	362	0
7	384	1
26	384	1
48	384	1
72	384	0
96	384	0
117	382	0
143	381	0
169	384	0
192	384	0
216	384	1
240	384	1
261	384	0
287	384	0
314	384	0
339	384	0
363	384	0
391	384	0
418	384	1
442	385	0
471	387	1
491	384	0
519	384	0
545	384	0
567	384	0
592	384	1
612	384	0
636	384	0
667	384	1
694	384	0
725	384	0
752	384	0
778	384	0
801	384	0
822	384	0
845	384	1
866	385	0
887	384	0
907	383	0
932	384	1
956	384	0
978	380	0
1004	384	1
1027	384	0
9	407	0
29	407	0
48	406	0
72	406	0
96	406	1
119	406	1
142	406	1
169	406	0
192	406	0
216	406	0
240	406	0
261	406	0
289	404	1
314	406	0
339	406	0
363	406	0
391	406	1
418	406	0
442	406	0
467	406	0
491	406	0
519	406	0
545	406	0
567	406	0
592	406	0
612	406	0
636	406	0
667	406	1
694	406	0
727	405	1
752	406	0
778	406	0
801	406	0
822	406	0
845	406	0
865	406	0
887	406	0
907	406	1
932	406	1
956	406	1
982	406	1
1004	406	1
1027	406	0
7	423	1
26	423	1
47	424	0
69	424	0
96	423	0
122	422	0
142	423	0
169	423	1
192	423	1
216	423	0
240	423	0
261	423	0
287	423	0
314	423	0
339	423	0
363	423	1
391	423	1
417	425	0
442	423	0
467	423	0
491	423	0
519	423	0
545	423	0
567	423	0
592	423	0
614	421	0
635	422	0
667	423	0
694	423	0
725	423	0
752	423	0
778	423	0
801	423	1
822	423	0
845	423	0
865	423	0
887	423	0
908	425	0
932	423	1
956	423	1
982	423	1
1004	423	1
1027	423	0
5	447	0
26	444	1
48	444	1
72	444	1
96	444	1
119	444	0
142	444	0
169	444	1
192	444	1
216	444	0
240	444	0
261	444	0
287	444	0
314	444	0
339	444	0
363	444	0
391	444	0
418	444	1
442	444	1
467	444	0
491	444	0
519	444	0
545	444	0
567	444	0
592	444	0
612	444	1
636	444	1
667	444	0
694	444	1
725	444	0
752	444	0
778	444	0
799	446	0
822	444	0
850	452	1
867	451	1
887	444	1
907	444	1
932	444	0
956	444	0
982	444	0
1004	444	0
1027	444	1
7	468	0
26	468	0
45	470	0
72	468	0
102	472	1
129	474	1
152	471	1
169	468	0
192	468	0
216	468	0
240	468	0
261	468	0
287	468	0
314	468	1
339	468	1
363	468	0
391	468	0
418	468	0
442	468	0
467	468	0
491	468	0
519	468	1
545	468	0
567	468	0
592	468	0
612	468	0
636	468	0
667	468	0
694	468	1
725	468	0
752	468	1
778	468	0
801	468	0
822	468	0
845	473	0
864	474	0
890	472	0
908	476	1
932	468	1
953	466	1
982	468	0
1004	468	0
1027	468	1
7	499	1
26	499	1
48	499	1
72	499	0
96	499	0
118	500	0
140	501	0
169	499	0
192	499	0
216	499	1
240	499	0
261	499	0
287	499	0
314	499	0
339	499	0
363	499	0
391	499	1
418	499	0
442	499	0
467	499	0
491	499	0
519	499	0
545	499	0
566	495	1
592	499	0
612	499	0
633	499	0
667	499	1
694	499	0
725	499	0
752	499	1
778	499	0
801	499	0
822	499	1
848	501	0
865	499	0
887	499	0
910	500	0
932	499	0
956	499	0
978	504	1
1002	502	1
1023	499	1
8	529	0
26	528	0
52	527	1
77	528	1
101	525	1
119	528	0
142	528	0
169	528	0
192	528	0
216	528	0
240	528	0
261	528	0
287	528	1
314	528	0
339	528	0
363	528	0
391	528	0
418	528	0
441	523	0
467	528	1
491	528	0
519	528	0
545	528	0
567	528	0
592	528	0
612	528	0
638	521	1
667	528	0
694	528	0
725	528	0
752	528	0
778	528	0
801	528	0
822	525	0
845	528	0
865	528	0
887	528	1
907	528	1
932	528	1
956	528	0
982	528	0
1004	528	0
1027	528	0
7	547	0
26	547	0
49	546	0
72	547	0
96	547	0
119	547	0
142	547	0
169	547	1
194	548	0
216	547	0
240	547	0
261	547	0
291	549	0
314	547	0
339	547	1
363	547	1
391	547	0
418	547	0
442	547	0
467	547	0
491	547	0
519	547	0
545	547	0
567	547	0
592	547	0
612	547	0
636	547	0
667	547	0
694	547	0
725	547	0
752	547	0
778	547	1
802	550	0
822	547	0
845	547	0
865	547	0
888	547	0
907	547	0
932	547	1
956	547	1
982	547	1
1004	547	0
1027	547	0
8	568	1
26	566	1
48	566	1
72	566	0
96	566	0
119	566	0
142	566	0
169	566	1
192	566	0
216	566	0
240	566	0
261	566	0
287	566	0
314	566	0
339	566	0
363	566	0
391	566	0
418	566	1
442	566	1
467	566	0
491	566	0
519	566	0
545	566	0
567	566	0
592	566	1
612	566	1
636	566	0
667	566	0
694	566	0
725	566	0
752	566	0
778	566	1
801	566	0
822	566	0
845	566	1
866	568	0
887	566	0
907	566	0
930	567	0
959	569	0
982	566	0
1004	566	0
1027	566	1
7	591	0
26	591	0
48	591	0
72	591	0
96	591	1
119	591	1
142	591	1
169	591	0
192	591	0
216	591	0
240	591	0
261	591	0
287	591	1
314	591	1
339	591	0
363	591	0
391	591	0
418	591	0
442	591	0
467	591	0
491	591	0
519	591	0
545	591	0
567	591	0
592	591	0
612	591	0
636	591	0
667	591	1
694	591	0
725	591	0
752	591	0
778	591	0
801	591	0
822	591	0
845	591	1
870	591	0
887	591	0
907	589	0
932	591	0
956	591	0
982	591	0
1004	591	0
1027	591	1
7	611	0
26	611	0
48	611	0
72	611	1
96	611	1
119	611	1
142	611	1
169	611	0
194	608	0
216	611	0
240	611	0
261	611	0
287	615	0
314	611	0
339	611	0
363	611	1
391	611	1
418	611	0
442	611	0
467	611	0
491	611	0
519	611	0
545	611	1
567	611	1
592	611	0
610	610	0
635	608	0
667	611	0
694	611	0
725	611	0
752	611	0
778	611	0
801	611	0
822	611	0
845	611	0
865	611	0
887	611	0
912	606	1
932	611	0
956	611	0
984	613	0
1004	611	0
1027	611	0
7	634	0
26	634	0
48	634	0
72	634	1
100	637	0
119	634	0
143	632	0
169	634	1
192	634	1
216	634	0
240	634	0
253	639	0
287	634	0
314	634	0
339	634	0
363	634	0
391	634	0
418	634	0
442	634	0
467	634	0
491	634	0
519	634	0
545	634	0
567	634	0
592	634	0
612	634	1
636	634	1
667	634	0
694	634	0
725	634	0
752	634	0
785	628	1
801	634	0
822	634	0
845	634	0
865	633	0
885	634	0
907	634	0
932	634	0
956	634	0
982	634	1
1004	634	1
1027	634	0
7	653	0
26	653	0
48	653	0
72	653	1
97	651	0
121	652	0
137	647	0
169	653	0
192	653	0
216	653	0
240	653	0
261	653	0
287	653	0
316	659	1
339	653	1
363	653	0
391	653	0
418	653	0
442	653	0
467	653	0
491	653	0
519	653	0
545	653	0
567	653	0
592	653	0
612	653	0
636	653	0
667	653	0
694	653	0
725	653	0
752	653	0
778	653	0
801	653	0
822	653	0
844	652	0
865	653	1
887	653	1
907	653	0
932	653	0
956	653	0
982	653	0
1004	653	0
1027	653	0
7	679	0
26	679	0
48	679	0
72	679	0
96	679	1
119	679	1
146	675	1
168	679	0
192	679	0
216	679	1
240	679	0
261	679	0
287	679	0
315	684	0
340	682	0
363	679	1
391	679	1
418	679	0
442	679	0
467	679	0
491	679	0
519	679	0
545	679	0
567	679	1
592	679	1
612	679	0
636	679	0
663	682	1
694	679	0
725	679	0
752	679	0
778	679	0
801	679	0
822	679	1
845	679	0
865	679	0
887	679	0
907	679	0
932	679	1
956	679	1
982	679	0
1004	679	0
1027	679	0
