8	9	1
31	9	1
56	9	1
82	9	1
107	9	0
134	9	0
158	9	0
183	9	0
209	9	0
235	9	0
261	9	0
287	9	0
312	9	0
340	9	0
367	9	0
393	9	1
419	9	1
445	9	1
472	9	1
499	9	1
524	9	1
550	9	1
575	9	1
602	9	1
626	9	1
652	9	1
679	9	1
704	19	0
730	9	1
757	9	1
783	9	1
810	9	1
836	9	1
862	9	1
886	9	1
910	9	0
935	9	1
955	9	1
979	9	1
1003	9	1
1028	9	1
8	45	1
31	45	1
56	45	1
82	45	1
107	45	1
134	45	1
158	45	1
183	45	1
209	45	1
235	45	0
261	45	0
287	45	0
312	45	0
340	45	0
367	45	0
393	45	0
419	45	0
445	45	0
472	45	0
499	45	1
524	45	1
550	45	1
575	45	1
602	45	1
626	45	1
652	45	1
679	45	1
705	45	1
730	45	1
757	45	1
784	41	0
810	45	1
836	45	1
862	45	1
886	45	1
910	45	1
935	45	1
955	45	1
977	37	0
1003	45	1
1028	45	1
8	81	1
31	81	1
56	81	1
82	81	1
107	81	1
134	81	1
158	81	1
183	81	1
209	81	1
235	81	1
261	81	1
287	81	1
312	81	1
340	81	0
367	80	0
393	81	0
419	79	0
445	81	0
472	81	0
499	81	0
524	81	0
550	81	0
575	81	0
602	81	0
626	81	0
652	81	0
679	81	1
705	81	1
731	88	0
757	81	1
783	81	1
810	81	1
836	81	1
856	67	0
886	81	1
910	81	1
932	82	0
955	81	1
979	81	1
1003	81	1
1028	81	1
8	107	0
33	111	0
55	110	0
82	107	0
107	107	1
134	107	1
158	107	1
183	107	1
209	107	1
235	107	1
261	107	1
287	107	1
312	107	1
340	107	1
367	107	1
393	107	1
419	107	1
445	107	1
472	107	1
499	107	1
524	107	1
550	107	1
575	107	0
602	107	0
626	107	0
652	107	0
679	107	1
705	107	1
730	107	1
757	107	1
783	107	1
810	107	0
836	107	1
862	107	1
886	107	1
910	107	1
935	107	1
955	107	1
979	107	1
1003	107	0
1028	107	1
8	133	0
31	133	0
56	133	0
82	133	0
107	133	0
132	135	0
158	133	0
183	133	0
207	134	0
235	133	1
261	133	1
287	133	1
312	133	1
340	133	1
367	133	1
393	133	1
419	133	1
445	133	1
472	133	1
499	133	1
524	133	1
550	133	1
575	133	1
602	133	1
626	133	1
652	133	1
679	133	1
705	133	0
730	133	1
757	133	1
783	133	1
810	133	1
836	133	1
863	133	0
886	133	0
910	133	1
935	133	1
955	133	1
979	133	1
1003	133	1
1028	133	1
8	159	1
31	159	1
56	159	1
82	159	0
107	159	0
134	159	0
158	159	0
183	159	0
209	159	0
235	159	0
261	159	0
287	159	0
312	159	0
340	159	0
367	159	1
393	159	1
419	159	1
445	159	1
472	159	1
499	159	1
524	159	1
550	159	1
575	159	1
602	159	1
626	159	1
652	159	1
679	159	1
705	159	1
730	159	1
757	159	0
783	159	1
810	159	1
836	159	1
862	159	1
886	159	1
910	159	1
935	159	1
955	159	0
979	159	1
1003	159	1
1028	159	1
8	186	1
31	186	1
56	186	1
82	186	1
107	186	1
134	186	1
158	186	1
183	186	1
209	186	0
235	186	0
261	186	0
287	186	0
312	186	0
340	186	0
367	186	0
393	186	0
419	186	0
445	186	0
472	186	1
499	186	1
524	186	1
550	186	1
575	186	1
602	186	1
626	186	1
652	186	1
679	186	1
705	186	1
730	186	1
757	186	1
783	186	1
810	186	1
836	186	0
862	186	1
886	186	1
910	186	1
935	186	1
955	186	1
979	186	1
1003	186	1
1030	183	0
8	216	1
31	216	1
56	216	1
82	216	1
107	216	1
134	216	1
158	216	1
183	216	1
209	216	1
235	216	1
261	216	1
287	216	1
312	216	0
340	216	0
367	216	0
393	216	0
419	216	0
445	216	0
472	216	0
499	216	0
524	216	0
550	216	0
575	216	0
602	216	1
626	216	1
652	216	1
679	216	1
705	216	1
730	216	1
757	216	1
783	216	1
810	216	1
836	216	1
862	216	1
886	216	1
911	207	0
935	216	1
955	216	1
979	216	1
995	223	0
1028	216	1
8	240	1
31	240	1
56	240	1
82	240	1
107	240	1
134	240	1
158	240	1
183	240	1
209	240	1
235	240	1
261	240	1
287	240	1
312	240	1
340	240	1
367	240	1
393	240	1
419	240	0
447	242	0
472	240	0
499	240	0
524	240	0
550	240	0
575	240	0
602	240	0
626	240	0
652	240	0
679	240	1
705	240	1
730	240	1
757	240	1
784	235	0
810	240	1
836	240	1
862	240	1
886	240	1
910	240	1
935	240	1
955	240	1
979	240	1
1003	240	1
1028	240	1
8	261	0
31	261	0
56	261	0
82	261	1
107	261	1
134	261	1
158	261	1
183	261	1
209	261	1
235	261	1
261	261	1
287	261	1
312	261	1
340	261	1
367	261	1
393	261	1
419	261	1
445	261	1
472	261	1
499	261	1
524	261	1
553	268	1
575	268	1
603	268	1
626	261	1
652	261	0
679	261	1
705	261	1
730	261	1
757	261	1
783	261	1
810	261	1
836	261	1
866	258	0
886	261	1
910	261	1
935	273	0
955	261	1
979	261	1
1003	261	1
1028	261	1
8	295	1
31	295	0
56	295	0
82	295	0
107	295	0
134	295	0
158	295	0
183	295	0
209	295	1
235	295	1
261	295	1
287	295	1
312	295	1
340	295	1
367	295	1
393	295	1
419	295	1
445	295	1
472	295	1
499	295	1
524	295	1
550	295	1
575	295	1
602	295	1
626	295	1
652	295	1
679	295	1
705	295	1
730	295	1
757	295	1
783	295	1
812	298	0
836	295	1
862	295	1
886	295	1
910	295	1
935	295	1
955	295	1
979	295	1
1007	293	0
1028	295	0
8	327	1
31	327	1
56	327	1
82	327	1
107	327	1
134	327	1
158	327	1
183	327	0
209	327	0
235	327	0
261	327	0
287	327	0
312	327	0
337	328	0
367	327	0
391	328	0
416	327	0
445	327	1
472	327	1
499	327	1
524	327	1
550	327	1
575	327	1
602	327	1
626	327	1
652	327	1
679	327	1
707	328	0
730	327	1
757	327	1
783	327	1
810	327	1
836	327	1
862	327	1
886	324	0
910	327	1
935	327	1
955	327	1
979	327	1
1003	327	1
1028	327	1
8	353	1
31	353	1
56	353	1
82	353	1
107	353	1
134	353	1
158	353	1
183	353	1
209	353	1
235	353	1
261	353	1
287	353	0
312	353	0
338	354	0
365	352	0
393	353	0
419	353	0
445	353	0
472	353	0
495	355	0
524	353	0
550	353	0
575	356	0
602	353	0
626	353	0
652	353	1
679	353	1
705	353	1
730	353	1
757	353	1
783	353	0
810	353	1
836	353	1
862	353	1
886	353	1
910	353	1
935	353	1
954	351	0
979	353	0
1003	353	1
1028	353	1
8	376	1
31	376	1
56	376	1
82	376	1
107	376	1
134	376	1
158	376	1
183	376	1
209	376	1
235	376	1
261	376	1
287	376	1
312	376	1
340	376	1
367	376	1
393	376	0
419	376	0
445	376	0
472	376	0
499	376	0
524	376	0
550	376	0
575	376	0
602	376	0
626	376	0
652	376	0
679	376	1
705	376	1
730	376	1
757	376	1
783	376	1
810	376	1
836	376	1
862	376	0
886	376	1
910	376	1
935	376	1
955	376	1
979	376	1
1003	376	1
1028	376	1
8	407	0
31	407	0
56	407	0
82	407	0
107	411	0
134	407	0
158	407	1
183	407	1
209	407	1
235	407	1
261	407	1
287	407	1
312	407	1
340	407	1
367	407	1
393	407	1
419	407	1
445	407	1
472	407	1
499	407	0
524	407	0
549	401	0
582	396	0
602	403	0
626	407	0
652	407	0
679	407	1
705	407	1
730	407	1
757	407	1
783	407	1
810	407	1
836	407	1
862	407	1
886	407	1
910	407	1
931	399	0
955	407	1
979	407	1
1003	403	1
1028	407	1
8	435	1
31	435	0
56	435	0
82	435	0
107	435	0
134	435	0
158	435	0
183	435	0
209	435	0
235	435	0
260	437	0
287	435	1
312	435	1
340	435	1
367	435	1
393	435	1
419	435	1
445	435	1
472	435	1
499	435	1
524	435	1
555	429	1
576	421	1
603	428	0
627	427	0
650	429	0
680	436	0
705	435	1
730	435	1
757	435	1
783	435	1
812	428	0
836	435	1
862	435	1
879	443	0
910	435	1
935	435	1
955	435	1
979	435	1
1001	424	0
1028	435	1
8	465	1
31	465	1
56	465	1
82	465	1
111	463	0
131	465	0
159	463	0
189	463	0
209	465	0
235	465	0
261	465	0
287	465	0
312	465	0
340	465	0
364	465	0
393	465	1
419	465	1
445	465	1
472	465	1
499	465	1
524	465	1
550	465	1
575	465	1
602	465	1
626	465	1
652	459	1
681	457	0
705	465	1
730	465	1
755	476	0
783	465	1
810	465	1
836	465	1
862	465	1
886	465	1
910	465	1
935	465	1
951	467	0
979	465	1
1003	465	1
1028	465	1
8	497	1
27	494	1
59	490	1
80	491	1
107	487	1
134	487	1
158	487	1
183	487	1
209	487	1
235	487	1
261	487	0
287	486	0
312	487	0
340	487	0
367	487	0
393	487	0
419	487	0
445	487	0
472	487	1
499	487	1
524	487	1
550	487	1
575	487	1
602	487	1
626	487	1
652	487	1
679	487	1
705	487	1
730	487	1
757	487	1
783	487	1
810	487	1
828	491	0
862	487	1
886	487	1
910	487	1
935	487	1
955	487	1
979	487	1
1003	487	1
1025	488	0
8	527	1
31	527	1
56	527	1
82	527	1
107	527	1
134	527	1
158	527	1
183	527	1
209	527	1
235	527	1
261	527	1
287	527	1
312	527	1
340	527	0
367	527	0
393	527	0
419	527	0
445	527	0
472	527	0
499	527	0
524	527	0
550	527	0
575	527	0
602	527	0
624	525	1
663	523	1
679	527	1
705	527	1
730	527	1
757	527	1
783	527	1
810	527	1
836	527	1
862	527	1
886	527	1
901	522	0
935	527	1
955	527	1
979	539	0
1003	527	1
1028	527	1
7	567	0
28	570	0
53	566	0
82	563	0
107	563	1
134	563	1
158	563	1
183	563	1
209	563	1
235	563	1
261	563	1
287	563	1
312	563	1
340	563	1
367	563	1
393	563	1
419	563	1
445	563	1
472	563	0
499	563	0
523	561	0
550	555	0
575	563	0
602	563	0
626	563	0
652	563	0
679	563	1
705	563	1
730	563	1
757	563	1
785	547	0
810	563	1
836	563	1
862	563	0
886	563	0
910	563	1
935	563	1
955	563	1
979	563	1
1003	563	1
1032	566	0
8	594	0
31	594	0
57	590	0
82	594	0
107	594	0
134	594	0
158	594	0
183	594	0
209	594	0
235	594	1
261	594	1
287	594	1
312	594	1
340	594	1
367	594	1
393	594	1
419	594	1
445	594	1
472	594	1
499	594	1
522	590	1
547	589	1
566	585	1
602	594	1
626	594	1
652	594	1
679	594	1
705	594	1
730	594	0
757	594	1
783	594	1
810	594	1
836	594	1
862	594	1
886	594	1
910	594	1
935	594	0
955	594	0
979	594	1
1003	594	1
1028	594	1
8	622	1
31	622	1
56	622	1
82	622	0
107	622	0
134	622	0
157	622	0
183	622	0
209	622	0
235	622	0
261	622	0
287	622	0
312	622	0
340	622	1
367	622	1
393	622	1
419	622	1
445	622	1
472	622	1
499	622	1
524	622	1
550	622	1
575	622	1
602	622	1
626	622	1
652	622	1
679	622	1
705	622	1
730	622	1
757	622	1
783	622	1
815	623	0
836	622	1
862	622	1
886	622	1
910	622	1
935	622	1
955	622	1
979	622	1
1003	622	0
1030	620	0
8	647	1
31	647	1
56	647	1
82	647	1
107	647	1
134	647	1
158	647	1
183	647	1
209	647	0
235	647	0
261	647	0
287	647	0
312	647	0
340	647	0
367	647	0
393	647	0
419	647	0
445	647	0
472	647	1
499	647	1
524	647	1
550	647	1
575	647	1
602	647	1
626	647	1
652	647	1
679	647	1
705	647	1
730	647	1
757	647	1
783	647	1
810	647	1
836	647	1
862	647	1
886	647	0
910	647	1
935	647	1
955	647	1
979	647	1
1003	647	1
1028	647	1
8	681	1
31	681	1
56	681	1
82	681	1
107	681	1
134	681	1
158	681	1
183	681	1
209	681	1
235	681	1
261	681	1
287	681	1
312	681	1
340	681	0
367	681	0
393	681	0
419	681	0
445	681	0
472	681	0
500	684	0
525	685	0
549	683	0
575	681	0
602	681	0
626	681	0
652	681	0
686	684	1
705	681	1
730	681	1
759	679	0
783	681	1
810	681	1
835	687	0
862	681	1
886	681	1
910	681	1
935	681	1
955	681	1
979	681	1
1003	681	1
1028	681	1
