4	6	0
16	6	0
50	6	0
74	6	0
110	6	0
138	6	1
162	6	1
181	6	1
207	6	1
234	6	1
265	6	1
290	6	1
309	6	1
346	6	0
363	6	0
381	6	0
408	7	0
430	6	0
456	6	0
479	6	0
500	6	0
516	6	0
539	6	0
562	6	0
579	6	0
602	6	0
626	6	0
644	6	0
661	6	0
686	6	0
701	6	0
727	6	0
754	6	0
781	15	1
815	12	1
838	12	1
863	12	1
891	6	1
920	6	1
948	6	1
973	6	0
1002	6	0
1026	6	0
4	30	0
16	30	0
50	30	0
74	30	0
110	30	0
138	30	0
162	30	1
181	30	1
207	30	1
234	30	1
265	30	1
290	30	1
309	30	1
346	30	1
363	30	1
381	30	1
407	30	1
430	30	0
456	30	0
480	29	0
499	30	0
516	30	0
539	30	0
562	30	0
579	30	0
602	30	0
626	30	0
644	30	0
661	30	0
686	30	0
701	30	0
731	38	0
755	36	0
779	39	0
810	39	0
838	43	0
861	43	0
903	43	1
919	43	1
945	43	1
975	41	1
999	37	1
1024	35	1
4	74	1
16	74	1
50	74	1
74	74	1
110	74	0
138	74	0
162	74	0
181	74	0
207	74	0
234	74	0
265	74	0
290	74	0
309	74	0
346	74	0
363	74	0
381	74	0
409	66	1
429	61	1
449	58	1
469	56	1
498	55	1
522	51	1
517	83	1
544	79	1
571	77	1
602	74	1
626	74	1
644	74	1
661	74	0
686	74	0
701	74	0
727	74	0
754	74	0
778	74	0
809	74	0
835	74	0
858	74	0
891	74	0
920	74	0
948	74	0
973	74	0
997	74	0
1026	74	1
4	110	1
16	110	1
50	110	1
74	110	1
110	110	1
138	110	1
162	110	1
181	110	0
208	107	0
234	110	0
265	110	0
290	110	0
309	110	0
346	110	0
363	110	0
381	110	0
407	110	0
430	110	0
456	110	0
479	110	0
500	110	0
516	110	0
539	110	0
562	110	0
579	110	0
602	110	1
626	110	1
644	110	1
661	110	1
686	110	1
701	110	1
727	110	1
754	110	0
778	110	0
809	110	0
835	110	0
858	110	0
891	110	0
920	110	0
948	110	0
973	110	0
1002	110	0
1026	110	0
4	139	0
16	139	0
50	139	0
74	139	1
110	139	1
138	139	1
164	131	1
184	131	1
202	133	1
235	131	1
265	139	0
290	139	0
311	136	0
346	139	0
363	139	0
381	139	0
407	139	0
430	139	0
456	139	0
479	139	0
500	139	0
516	139	0
539	139	0
562	139	0
579	139	0
602	139	0
626	139	0
644	139	0
664	140	0
686	139	0
701	139	0
727	139	1
754	139	1
778	139	1
809	139	1
835	139	1
858	139	1
891	139	1
920	139	0
948	139	0
973	139	0
1002	139	0
1026	139	0
4	167	0
16	167	0
50	167	0
74	167	0
110	167	0
138	167	0
162	167	0
181	167	0
207	167	0
234	167	1
265	167	1
290	167	1
309	167	1
346	167	1
363	167	1
381	167	1
409	161	0
435	164	0
456	167	0
479	167	0
500	167	0
516	167	0
539	167	0
562	167	0
579	167	0
602	167	0
626	167	0
644	167	0
661	167	0
686	167	0
701	167	0
731	170	0
754	167	0
778	167	0
809	167	0
835	167	1
858	167	1
891	167	1
920	167	1
948	167	1
973	167	1
1002	167	1
1026	167	0
4	200	1
16	200	1
50	200	0
74	200	0
110	200	0
138	200	0
162	200	0
181	200	0
207	200	0
234	200	0
265	200	0
290	200	0
309	200	0
346	200	1
363	200	1
381	200	1
407	200	1
430	200	1
456	200	1
479	200	1
500	200	0
516	200	0
539	200	0
562	200	0
579	200	0
602	200	0
626	200	0
644	200	0
661	200	0
686	200	0
701	200	0
727	200	0
754	200	0
778	200	0
809	200	0
835	200	0
858	200	0
891	200	0
927	201	1
948	200	1
973	200	1
1002	200	1
1026	200	1
4	237	1
16	237	1
50	237	1
74	237	1
110	237	1
138	237	1
162	237	0
181	237	0
207	237	0
234	237	0
265	237	0
290	237	0
309	237	0
346	237	0
363	237	0
381	237	0
407	237	0
430	237	1
456	237	1
479	237	1
500	237	1
516	237	1
539	237	1
562	237	1
579	237	1
600	236	1
626	237	0
644	237	0
661	237	0
686	237	0
701	237	0
727	237	0
754	237	0
778	237	0
809	237	0
835	237	0
858	237	0
891	237	0
920	237	0
948	237	0
973	237	0
1002	237	0
1026	237	0
4	271	0
16	271	0
50	271	1
74	271	1
110	271	1
138	271	1
162	271	1
181	271	1
207	271	1
234	271	0
265	271	0
290	271	0
309	271	0
346	271	0
363	271	0
381	271	0
407	271	0
430	271	0
456	271	0
479	271	0
500	271	0
516	271	0
539	271	0
564	263	1
582	265	1
602	263	1
629	263	1
643	263	1
662	263	1
683	263	1
697	263	1
719	263	1
753	269	0
778	271	0
809	271	0
835	271	0
858	271	0
891	271	0
920	271	0
948	271	0
973	271	0
1002	271	0
1026	271	0
4	298	0
16	298	0
50	298	0
74	298	0
110	298	0
138	298	1
162	298	1
181	298	1
207	298	1
234	298	1
265	298	1
290	298	1
309	298	1
346	298	1
363	298	1
381	298	0
407	298	0
430	298	0
456	298	0
479	298	0
500	298	0
516	298	0
539	298	0
562	298	0
579	298	0
602	298	0
626	298	0
644	298	0
661	298	0
686	298	1
701	298	1
727	298	1
754	298	1
778	298	1
809	298	1
835	298	0
858	298	0
891	298	0
918	297	0
948	298	0
973	298	0
1002	298	0
1026	298	0
4	323	0
16	323	0
50	323	0
74	323	0
110	323	0
138	323	0
162	323	0
181	323	0
207	328	0
234	323	0
265	323	1
290	323	1
309	323	1
346	323	1
363	323	1
381	323	1
407	323	1
430	323	1
456	323	0
479	323	0
500	323	0
516	323	0
539	323	0
562	323	0
579	323	0
602	323	0
626	323	0
644	323	0
661	323	0
686	323	0
701	323	0
729	322	0
754	323	0
778	323	1
809	323	1
835	323	1
858	323	1
891	323	1
920	323	1
948	323	0
973	323	0
1002	323	0
1026	323	0
4	361	0
16	361	0
50	361	0
74	361	0
110	361	0
138	361	0
162	361	0
181	361	0
207	361	0
234	361	0
265	361	0
290	361	0
309	361	0
346	361	0
363	361	1
381	361	1
407	361	1
430	361	1
456	361	1
479	361	1
500	361	1
516	361	1
539	361	1
562	361	1
579	361	0
602	361	0
626	361	0
644	361	0
661	361	0
686	361	0
701	361	0
727	361	0
754	361	0
778	361	0
809	361	0
835	361	0
858	361	0
891	361	0
919	356	1
950	354	1
972	354	1
1003	353	1
1030	349	1
4	397	1
16	397	1
50	397	1
74	397	1
110	397	0
138	397	0
162	397	0
181	397	0
207	397	0
234	397	0
265	397	0
290	397	0
309	397	0
346	397	0
363	397	0
381	397	0
407	397	0
430	397	0
456	397	0
479	397	0
503	397	0
516	397	1
539	397	1
562	397	1
579	397	1
602	397	1
626	397	1
644	397	1
661	397	1
686	397	0
701	397	0
727	397	0
754	397	0
778	397	0
809	397	0
835	397	0
858	397	0
891	397	0
920	397	0
948	397	0
973	397	0
1002	397	0
1026	397	0
4	431	1
16	431	1
50	431	1
74	431	1
110	431	1
138	431	1
162	431	1
181	431	1
207	431	1
234	431	1
265	431	0
290	431	0
309	431	0
346	431	0
363	431	0
381	431	0
407	431	0
430	431	0
456	431	0
479	431	0
500	431	0
516	431	0
539	431	0
562	431	0
579	431	0
602	431	0
626	431	1
644	431	1
661	431	1
686	431	1
701	431	1
727	431	1
754	431	1
778	431	1
809	431	0
835	431	0
858	431	0
891	431	0
920	431	0
948	431	0
973	431	0
1002	431	0
1026	431	0
4	471	0
16	471	0
50	471	0
74	471	1
110	471	1
138	471	1
162	471	1
181	471	1
207	471	1
234	471	1
265	471	1
290	471	1
309	471	1
346	471	0
363	471	0
381	471	0
407	471	0
430	471	0
456	471	0
479	471	0
500	471	0
516	471	0
539	471	0
562	471	0
579	471	0
602	471	0
626	471	0
644	471	0
661	471	0
686	471	0
701	471	0
727	471	0
754	471	1
778	471	1
809	471	1
835	471	1
858	471	1
891	471	1
920	471	0
948	471	0
973	471	0
1002	471	0
1026	471	0
4	505	0
16	505	0
50	505	0
74	505	0
110	505	0
138	505	0
162	505	0
181	505	0
207	505	1
234	505	1
265	505	1
290	505	1
309	505	1
346	505	1
363	505	1
381	505	1
407	505	1
430	505	0
456	505	0
479	505	0
500	505	0
516	505	0
539	505	0
562	505	0
579	505	0
602	505	0
626	505	0
644	505	0
661	505	0
686	505	0
701	505	0
727	505	0
754	505	0
778	505	0
809	505	0
835	505	0
858	505	0
888	510	1
920	505	1
948	505	1
973	505	1
1002	505	1
1026	505	0
4	527	0
16	527	0
50	527	0
74	527	0
110	527	0
138	527	0
162	527	0
181	527	0
207	527	0
239	537	0
261	535	0
287	537	0
314	544	1
343	542	1
365	543	1
383	542	1
410	543	1
430	540	1
453	539	1
478	540	1
497	543	1
515	541	1
535	531	0
562	527	0
579	527	0
602	527	0
626	527	0
644	527	0
661	527	0
686	527	0
701	527	0
727	527	0
754	527	0
778	527	0
810	533	0
839	537	0
864	537	0
892	539	0
922	539	0
953	542	0
976	542	1
996	539	1
1025	547	1
6	561	1
23	564	1
47	565	1
69	563	1
105	560	1
138	571	0
162	571	0
181	571	0
207	571	0
234	571	0
265	571	0
290	571	0
309	571	0
346	571	0
363	571	0
381	571	0
407	571	0
430	573	0
453	572	0
479	571	1
500	571	1
516	571	1
539	571	1
562	571	1
579	571	1
602	571	1
626	571	1
644	571	0
661	571	0
686	571	0
701	571	0
727	571	0
754	571	0
778	571	0
809	571	0
835	571	0
858	571	0
891	571	0
920	571	0
948	571	0
973	571	0
1002	571	0
1026	571	0
4	596	1
16	596	1
50	596	1
74	596	1
110	596	1
138	596	1
162	596	0
181	596	0
207	596	0
234	596	0
265	596	0
290	596	0
309	596	0
346	596	0
363	596	0
381	596	0
407	596	0
430	596	0
456	596	0
479	602	0
497	602	0
517	607	0
536	606	0
563	610	1
584	610	1
603	608	1
623	609	1
646	609	1
666	609	1
688	605	1
707	607	1
730	605	1
754	596	1
778	596	1
809	596	0
835	596	0
858	596	0
891	596	0
920	596	0
948	596	0
973	596	0
1002	596	0
1026	596	0
6	636	1
19	636	1
47	637	1
76	635	0
108	635	0
138	624	1
162	624	1
181	624	1
207	624	1
234	624	1
265	624	1
290	624	0
309	624	0
346	624	0
363	624	0
381	624	0
402	631	0
431	628	0
455	631	0
476	631	0
496	633	0
519	633	0
539	636	0
563	636	0
587	640	0
607	640	0
628	640	0
647	639	0
668	642	0
685	639	0
707	640	1
731	637	1
755	639	1
783	637	1
812	637	1
835	635	1
859	635	1
889	633	1
920	624	0
948	624	0
973	624	0
1002	624	0
1026	624	0
6	680	1
21	680	1
49	683	1
75	683	1
110	682	1
134	683	1
162	672	0
181	672	0
207	672	0
237	661	1
263	663	1
291	667	1
312	667	1
341	667	1
363	672	1
381	672	1
407	672	1
430	672	0
456	672	0
479	672	0
500	672	0
516	672	0
539	672	0
562	672	0
579	672	0
602	672	0
626	672	0
644	672	0
661	672	0
686	672	0
701	672	0
727	672	0
754	672	0
778	672	0
809	672	1
835	672	1
858	672	1
891	672	1
920	672	1
948	672	1
973	672	1
1002	672	1
1026	672	1
