5	12	0
21	12	0
42	12	0
67	12	0
91	12	0
121	12	0
141	12	0
164	10	0
188	7	1
211	6	1
242	8	0
269	10	1
299	8	1
334	12	1
362	12	0
391	12	0
414	12	1
432	12	1
463	12	0
484	12	0
502	12	1
533	12	1
557	12	1
592	12	0
618	12	1
650	12	1
690	12	1
707	12	0
743	12	1
778	12	1
827	18	0
865	19	1
891	20	1
912	25	1
942	23	0
959	24	1
974	23	1
997	27	1
1018	25	1
1033	28	1
5	54	0
21	54	0
42	54	0
67	54	0
91	54	0
121	54	0
141	54	0
171	54	0
191	43	1
216	43	1
235	43	1
259	43	1
296	43	0
323	43	1
360	48	1
391	54	0
414	54	0
432	54	1
463	54	1
484	54	1
502	54	1
528	51	0
554	54	1
582	54	1
618	54	1
650	54	0
690	54	1
707	54	1
753	55	0
788	57	1
815	54	1
848	60	1
878	54	0
904	61	1
936	63	1
959	65	1
983	67	0
1003	67	0
1021	68	1
1035	72	1
5	87	1
21	98	0
42	98	0
67	98	0
91	98	0
121	98	0
141	98	0
171	98	1
193	98	1
213	98	0
244	94	1
267	94	1
295	94	1
334	98	0
362	98	0
391	98	1
414	98	1
432	98	1
463	98	0
484	98	1
502	98	1
533	98	1
542	98	1
582	98	0
618	98	1
650	98	1
690	98	0
714	99	1
743	98	1
778	98	1
815	98	0
852	98	1
878	98	1
895	98	1
933	98	0
959	109	1
975	111	1
998	112	1
1031	123	0
1031	105	0
5	135	0
21	135	0
42	135	0
67	135	0
91	135	0
121	135	0
141	135	1
171	135	1
193	135	1
213	135	1
237	135	1
264	135	0
298	135	1
327	134	1
362	135	0
391	135	0
414	135	1
432	135	1
463	135	1
484	135	1
502	135	0
533	135	1
542	135	1
582	135	1
618	135	0
650	135	1
690	135	1
707	135	1
743	135	0
778	135	1
815	135	1
851	146	0
887	146	1
910	146	1
934	151	1
955	146	0
977	149	0
999	156	1
1016	154	1
1031	155	1
5	184	0
21	184	0
42	184	0
67	184	0
91	184	0
121	184	0
145	179	1
172	176	0
202	179	1
222	178	1
239	179	1
267	179	1
291	179	1
329	179	0
362	184	1
391	184	1
414	184	1
432	184	0
463	184	1
484	184	1
513	184	1
549	181	0
591	183	1
619	183	1
639	184	1
668	182	0
705	185	1
731	186	1
755	191	1
790	193	0
820	193	1
849	196	1
869	196	1
899	200	0
934	195	1
961	198	1
978	196	1
1000	198	1
1029	207	0
1030	184	0
5	230	0
21	230	0
42	230	0
67	230	0
91	230	0
115	223	0
139	217	1
168	216	1
195	216	1
216	219	1
239	219	0
275	215	1
308	225	0
331	224	1
362	230	0
391	230	1
414	230	1
432	230	1
455	230	1
484	230	0
502	230	1
533	230	1
563	229	1
599	230	0
628	232	1
650	230	1
690	230	1
716	231	0
754	231	1
788	234	1
827	237	0
858	240	1
883	245	1
908	241	1
929	241	1
956	244	0
980	247	1
999	247	1
1015	245	1
1031	249	1
5	271	0
21	271	0
42	271	0
67	271	0
91	271	0
121	271	0
141	271	0
171	271	1
193	271	1
213	271	1
237	271	1
264	271	0
298	271	0
334	271	1
362	271	1
391	271	0
414	271	0
432	271	1
463	271	1
484	271	1
502	271	1
533	271	0
559	274	1
582	271	1
618	271	1
650	271	0
686	271	1
707	271	1
743	271	1
773	275	0
799	277	1
823	278	1
846	279	1
881	279	0
915	281	1
939	281	1
961	285	1
983	286	1
1004	287	0
1031	292	1
5	327	0
21	327	0
42	327	0
67	327	0
91	327	0
121	327	1
141	327	1
171	327	1
193	323	1
213	327	0
240	320	1
269	323	0
295	323	1
334	327	0
362	327	1
391	327	1
414	327	1
432	327	1
463	327	0
484	327	1
502	327	1
533	327	1
542	327	1
582	327	0
618	327	1
650	327	1
690	327	0
716	328	1
743	327	1
778	327	1
815	327	0
852	327	1
878	327	1
895	327	1
933	327	0
957	342	1
976	341	1
999	341	1
1014	342	1
1029	343	0
5	373	0
21	373	0
42	373	0
67	373	0
91	373	0
121	373	1
141	373	1
171	373	1
193	373	1
213	373	1
237	373	0
264	373	0
298	373	1
319	374	1
340	371	1
379	369	0
414	373	1
432	373	1
463	373	1
484	373	0
502	373	0
533	373	1
554	375	1
582	373	1
618	373	0
650	373	1
676	371	1
707	373	1
736	379	0
775	383	1
811	386	1
855	383	0
887	387	1
904	387	1
933	386	1
958	391	0
975	388	0
993	396	1
1016	388	1
1032	388	1
5	425	0
21	425	0
42	425	0
67	427	1
91	425	0
121	425	0
141	425	0
171	425	0
200	423	1
213	425	0
237	425	1
264	425	1
298	425	0
334	425	1
362	425	1
391	425	1
414	425	0
432	425	0
463	425	1
484	425	1
502	425	1
533	425	0
542	425	0
582	425	1
618	425	1
650	425	0
690	425	1
707	425	1
743	425	1
778	425	0
815	425	1
852	425	1
878	425	0
895	425	0
933	425	1
955	425	1
972	425	1
994	425	0
1016	425	0
1030	425	0
5	486	0
21	486	0
42	486	0
67	486	0
99	479	0
132	475	1
152	471	1
179	471	1
196	476	0
215	475	0
231	475	0
267	479	1
307	477	1
334	486	0
371	484	1
391	486	1
414	486	1
432	486	1
463	486	0
492	487	1
515	486	1
533	486	1
557	487	1
582	486	0
618	486	1
650	486	1
677	486	1
707	486	0
743	486	1
778	486	1
815	486	0
853	496	1
880	499	1
901	499	1
935	499	0
960	494	1
980	496	1
1003	497	1
1023	499	1
1034	489	1
5	555	0
21	555	0
42	555	0
67	555	0
91	555	0
121	555	0
150	538	0
175	531	0
201	528	1
243	527	1
222	527	1
267	531	0
299	534	1
327	533	1
352	536	1
379	539	0
411	549	1
431	546	1
456	546	1
479	547	1
502	555	0
533	555	1
557	555	1
582	555	1
618	555	0
651	563	1
681	569	1
709	570	1
741	572	0
771	571	1
812	573	1
853	567	0
878	555	1
895	555	1
919	559	1
955	555	1
972	555	0
994	555	1
1016	555	1
1030	555	1
5	606	0
23	607	0
43	611	0
68	611	0
92	612	0
122	609	1
147	614	0
171	622	1
193	622	1
213	622	1
237	622	1
264	622	1
298	622	0
334	616	1
362	622	1
391	622	1
414	622	0
432	622	0
463	622	1
484	622	1
502	622	1
538	627	0
558	643	1
582	649	1
615	655	1
649	654	0
679	666	1
706	663	1
744	661	1
774	659	0
804	660	1
835	655	1
871	653	1
902	640	0
931	633	1
953	631	1
976	630	1
999	623	0
1016	622	1
1036	625	1
5	674	0
21	674	0
42	674	0
67	674	0
91	674	0
121	674	0
141	674	0
171	674	0
193	674	0
213	674	0
237	674	0
264	674	0
295	683	1
334	684	1
363	685	1
394	685	1
418	687	0
432	687	0
461	688	0
484	690	0
508	686	0
530	684	0
547	686	0
585	686	0
620	686	0
651	685	0
684	684	0
711	686	0
747	687	0
777	687	0
815	684	0
857	686	0
879	685	0
897	686	0
933	674	1
955	674	1
973	668	1
999	671	1
1016	669	1
1030	669	1
