6	16	1
32	16	1
65	16	1
84	16	1
99	16	1
124	16	1
153	16	1
181	16	1
229	16	1
255	16	0
284	16	0
296	16	0
336	16	0
363	16	0
391	16	0
413	16	0
433	16	0
467	16	0
485	16	0
511	16	0
525	16	0
558	16	0
580	16	1
607	16	1
633	16	1
662	16	1
682	16	1
698	16	1
720	16	1
741	16	1
761	16	1
792	16	1
822	16	0
847	16	0
873	16	0
890	16	0
921	16	0
946	16	0
978	16	0
1003	16	1
1027	16	1
6	47	0
32	47	0
65	47	0
84	47	0
99	47	1
124	47	1
153	47	1
181	47	1
229	47	1
255	47	1
284	47	1
296	47	1
336	47	1
363	47	0
391	47	0
413	47	0
433	47	0
467	47	0
485	47	0
511	47	0
525	47	0
546	44	0
580	47	0
607	47	0
633	47	0
662	47	0
682	47	0
698	47	1
720	47	1
741	47	1
761	47	1
792	47	1
822	47	1
847	47	1
873	47	1
890	47	1
921	47	0
946	47	0
978	47	0
1003	47	0
1027	47	0
6	81	0
32	81	0
65	81	0
84	81	0
99	81	0
124	81	0
153	81	0
181	81	0
229	81	1
255	81	1
284	81	1
296	81	1
336	81	1
363	81	1
391	81	1
413	81	1
433	81	1
467	81	1
485	81	0
511	81	0
525	81	0
558	81	0
580	81	0
607	81	0
633	81	0
662	81	0
682	81	0
698	81	0
720	81	0
741	81	0
761	81	0
792	81	0
822	81	1
847	81	1
873	81	1
890	81	1
921	81	1
946	81	1
978	81	1
1003	81	1
1027	81	0
6	112	0
32	112	0
65	112	0
84	112	0
99	112	0
124	112	0
153	112	0
181	112	0
229	112	0
255	112	0
284	112	0
296	112	0
336	112	1
363	112	1
391	112	1
413	112	1
433	112	1
467	112	1
485	112	1
511	112	1
525	112	1
558	112	0
580	112	0
607	112	0
633	112	0
662	112	0
682	112	0
698	112	0
720	112	0
741	112	0
761	112	0
792	112	0
822	112	0
847	112	0
873	112	0
890	112	0
921	112	0
946	112	1
978	112	1
1003	112	1
1027	112	1
6	143	1
32	143	1
65	143	1
84	143	1
99	143	0
124	143	0
153	143	0
181	143	0
229	143	0
255	143	0
284	143	0
296	143	0
336	143	0
363	143	0
391	143	0
413	143	0
433	143	1
467	143	1
485	143	1
511	143	1
525	143	1
558	143	1
580	143	1
607	143	1
633	143	1
662	143	1
682	143	0
698	143	0
720	143	0
741	143	0
761	143	0
792	143	0
822	143	0
847	143	0
873	143	0
890	143	0
921	143	0
946	143	0
978	143	0
1003	143	0
1027	143	0
6	172	1
32	172	1
65	172	1
84	172	1
99	172	1
124	172	1
153	172	1
181	172	1
229	172	0
255	172	0
284	172	0
296	172	0
336	172	0
363	172	0
391	172	0
413	172	0
433	172	0
467	172	0
485	172	0
511	172	0
525	172	0
558	172	1
580	172	1
607	172	1
633	172	1
662	172	1
682	172	1
698	172	1
720	172	1
741	172	1
761	172	1
792	172	0
822	172	0
847	172	0
873	172	0
890	172	0
921	172	0
946	172	0
978	172	0
1003	172	0
1027	172	0
6	205	0
32	205	0
65	205	1
84	205	1
99	205	1
124	205	1
153	205	1
181	205	1
229	205	1
255	205	1
284	205	1
296	205	1
336	205	0
363	205	0
391	205	0
413	205	0
433	205	0
467	205	0
485	205	0
511	205	0
525	205	0
558	205	0
580	205	0
607	205	0
633	205	0
662	205	1
682	205	1
698	205	1
720	205	1
741	205	1
761	205	1
792	205	1
822	205	1
847	205	1
873	205	1
895	206	0
921	205	0
946	205	0
978	205	0
1003	205	0
1027	205	0
6	240	0
32	240	0
65	240	0
84	240	0
99	240	0
124	240	0
153	240	0
181	240	1
229	240	1
255	240	1
284	240	1
296	240	1
336	240	1
363	240	1
391	240	1
413	240	1
436	243	0
467	240	0
485	240	0
511	240	0
525	240	0
558	240	0
580	240	0
607	240	0
633	240	0
662	240	0
682	240	0
698	240	0
720	240	0
741	240	0
761	240	0
792	240	1
822	240	1
847	240	1
873	240	1
890	240	1
921	240	1
946	240	1
978	240	0
1003	240	0
1027	240	0
6	268	0
32	268	0
65	268	0
84	268	0
99	268	0
124	268	0
153	268	0
181	268	0
229	268	0
255	268	0
284	268	1
296	268	1
336	268	1
363	268	1
391	268	1
413	268	1
433	268	1
467	268	1
485	268	1
511	268	1
525	268	1
558	268	0
580	268	0
607	268	0
633	268	0
662	268	0
682	268	0
698	268	0
720	268	0
741	268	0
761	268	0
792	268	0
822	268	0
847	268	0
873	268	0
897	267	1
921	268	1
946	268	1
978	268	1
1003	268	1
1027	268	1
6	294	1
32	294	1
65	294	1
84	294	0
99	294	0
124	294	0
153	294	0
181	294	0
229	294	0
255	294	0
284	294	0
296	294	0
336	294	0
363	294	0
391	294	1
413	294	1
433	294	1
467	294	1
485	294	1
511	294	1
525	294	1
558	294	1
580	294	1
607	294	1
633	294	1
662	294	0
682	294	0
698	294	0
720	294	0
741	294	0
761	294	0
792	294	0
822	294	0
847	294	0
873	294	0
890	294	0
921	294	0
946	294	0
978	294	0
1003	294	0
1027	294	1
6	318	1
32	318	1
65	318	1
84	318	1
99	318	1
124	318	1
153	318	1
181	318	0
229	318	0
255	318	0
284	318	0
296	318	0
336	318	0
363	318	0
391	318	0
413	318	0
433	318	0
467	318	0
485	318	0
511	318	1
525	318	1
558	318	1
580	318	1
607	318	1
633	318	1
662	318	1
682	318	1
698	318	1
720	318	1
741	318	1
761	318	0
792	318	0
822	318	0
847	318	0
873	318	0
890	318	0
921	318	0
946	318	0
978	318	0
1003	318	0
1027	318	0
6	345	1
32	345	1
65	345	1
84	345	1
99	345	1
124	345	1
153	345	1
181	345	1
229	345	1
255	345	1
284	345	1
296	345	0
336	345	0
363	345	0
391	345	0
413	345	0
433	345	0
467	345	0
485	345	0
511	345	0
525	345	0
558	345	0
580	345	0
607	345	0
633	345	1
662	345	1
682	345	1
698	345	1
720	345	1
741	345	1
761	345	1
792	345	1
822	345	1
847	345	1
873	345	0
890	345	0
921	345	0
946	345	0
978	345	0
1003	345	0
1027	345	0
6	382	0
32	382	0
65	382	0
84	382	0
99	382	0
124	382	0
153	382	1
181	382	1
229	382	1
255	382	1
284	382	1
296	382	1
336	382	1
363	382	1
391	382	1
413	382	0
433	382	0
467	382	0
485	382	0
511	382	0
525	382	0
558	382	0
580	382	0
607	382	0
633	382	0
662	382	0
682	382	0
698	382	0
720	382	0
741	382	1
761	382	1
792	382	1
822	382	1
847	382	1
873	382	1
890	382	1
921	382	1
946	382	1
979	381	0
1002	378	0
1029	377	0
6	404	0
32	404	0
65	404	0
84	404	0
99	404	0
124	404	0
153	404	0
181	404	0
229	404	0
255	404	1
284	404	1
296	404	1
336	404	1
363	404	1
391	404	1
413	404	1
433	404	1
467	404	1
485	404	1
511	404	0
525	404	0
558	404	0
580	404	0
607	404	0
633	404	0
662	404	0
682	404	0
698	404	0
720	404	0
741	404	0
761	404	0
792	404	0
822	404	0
847	404	1
873	404	1
890	404	1
921	404	1
946	404	1
978	404	1
1003	404	1
1027	404	1
6	438	1
32	438	1
65	438	0
84	438	0
99	438	0
124	438	0
153	438	0
181	438	0
229	438	0
255	438	0
284	438	0
296	438	0
336	438	0
363	438	0
391	438	1
413	438	1
433	438	1
467	438	1
485	438	1
511	438	1
525	438	1
558	438	1
580	438	1
607	438	1
635	432	0
662	431	0
682	431	0
702	431	0
723	434	0
741	438	0
761	438	0
792	438	0
822	438	0
847	438	0
873	438	0
890	438	0
921	438	0
946	438	0
978	438	1
1003	438	1
1027	438	1
6	460	1
32	460	1
65	460	1
84	460	1
99	460	1
124	460	0
153	460	0
181	460	0
229	460	0
255	460	0
284	460	0
296	460	0
336	460	0
363	460	0
391	460	0
413	460	0
433	460	0
467	460	1
485	460	1
511	460	1
525	460	1
558	460	1
580	460	1
607	460	1
633	460	1
662	460	1
682	460	1
698	460	1
720	460	0
741	460	0
761	460	0
792	460	0
822	460	0
847	460	0
873	460	0
890	460	0
921	460	0
946	460	0
978	460	0
1003	460	0
1027	460	0
6	491	1
32	491	1
65	491	1
84	491	1
99	491	1
124	491	1
153	491	1
181	491	1
229	491	1
255	491	1
284	491	0
296	491	0
336	491	0
363	491	0
391	491	0
413	491	0
433	491	0
467	491	0
485	491	0
511	491	0
525	491	0
558	491	1
580	491	1
607	491	1
633	491	1
662	491	1
682	491	1
698	491	1
720	491	1
741	491	1
761	491	1
792	491	1
822	491	1
847	491	0
873	491	0
890	491	0
921	491	0
946	491	0
978	491	0
1003	491	0
1027	491	0
6	522	0
32	522	0
65	522	0
84	522	0
99	522	1
124	522	1
153	522	1
181	522	1
229	522	1
255	522	1
284	522	1
296	522	1
336	522	1
363	522	1
391	522	0
413	522	0
433	522	0
467	522	0
485	522	0
511	522	0
525	522	0
558	522	0
580	522	0
607	522	0
633	522	0
662	522	0
682	522	0
698	522	1
720	522	1
741	522	1
761	522	1
792	522	1
822	522	1
847	522	1
873	522	1
890	522	1
921	522	0
946	522	0
978	522	0
1003	522	0
1027	522	0
6	550	0
32	550	0
65	550	0
84	550	0
99	550	0
124	550	0
153	550	0
181	550	0
229	550	1
255	550	1
284	550	1
296	550	1
336	550	1
363	550	1
391	550	1
413	550	1
433	550	1
467	550	1
485	550	0
511	550	0
525	550	0
558	550	0
580	550	0
607	550	0
633	550	0
662	550	0
682	550	0
698	550	0
720	550	0
741	550	0
761	550	0
792	550	0
822	550	1
847	550	1
873	550	1
890	550	1
921	550	1
946	550	1
978	550	1
1003	550	1
1027	550	0
6	578	0
32	578	0
65	578	0
84	578	0
99	578	0
124	578	0
153	578	0
181	578	0
229	578	0
255	578	0
284	578	0
296	578	0
336	578	1
363	578	1
391	578	1
413	578	1
433	578	1
467	578	1
485	578	1
511	578	1
525	578	1
558	578	1
580	578	0
607	578	0
633	578	0
662	578	0
682	578	0
698	578	0
720	578	0
741	578	0
761	578	0
792	578	0
822	578	0
847	578	0
874	584	0
895	587	0
923	595	1
947	588	1
976	585	1
1003	578	1
1027	578	1
6	615	1
32	615	1
65	615	1
84	615	1
99	615	1
124	615	0
153	615	0
181	615	0
229	615	0
255	615	0
284	615	0
296	615	0
336	615	0
363	615	0
391	615	0
413	615	0
433	615	1
467	615	1
485	615	1
511	615	1
525	615	1
558	615	1
580	615	1
607	615	1
633	615	1
662	615	1
682	615	0
698	615	0
720	615	0
741	615	0
761	615	0
792	615	0
822	615	0
847	615	0
873	615	0
890	615	0
921	615	0
946	615	0
978	615	0
1003	615	0
1027	615	0
6	640	1
32	640	1
65	640	1
84	640	1
99	640	1
124	640	1
153	640	1
181	640	1
229	640	0
255	640	0
284	640	0
296	640	0
336	640	0
363	640	0
391	640	0
413	640	0
433	640	0
467	640	0
485	640	0
511	640	0
525	640	0
558	640	1
580	640	1
607	640	1
633	640	1
662	640	1
682	640	1
698	640	1
720	640	1
741	640	1
761	640	1
792	640	0
822	640	0
847	640	0
873	640	0
890	640	0
921	640	0
946	640	0
978	640	0
1003	640	0
1027	640	0
6	670	0
32	670	0
65	670	0
84	670	1
99	670	1
124	670	1
153	670	1
181	670	1
229	670	1
255	670	1
284	670	1
296	670	1
336	670	0
363	670	0
391	670	0
413	670	0
433	670	0
467	670	0
485	670	0
511	670	0
525	670	0
558	670	0
580	670	0
607	670	0
633	670	0
662	670	1
682	670	1
698	670	1
720	670	1
741	670	1
761	670	1
792	670	1
822	670	1
847	670	1
873	670	1
890	670	1
921	670	0
946	670	0
978	670	0
1003	670	0
1027	670	0
